-0.408601 -0.698764 -0.148502 0
0.294949 0.190935 0.149219 2
-0.423729 -0.268968 0.614406 0
0.550262 0.251968 0.130611 0
0.454564 -0.233651 0.000359 1
0.463049 -0.383181 -0.390399 0
-0.166257 0.093971 0.056181 2
-0.189219 0.566732 0.074788 0
-0.421254 -0.230711 0.167826 0
-0.407280 -0.244574 0.595798 0
-0.260895 -0.357540 -0.111286 0
-0.207789 0.216130 -0.148502 0
0.352278 0.497698 0.223648 0
0.064104 0.585265 0.186433 0
-0.277120 0.133568 0.056181 0
-0.283466 0.025328 0.130611 2
-0.192903 -0.230153 -0.148502 1
-0.460888 -0.587994 -0.055464 0
0.423415 -0.202502 0.000359 1
-0.229039 0.372395 -0.185717 0
0.366494 0.066339 0.316686 2
0.465282 0.286113 0.242256 0
-0.470341 -0.189793 0.167826 0
0.628358 0.240747 0.037574 0
0.076403 -0.280523 -0.241539 1
0.381715 0.536830 0.242256 0
-0.207435 0.228150 -0.167109 0
0.336350 0.028696 0.298079 2
0.495426 -0.450410 -0.278754 0
-0.259202 0.302096 -0.167109 0
0.314896 -0.303857 -0.185717 0
-0.346657 -0.327563 -0.036857 0
0.559603 -0.322036 -0.278754 0
-0.412546 -0.159053 0.223648 0
0.063415 0.228597 0.056181 0
0.393140 -0.130361 0.186433 1
-0.470694 -0.103305 0.205041 0
0.442748 -0.265433 -0.018249 1
-0.098414 -0.412990 -0.427614 0
0.021939 0.209245 0.037574 0
0.344835 0.037200 0.298079 2
-0.131033 0.511803 -0.036857 0
-0.353690 -0.073236 0.242256 0
-0.666706 -0.009784 0.167826 0
0.225245 -0.400839 -0.353184 0
-0.604966 0.467182 0.260864 0
0.340332 0.059064 0.279471 2
0.016878 -0.338392 -0.427614 0
0.396062 -0.162273 0.018966 1
-0.528564 -0.061959 0.205041 0
-0.104182 0.263690 -0.222932 0
-0.562169 0.364692 0.223648 0
0.515429 0.461618 0.242256 0
-0.354360 -0.358377 -0.036857 0
0.188104 -0.164561 -0.204324 1
-0.443434 0.212762 0.056181 0
-0.017806 0.380229 -0.260146 0
0.381362 -0.174535 -0.055464 1
-0.312772 -0.275425 0.223648 1
0.604726 0.441969 0.260864 0
-0.410053 -0.372072 -0.129894 0
0.239256 -0.281472 -0.204324 0
-0.088347 -0.381655 -0.334577 0
0.600353 -0.317366 -0.222932 0
0.501920 0.597453 0.223648 0
0.195715 0.626388 0.186433 0
-0.364408 -0.274178 0.130611 1
-0.604966 0.534392 0.260864 0
-0.581874 0.038651 0.112003 0
0.037663 -0.514661 -0.334577 0
0.463049 -0.383181 -0.390399 0
-0.442932 -0.250751 0.502761 0
0.562729 0.390556 0.316686 0
-0.355328 -0.378175 -0.167109 0
0.323176 0.028994 0.205041 0
-0.336590 -0.716832 -0.222932 0
-0.599142 -0.201330 0.130611 0
-0.162889 0.429334 -0.092679 0
0.372393 0.423845 0.167826 0
-0.253712 0.532141 0.037574 0
0.336964 0.398260 0.037574 0
0.340332 0.050616 0.279471 2
-0.184548 0.303083 -0.204324 0
0.624953 0.631356 0.298079 0
0.158444 0.212762 0.056181 0
0.047525 -0.294963 -0.241539 1
-0.017025 -0.193887 -0.222932 1
-0.503071 0.284754 0.167826 0
0.234567 0.162931 0.130611 2
-0.266570 0.597844 0.149219 0
-0.208217 0.177687 -0.055464 0
-0.724668 0.571942 0.298079 0
-0.730976 0.475574 0.260864 0
0.456927 0.478328 0.242256 0
0.266516 0.392082 -0.055464 0
0.315528 0.421947 0.130611 0
0.702955 -0.281733 -0.055464 0
0.483964 -0.282216 -0.148502 0
-0.042517 0.135336 0.018966 2
0.277104 0.373196 -0.036857 0
0.222658 -0.331880 -0.222932 0
0.546131 -0.559133 -0.204324 0
0.348147 -0.322985 -0.260146 0
0.187490 0.618163 0.186433 0
0.245936 -0.192956 -0.148502 1
0.045552 0.256508 0.037574 0
-0.151334 0.106866 0.037574 2
0.544866 -0.264093 0.018966 0
-0.081109 0.551455 0.130611 0
-0.238324 -0.319915 -0.111286 1
0.633438 0.368227 0.298079 0
-0.388003 0.418654 0.056181 0
0.002662 -0.454224 -0.371791 0
-0.104089 -0.208307 -0.185717 1
0.026554 -0.273787 -0.222932 1
-0.255685 -0.053698 0.205041 2
-0.166257 -0.348050 -0.315969 0
-0.115626 0.504099 -0.036857 0
-0.454152 0.616135 0.205041 0
0.016543 -0.314482 -0.390399 0
-0.717058 0.620917 0.316686 0
0.224854 0.104875 0.074788 2
0.675137 0.301129 0.167826 0
-0.665254 0.580427 0.298079 0
0.220407 0.519469 0.186433 0
-0.083863 0.524493 -0.018249 0
-0.698339 0.531955 0.279471 0
-0.252931 0.550804 0.074788 0
-0.382402 -0.584961 -0.092679 0
0.532976 0.280921 0.186433 0
0.593673 0.582604 0.279471 0
0.607964 0.622871 0.298079 0
-0.257601 0.677484 0.167826 0
-0.169941 0.310395 -0.204324 0
-0.295207 -0.465575 -0.185717 0
0.194096 0.454324 0.130611 0
0.251016 -0.208121 -0.167109 1
-0.192903 -0.230153 -0.148502 1
-0.632803 0.020044 0.149219 0
0.690042 -0.251551 -0.074072 0
0.690042 -0.251551 -0.074072 0
0.654427 -0.227454 -0.036857 0
0.292846 -0.274457 -0.185717 1
-0.391985 0.177687 -0.055464 0
-0.613898 0.624843 0.279471 0
-0.073852 0.119668 0.018966 2
-0.529178 0.553540 0.242256 0
-0.350192 -0.633936 -0.129894 0
0.348147 -0.322985 -0.260146 0
0.525979 -0.225612 0.130611 0
0.184606 0.072684 0.018966 2
-0.364241 0.458251 0.056181 0
-0.283466 -0.681143 -0.111286 0
0.199994 -0.324828 -0.427614 0
0.279188 -0.378175 -0.371791 0
0.179452 0.288010 0.037574 0
0.465282 0.536830 0.242256 0
-0.174165 0.046448 0.056181 2
-0.184548 0.485771 -0.018249 0
0.584239 -0.328084 -0.297362 0
0.205688 -0.535669 -0.334577 0
0.344314 0.097544 0.260864 2
0.098063 -0.302182 -0.241539 0
0.322636 -0.505190 -0.353184 0
0.242661 0.146742 0.130611 2
-0.588685 -0.284394 0.093396 0
-0.323546 -0.304471 -0.036857 1
0.564032 -0.586096 -0.222932 0
-0.165345 -0.409659 -0.334577 0
0.032211 0.656681 0.130611 0
-0.520451 -0.411427 -0.074072 0
0.422410 0.649201 0.205041 0
0.017194 -0.583249 -0.297362 0
0.584239 -0.391870 -0.297362 0
-0.643298 -0.023423 0.186433 0
-0.433982 -0.643518 -0.111286 0
0.021939 0.185613 0.037574 0
0.571289 -0.600609 -0.222932 0
-0.206989 0.409145 -0.185717 0
-0.426464 -0.635982 -0.111286 0
0.435398 0.622387 0.223648 0
-0.166257 0.093971 0.056181 2
-0.486697 -0.197980 0.167826 0
-0.372651 -0.349631 -0.129894 0
0.472166 0.376712 0.298079 0
-0.570970 0.461618 0.242256 0
0.224854 0.112839 0.074788 2
-0.184548 0.532253 -0.018249 0
0.490048 -0.271927 0.018966 0
-0.244967 0.120803 0.074788 2
0.129919 0.577041 0.186433 0
0.286110 -0.322874 -0.371791 0
0.553016 -0.274383 -0.074072 0
0.344314 0.097544 0.260864 2
0.262385 -0.312919 -0.409007 0
0.184681 -0.479661 -0.334577 0
0.516899 -0.566427 -0.204324 0
-0.235682 0.054747 0.112003 2
-0.220386 -0.360926 -0.222932 0
-0.389975 -0.486564 -0.092679 0
-0.376057 -0.759592 -0.185717 0
0.435398 0.622387 0.223648 0
0.038463 -0.661214 -0.297362 0
-0.602175 -0.081014 0.186433 0
-0.262904 -0.396039 -0.241539 0
-0.503983 0.655639 0.223648 0
0.426038 -0.179726 0.186433 1
-0.042517 0.135336 0.018966 2
-0.376057 -0.759592 -0.185717 0
0.450284 -0.281733 -0.055464 1
0.195194 0.410801 -0.074072 0
-0.408601 -0.698764 -0.148502 0
0.029810 0.169871 0.037574 2
-0.359905 -0.734490 -0.204324 0
-0.276432 -0.342747 -0.092679 1
-0.118789 -0.318557 -0.185717 1
0.738607 0.098995 0.037574 0
0.495519 0.660402 0.260864 0
-0.421068 0.607855 0.205041 0
-0.278497 -0.389991 -0.222932 0
0.070133 -0.230209 -0.222932 1
0.476967 0.555884 0.223648 0
0.455792 -0.205684 0.074788 1
0.191677 -0.493672 -0.334577 0
0.171562 0.295881 0.037574 0
-0.072066 -0.401658 -0.409007 0
-0.470341 -0.109837 0.279471 0
0.496840 0.260546 0.205041 0
0.340332 0.059064 0.279471 2
0.150033 -0.172097 -0.222932 1
0.405124 -0.165250 0.167826 1
-0.189219 0.080983 0.074788 2
-0.445574 -0.595660 -0.055464 0
-0.602175 -0.081014 0.186433 0
0.435398 0.564202 0.223648 0
-0.581874 0.038651 0.112003 0
-0.017806 -0.369430 -0.390399 0
0.146368 0.585265 0.186433 0
0.485285 0.580837 0.223648 0
0.187490 0.552367 0.186433 0
0.126941 0.546580 0.167826 0
0.273941 -0.463435 -0.353184 0
0.279188 -0.378175 -0.371791 0
0.411729 -0.193607 0.018966 1
0.681129 0.181073 0.056181 0
-0.656118 0.515059 0.279471 0
0.336685 -0.183783 -0.092679 1
-0.707698 0.563457 0.298079 0
0.393829 -0.297344 -0.111286 0
0.290092 0.549967 0.205041 0
0.696964 0.109806 0.056181 0
0.273941 -0.463435 -0.353184 0
0.395745 -0.553774 -0.185717 0
0.498719 0.469973 0.242256 0
0.226064 -0.282570 -0.446222 0
0.623464 0.322044 0.186433 0
0.588966 -0.323841 -0.241539 0
0.205856 -0.296060 -0.446222 0
0.439864 -0.575824 -0.185717 0
0.509605 -0.573740 -0.204324 0
-0.338953 0.692203 0.186433 0
-0.674893 -0.075245 0.167826 0
-0.259202 0.316889 -0.167109 0
-0.535802 0.219293 0.167826 0
0.659860 0.339739 0.223648 0
0.666950 0.292941 0.167826 0
-0.247423 -0.681757 -0.260146 0
0.129342 0.478607 0.130611 0
0.522742 -0.254491 0.056181 0
0.495519 0.660402 0.260864 0
0.562729 0.390556 0.316686 0
-0.552995 -0.318427 0.037574 0
-0.291002 -0.666089 -0.111286 0
0.300196 -0.281807 -0.185717 0
0.455755 0.055845 0.391116 2
-0.462153 -0.206149 0.167826 0
0.344314 0.097544 0.260864 2
0.251723 -0.339137 -0.222932 0
-0.520302 -0.086782 0.205041 0
-0.419673 -0.185830 0.279471 0
0.412957 -0.297251 -0.129894 0
0.393829 -0.237131 -0.111286 1
-0.378866 -0.401230 -0.148502 0
-0.353690 -0.265451 0.242256 0
-0.512040 0.334957 0.205041 0
0.129919 0.634631 0.186433 0
0.317575 -0.267275 -0.167109 1
-0.486306 -0.232255 0.149219 0
0.262385 -0.319748 -0.409007 0
-0.326412 -0.215788 0.651621 0
0.455792 -0.205684 0.074788 1
-0.299654 0.567644 0.130611 0
0.582676 -0.581053 -0.204324 0
0.564032 -0.288301 -0.222932 0
-0.096739 0.394445 -0.185717 0
-0.339437 0.408327 -0.018249 0
0.039430 0.560592 0.186433 0
-0.599142 -0.209424 0.130611 0
0.150033 -0.135775 -0.222932 1
-0.429423 -0.173437 0.167826 0
0.495519 0.643600 0.260864 0
0.220407 0.519469 0.186433 0
-0.639613 0.041517 0.130611 0
0.523095 0.368227 0.298079 0
-0.552995 -0.318427 0.037574 0
0.302392 0.539268 0.223648 0
0.099198 -0.179354 -0.222932 1
0.034537 0.638539 0.149219 0
0.465282 0.286113 0.242256 0
0.340332 0.050616 0.279471 2
0.382106 -0.206484 -0.092679 1
0.318785 -0.355697 -0.390399 0
0.077836 -0.309532 -0.446222 0
0.302392 0.539268 0.223648 0
-0.724668 0.571942 0.298079 0
-0.599142 -0.209424 0.130611 0
0.593525 0.191624 0.112003 0
0.069184 -0.273303 -0.241539 1
-0.420156 -0.070463 0.260864 0
0.434747 0.382034 0.316686 0
-0.401381 -0.223752 0.316686 0
-0.392859 0.211478 -0.036857 0
-0.561034 -0.023423 0.186433 0
0.177684 -0.514661 -0.334577 0
0.016878 -0.338392 -0.427614 0
0.133324 -0.458746 -0.390399 0
-0.425013 -0.402012 -0.129894 0
0.037235 -0.447302 -0.371791 0
0.323176 0.103424 0.205041 2
0.134143 -0.186685 -0.241539 1
-0.215530 -0.342151 -0.129894 1
0.537181 0.223815 0.112003 0
0.129342 0.478607 0.130611 0
-0.630775 0.574175 0.279471 0
-0.018067 -0.468050 -0.371791 0
-0.004930 0.101247 0.000359 2
-0.259202 0.316889 -0.167109 0
0.266237 -0.346412 -0.222932 0
0.324758 0.291955 0.056181 0
-0.478770 -0.092941 0.279471 0
-0.352611 -0.763723 -0.204324 0
0.326097 -0.191970 -0.111286 1
-0.238324 -0.252184 -0.111286 1
-0.347866 -0.158588 0.465546 0
0.605396 0.382034 0.316686 0
0.266516 0.392082 -0.055464 0
0.105245 0.552367 0.186433 0
0.142776 -0.288301 -0.222932 0
-0.354360 -0.358377 -0.036857 0
-0.730976 0.475574 0.260864 0
-0.613898 0.591052 0.279471 0
0.033997 0.077876 0.000359 2
0.048343 -0.215676 -0.222932 1
0.105245 0.552367 0.186433 0
-0.545552 -0.017729 0.223648 0
0.055619 -0.201143 -0.222932 1
0.045068 -0.559375 -0.315969 0
-0.169532 0.442490 -0.036857 0
0.242661 0.146742 0.130611 2
-0.388300 -0.261971 0.186433 0
-0.602175 -0.089238 0.186433 0
0.177089 0.128767 0.074788 2
0.348296 0.561894 0.242256 0
0.189946 -0.267107 -0.185717 1
0.548867 0.478328 0.242256 0
0.239424 0.284140 0.018966 0
0.522816 -0.215974 0.149219 0
0.602400 -0.414739 -0.278754 0
0.189946 -0.208307 -0.185717 1
0.455494 0.252265 0.205041 0
0.335197 -0.267349 -0.148502 1
0.467180 -0.155034 0.186433 1
0.389735 -0.000034 0.372508 2
0.306950 0.178394 0.167826 2
0.265288 0.640939 0.205041 0
-0.127702 0.130498 0.037574 2
0.501920 0.597453 0.223648 0
0.250756 0.138648 0.130611 2
-0.206989 0.409145 -0.185717 0
0.266237 -0.346412 -0.222932 0
0.261697 -0.486657 -0.334577 0
0.498831 -0.473669 -0.260146 0
-0.517455 -0.235065 0.112003 0
0.148470 0.492042 0.149219 0
0.177089 0.160624 0.074788 2
-0.518869 0.028175 0.149219 0
0.472166 0.376712 0.298079 0
-0.549665 -0.218970 0.112003 0
-0.131033 0.511803 -0.036857 0
0.344835 0.037200 0.298079 2
0.053442 0.272250 0.037574 0
0.363722 -0.252184 -0.111286 1
0.343961 0.131912 0.223648 2
0.119703 -0.287743 -0.241539 0
-0.613898 0.591052 0.279471 0
-0.639222 0.523507 0.279471 0
-0.423487 -0.721074 -0.148502 0
0.239256 -0.281472 -0.204324 0
-0.192903 -0.230153 -0.148502 1
0.157290 -0.302833 -0.222932 0
-0.238324 -0.252184 -0.111286 1
-0.453762 0.451366 0.149219 0
0.287859 0.330882 -0.018249 0
-0.259202 0.316889 -0.167109 0
0.633438 0.419156 0.298079 0
-0.423487 -0.728499 -0.148502 0
-0.361357 -0.686092 -0.185717 0
0.470324 0.425185 0.260864 0
0.483889 0.396827 0.279471 0
-0.545552 -0.017729 0.223648 0
0.120987 -0.164840 -0.222932 1
-0.529178 -0.048153 0.242256 0
0.455494 0.252265 0.205041 0
-0.353690 -0.073236 0.242256 0
0.205688 -0.535669 -0.334577 0
0.263837 -0.300750 -0.390399 0
-0.230788 -0.267237 -0.111286 1
0.095085 0.204835 0.056181 0
-0.247423 -0.681757 -0.260146 0
-0.331250 0.403991 -0.036857 0
-0.144505 0.605975 0.149219 0
0.722865 0.059603 0.037574 0
-0.238324 -0.289808 -0.111286 1
0.016804 0.075327 -0.018249 2
-0.614065 -0.227027 0.112003 0
-0.723663 0.523507 0.279471 0
0.246550 -0.296079 -0.204324 0
-0.251796 0.242943 -0.167109 0
0.258980 -0.324623 -0.222932 0
0.037681 0.162000 0.037574 2
-0.597970 -0.235065 0.112003 0
0.348296 0.561894 0.242256 0
0.672811 0.330268 0.186433 0
-0.487013 -0.039202 0.298079 0
0.041961 -0.171855 -0.204324 1
0.347850 0.432033 0.167826 0
-0.520600 0.547567 0.223648 0
-0.412192 -0.006379 0.242256 0
-0.451919 -0.609374 -0.074072 0
-0.476202 -0.603307 -0.055464 0
0.038463 -0.590338 -0.297362 0
0.204367 -0.407780 -0.353184 0
0.442748 -0.265433 -0.018249 1
-0.034423 0.569989 0.112003 0
-0.095344 -0.388651 -0.334577 0
0.248746 -0.259757 -0.185717 1
0.386311 -0.229613 -0.111286 1
0.378775 -0.267237 -0.111286 1
-0.450524 -0.373021 -0.092679 0
0.633438 0.410671 0.298079 0
0.113470 0.626388 0.186433 0
-0.233058 0.603854 0.167826 0
0.448609 -0.202874 0.112003 1
-0.425013 -0.671355 -0.129894 0
-0.429088 -0.601744 -0.074072 0
0.275690 -0.563673 -0.334577 0
-0.401381 -0.223752 0.316686 0
-0.536844 0.310153 0.205041 0
-0.018253 -0.533008 -0.353184 0
0.306950 0.153850 0.167826 2
0.582676 -0.581053 -0.204324 0
0.469264 -0.568474 -0.185717 0
-0.215213 0.514017 0.000359 0
-0.336144 -0.238470 0.260864 0
-0.652750 -0.268372 0.093396 0
0.434747 0.382034 0.316686 0
0.722865 0.059603 0.037574 0
0.086675 -0.556677 -0.334577 0
0.045068 -0.538237 -0.315969 0
0.548550 0.410671 0.298079 0
0.394052 -0.323841 -0.241539 0
0.341244 0.370293 0.018966 0
-0.561648 -0.078502 0.205041 0
0.078357 -0.444995 -0.390399 0
-0.342712 -0.686316 -0.129894 0
0.393829 -0.237131 -0.111286 1
0.455792 -0.205684 0.074788 1
0.047525 -0.287743 -0.241539 1
0.478716 0.500787 0.260864 0
0.141362 -0.229985 -0.241539 1
-0.363627 0.593490 0.186433 0
-0.082040 -0.186257 -0.185717 1
-0.335734 -0.225110 0.651621 0
0.427099 0.614088 0.223648 0
0.513196 -0.571563 -0.222932 0
0.320664 -0.329777 -0.371791 0
0.180792 -0.252240 -0.204324 1
-0.104089 -0.208307 -0.185717 1
0.315119 0.104764 0.167826 2
-0.424994 -0.196938 0.502761 0
-0.512040 0.351499 0.205041 0
0.450489 -0.273173 -0.018249 1
0.395745 -0.553774 -0.185717 0
0.041961 -0.164561 -0.204324 1
0.537535 0.601584 0.260864 0
-0.536844 0.392845 0.205041 0
-0.260895 -0.365076 -0.111286 0
-0.442932 -0.250751 0.502761 0
-0.544585 0.256247 0.186433 0
-0.412546 0.444239 0.093396 0
-0.561034 0.231555 0.186433 0
-0.249433 0.669315 0.167826 0
-0.072066 -0.401658 -0.409007 0
0.442748 -0.265433 -0.018249 1
-0.635166 -0.317180 0.074788 0
0.666950 0.292941 0.167826 0
0.650408 0.665315 0.298079 0
-0.096739 -0.252407 -0.185717 1
-0.145826 0.539993 -0.018249 0
0.073240 -0.672081 -0.315969 0
0.226696 -0.281807 -0.185717 0
-0.340535 -0.400374 -0.167109 0
0.045552 0.256508 0.037574 0
-0.453445 -0.084493 0.279471 0
0.666950 0.309297 0.167826 0
0.225636 0.441243 -0.074072 0
0.634033 -0.297047 -0.055464 0
-0.282163 0.245883 -0.148502 0
0.344296 -0.296507 -0.185717 0
-0.396692 0.579311 0.167826 0
-0.043875 0.077876 0.000359 2
-0.336590 -0.702299 -0.222932 0
-0.680085 -0.209424 0.130611 0
0.466547 -0.224924 0.018966 1
0.434747 0.364953 0.316686 0
-0.235682 -0.001597 0.112003 2
0.657367 0.196927 0.056181 0
-0.520302 -0.095044 0.205041 0
-0.561034 -0.023423 0.186433 0
0.426224 0.151655 0.316686 0
0.010645 0.109025 0.000359 2
0.126755 0.299863 0.056181 0
-0.371461 0.616135 0.205041 0
0.752395 0.133568 0.056181 0
-0.673479 0.003762 0.149219 0
-0.038814 -0.222933 -0.222932 1
-0.207789 -0.364034 -0.148502 0
0.495519 0.660402 0.260864 0
-0.244967 -0.780581 -0.148502 0
0.300196 -0.281807 -0.185717 0
-0.512822 -0.396206 -0.074072 0
0.512321 0.433577 0.260864 0
-0.537942 -0.022232 0.298079 0
0.435398 0.564202 0.223648 0
-0.323546 -0.258269 -0.036857 1
-0.396022 -0.259739 0.614406 0
-0.248484 -0.475455 -0.241539 0
0.476967 0.555884 0.223648 0
-0.646963 0.425185 0.260864 0
-0.413067 -0.238880 0.167826 0
-0.429349 -0.128128 0.205041 0
-0.454152 0.616135 0.205041 0
0.325576 0.338958 0.018966 0
0.431863 0.495038 0.242256 0
0.223198 0.175510 0.112003 2
0.171823 -0.208419 -0.222932 1
-0.690728 0.554972 0.298079 0
0.587924 0.296737 0.149219 0
-0.681629 0.011894 0.149219 0
-0.391985 0.170020 -0.055464 0
-0.613898 0.616396 0.279471 0
-0.202523 0.575738 0.130611 0
-0.248484 -0.475455 -0.241539 0
0.243536 0.361454 -0.055464 0
-0.307748 -0.266419 -0.055464 1
-0.470341 -0.214336 0.167826 0
-0.673479 0.003762 0.149219 0
-0.118789 -0.347957 -0.185717 1
-0.591048 0.017234 0.130611 0
0.208014 0.436908 -0.092679 0
-0.643298 -0.023423 0.186433 0
0.407989 -0.356702 -0.446222 0
0.132170 -0.284133 -0.427614 0
-0.314280 -0.615235 -0.092679 0
-0.441946 0.111835 0.018966 0
-0.006158 0.573431 0.149219 0
-0.330710 0.609939 0.186433 0
-0.599142 -0.201330 0.130611 0
0.329949 0.381606 0.000359 0
-0.363180 0.649201 0.205041 0
0.534706 -0.452140 -0.260146 0
-0.003013 -0.229985 -0.241539 1
-0.261286 -0.304899 -0.092679 1
0.628358 0.240747 0.037574 0
-0.001878 -0.325311 -0.204324 1
0.541889 -0.308620 -0.260146 0
0.054744 -0.251644 -0.241539 1
-0.441518 -0.425271 -0.111286 0
-0.160693 0.545166 0.000359 0
-0.162629 0.251931 -0.204324 0
-0.336144 -0.238470 0.260864 0
0.440552 -0.310090 -0.222932 0
-0.199639 0.350346 -0.185717 0
0.026554 -0.179354 -0.222932 1
-0.104182 0.307269 -0.222932 0
-0.444048 0.080983 0.074788 0
-0.512431 -0.577369 0.018966 0
0.233693 -0.500668 -0.334577 0
-0.602175 -0.081014 0.186433 0
-0.148189 -0.355307 -0.185717 0
0.237191 -0.317366 -0.222932 0
-0.170239 -0.370007 -0.185717 0
-0.287838 -0.283742 0.223648 1
-0.630161 0.441969 0.260864 0
0.063415 0.189000 0.056181 0
-0.547562 0.073019 0.074788 0
-0.185460 -0.267349 -0.148502 1
0.245936 -0.185532 -0.148502 1
0.263837 -0.300750 -0.390399 0
-0.444290 -0.217872 0.484153 0
0.303694 -0.542666 -0.334577 0
0.440217 0.269403 0.242256 0
-0.439973 -0.678835 -0.129894 0
0.225245 -0.400839 -0.353184 0
0.191900 -0.316622 -0.241539 0
0.155820 0.098995 0.037574 2
-0.613898 0.616396 0.279471 0
-0.265789 0.652941 0.167826 0
-0.230099 0.208687 -0.148502 0
-0.101038 -0.488778 -0.371791 0
-0.067637 -0.259553 -0.204324 1
0.003015 -0.576159 -0.297362 0
-0.330710 -0.031666 0.186433 2
0.415153 0.595313 0.242256 0
0.257845 0.481119 0.167826 0
0.082786 0.104001 0.018966 2
-0.439973 -0.678835 -0.129894 0
0.634033 -0.304694 -0.055464 0
-0.570970 0.461618 0.242256 0
0.188104 -0.223007 -0.204324 1
-0.241245 0.612041 0.167826 0
-0.105392 0.583833 0.130611 0
0.097021 0.651080 0.186433 0
-0.512040 0.351499 0.205041 0
-0.377508 -0.681347 -0.167109 0
-0.291002 -0.666089 -0.111286 0
-0.579772 0.492377 0.260864 0
0.050874 -0.323004 -0.446222 0
0.335625 -0.379087 -0.427614 0
0.105841 -0.362564 -0.390399 0
-0.252410 0.091925 0.093396 2
-0.025324 0.201374 0.037574 0
-0.333334 -0.157732 0.521369 0
0.370309 0.105099 0.298079 2
0.306950 0.178394 0.167826 2
-0.024282 -0.215676 -0.222932 1
0.287859 0.330882 -0.018249 0
0.024284 -0.675393 -0.297362 0
-0.336981 0.217395 -0.092679 0
-0.445351 0.021942 0.260864 0
0.295991 -0.161882 -0.111286 1
-0.235682 0.054747 0.112003 2
-0.262904 -0.396039 -0.241539 0
-0.521009 -0.050721 0.279471 0
0.456927 0.637106 0.242256 0
-0.612707 -0.300396 0.093396 0
0.121694 0.560592 0.186433 0
0.651989 0.232876 0.037574 0
0.023409 -0.440399 -0.371791 0
-0.444048 0.080983 0.074788 0
0.182206 0.125641 0.056181 2
-0.503983 0.539268 0.223648 0
-0.072066 -0.435784 -0.409007 0
-0.229039 0.276846 -0.185717 0
-0.528564 -0.070240 0.205041 0
0.323176 -0.229929 -0.129894 1
0.220928 0.311512 0.000359 0
0.573931 0.453245 0.242256 0
0.394722 0.525982 0.260864 0
0.505102 0.268808 0.205041 0
0.743334 -0.259162 -0.074072 0
0.650408 0.402186 0.298079 0
0.534706 -0.452140 -0.260146 0
0.118847 0.252358 0.056181 0
-0.018327 -0.549662 -0.334577 0
0.382106 -0.206484 -0.092679 1
0.198692 -0.472664 -0.334577 0
0.188756 -0.314891 -0.278754 0
0.340332 0.059064 0.279471 2
0.119703 -0.316622 -0.241539 0
0.588966 -0.323841 -0.241539 0
-0.516636 -0.260371 0.093396 0
0.641923 0.359742 0.298079 0
0.532269 -0.252370 0.093396 0
0.336555 -0.324307 -0.353184 0
-0.060604 0.379894 -0.222932 0
0.126755 0.236523 0.056181 0
0.543005 0.354607 0.279471 0
0.021939 0.209245 0.037574 0
0.012040 -0.251998 -0.222932 1
0.023670 -0.507665 -0.334577 0
-0.672176 0.483985 0.260864 0
-0.066632 0.602198 0.112003 0
0.560533 -0.264093 0.018966 0
0.080739 0.062301 0.000359 2
0.422410 0.649201 0.205041 0
0.265363 -0.412748 -0.371791 0
-0.235682 0.054747 0.112003 2
0.166352 0.244432 0.056181 0
-0.639613 0.041517 0.130611 0
-0.214339 0.379745 -0.185717 0
0.352278 0.497698 0.223648 0
0.395745 -0.553774 -0.185717 0
0.633438 0.410671 0.298079 0
-0.033195 0.240747 0.037574 0
0.543005 0.354607 0.279471 0
-0.203491 -0.350562 -0.278754 0
0.469096 -0.289808 -0.111286 0
0.286817 0.125827 0.149219 2
-0.230788 -0.267237 -0.111286 1
-0.622327 0.599500 0.279471 0
-0.784919 -0.037156 0.205041 0
-0.355328 -0.378175 -0.167109 0
-0.043875 0.077876 0.000359 2
-0.478956 0.492079 0.205041 0
-0.336981 -0.240368 0.242256 0
-0.026366 0.634408 0.112003 0
0.522816 -0.215974 0.149219 0
0.513363 -0.281807 -0.185717 0
0.033085 -0.237205 -0.241539 1
0.419563 0.307641 0.018966 0
-0.646275 -0.243122 0.112003 0
0.507074 0.302822 0.242256 0
0.392266 -0.162607 0.112003 1
-0.268952 -0.688939 -0.260146 0
0.498831 -0.473669 -0.260146 0
-0.414481 -0.762681 -0.167109 0
0.313984 -0.161082 -0.092679 1
0.582509 0.673800 0.298079 0
-0.273976 0.702027 0.167826 0
0.286817 0.093283 0.149219 2
0.225636 0.441243 -0.074072 0
-0.258457 -0.752242 -0.185717 0
-0.421198 -0.256668 0.149219 0
-0.162629 0.251931 -0.204324 0
-0.514701 0.086045 0.056181 0
0.690042 -0.251551 -0.074072 0
-0.347178 0.683978 0.186433 0
0.119666 0.085672 0.000359 2
-0.004930 0.101247 0.000359 2
0.010458 -0.628707 -0.278754 0
-0.724668 0.571942 0.298079 0
-0.324588 0.120803 0.074788 0
-0.570970 0.461618 0.242256 0
0.594529 -0.369169 -0.315969 0
-0.169941 0.310395 -0.204324 0
0.609843 -0.254491 0.056181 0
0.629753 -0.362136 -0.315969 0
-0.508616 -0.284394 0.093396 0
-0.606027 0.054747 0.112003 0
0.564032 -0.586096 -0.222932 0
-0.404228 -0.183987 0.223648 0
0.429667 -0.189793 0.167826 1
-0.224889 -0.400486 -0.278754 0
0.095085 0.220670 0.056181 0
0.395764 0.139057 0.298079 2
-0.340647 -0.222821 0.614406 0
-0.364408 -0.274178 0.130611 1
-0.725599 0.595332 0.316686 0
0.224854 0.112839 0.074788 2
0.086024 0.538393 0.167826 0
-0.299654 0.583833 0.130611 0
0.360242 0.470103 0.186433 0
0.659860 0.339739 0.223648 0
-0.404526 -0.202539 0.205041 0
0.077055 0.154111 0.037574 2
-0.476593 0.067921 0.093396 0
-0.009563 0.193503 0.037574 0
-0.482380 -0.350525 -0.074072 0
-0.322486 0.634631 0.186433 0
0.319027 0.506016 0.223648 0
0.516899 -0.566427 -0.204324 0
-0.523670 -0.293288 0.074788 0
-0.445351 0.021942 0.260864 0
-0.299654 0.583833 0.130611 0
-0.082393 0.314526 -0.222932 0
0.594529 -0.355083 -0.315969 0
0.470138 -0.257022 0.000359 1
0.385530 0.406243 0.223648 0
0.454210 -0.273657 -0.036857 1
0.055619 -0.193887 -0.222932 1
0.384916 -0.113912 0.186433 1
0.594008 0.220670 0.056181 0
-0.462153 -0.112460 0.260864 0
-0.104182 0.307269 -0.222932 0
0.336555 -0.484313 -0.353184 0
0.342640 -0.289659 -0.148502 0
-0.345056 -0.234432 0.651621 0
-0.045718 -0.357446 -0.371791 0
0.352278 0.622387 0.223648 0
0.537181 0.223815 0.112003 0
0.033997 0.093450 0.000359 2
0.342640 -0.289659 -0.148502 0
0.410464 0.472764 0.223648 0
-0.526740 -0.334894 0.000359 0
0.373361 0.511747 0.242256 0
-0.706042 -0.102040 0.149219 0
0.219998 0.139969 0.093396 2
-0.561648 -0.078502 0.205041 0
-0.336981 0.217395 -0.092679 0
0.237637 0.260267 0.056181 0
0.564813 -0.524374 -0.185717 0
0.231944 -0.317999 -0.204324 0
-0.336590 -0.702299 -0.222932 0
-0.133489 0.413016 -0.167109 0
0.003015 -0.576159 -0.297362 0
-0.081109 0.551455 0.130611 0
0.045552 0.248618 0.037574 0
0.155820 0.114737 0.037574 2
0.388544 -0.164747 -0.018249 1
0.410594 0.039507 0.353901 2
0.336555 -0.484313 -0.353184 0
-0.363478 -0.220346 0.577191 0
-0.050518 0.610255 0.112003 0
0.456927 0.637106 0.242256 0
0.275690 -0.563673 -0.334577 0
-0.043875 0.054505 0.000359 2
0.469617 -0.289064 -0.036857 0
0.246550 -0.296079 -0.204324 0
-0.148189 0.420998 -0.129894 0
-0.245841 -0.312379 -0.111286 1
-0.053030 -0.215713 -0.204324 1
0.100016 -0.491272 -0.353184 0
-0.244967 -0.780581 -0.148502 0
0.626032 0.317485 0.167826 0
-0.059450 0.116821 0.000359 2
0.689037 0.165238 0.056181 0
-0.049346 0.467182 -0.092679 0
-0.723663 0.523507 0.279471 0
-0.103922 -0.351678 -0.260146 0
-0.445556 -0.203004 0.465546 0
-0.714173 0.441969 0.260864 0
-0.486697 -0.197980 0.167826 0
0.146368 0.568816 0.186433 0
-0.379722 0.062078 0.205041 2
-0.233077 -0.380390 -0.260146 0
-0.352611 -0.763723 -0.204324 0
-0.369004 -0.236498 0.279471 0
-0.546166 -0.036858 0.260864 0
-0.169941 0.325002 -0.204324 0
-0.273976 0.620210 0.167826 0
-0.568737 -0.334169 0.037574 0
-0.674893 -0.083432 0.167826 0
0.481880 0.090678 0.391116 0
0.157290 -0.259255 -0.222932 1
0.289683 -0.549662 -0.334577 0
-0.487013 -0.039202 0.298079 0
0.764174 0.096167 0.018966 0
0.336350 0.028696 0.298079 2
-0.208049 -0.222449 -0.129894 1
0.091755 -0.415297 -0.409007 0
-0.474769 -0.624594 -0.074072 0
-0.155669 -0.274662 -0.167109 1
0.105264 -0.201106 -0.241539 1
0.629139 -0.274383 -0.074072 0
0.125881 -0.428955 -0.409007 0
0.488560 -0.289380 -0.055464 0
-0.351197 -0.508056 -0.111286 0
0.204367 -0.442576 -0.353184 0
-0.105187 -0.406217 -0.427614 0
0.198338 -0.260836 -0.464829 0
-0.323546 -0.289064 -0.036857 1
0.564813 -0.524374 -0.185717 0
0.228631 0.585265 0.186433 0
-0.220386 -0.360926 -0.222932 0
0.469096 -0.289808 -0.111286 0
0.150517 0.117733 0.056181 2
-0.183971 0.595667 0.167826 0
0.212182 0.577041 0.186433 0
-0.219586 -0.009654 0.112003 2
0.251723 -0.339137 -0.222932 0
0.505102 0.268808 0.205041 0
0.438338 0.038428 0.391116 2
0.004467 0.127502 0.018966 2
-0.059543 0.420403 -0.167109 0
0.266516 0.392082 -0.055464 0
0.166352 0.244432 0.056181 0
-0.108685 0.499280 -0.055464 0
-0.189219 0.080983 0.074788 2
-0.072066 -0.401658 -0.409007 0
-0.275371 0.033423 0.130611 2
0.537181 0.223815 0.112003 0
-0.725599 0.595332 0.316686 0
-0.032153 -0.512131 -0.353184 0
-0.082263 -0.296079 -0.204324 1
0.605396 0.066339 0.316686 0
-0.115626 0.504099 -0.036857 0
-0.323062 -0.365950 -0.055464 0
-0.304473 -0.308676 0.223648 1
0.327512 0.030352 0.260864 2
-0.706042 -0.102040 0.149219 0
-0.042517 0.143170 0.018966 2
0.587924 0.296737 0.149219 0
-0.277511 0.529592 0.000359 0
0.300196 -0.281807 -0.185717 0
0.704872 0.157330 0.056181 0
0.215495 0.334678 -0.036857 0
0.156602 0.459497 0.149219 0
-0.127702 0.130498 0.037574 2
-0.298519 0.628398 0.167826 0
0.599125 0.256173 0.074788 0
0.469096 -0.289808 -0.111286 0
-0.155539 0.425129 -0.111286 0
0.086675 -0.556677 -0.334577 0
-0.241245 0.612041 0.167826 0
-0.050518 0.610255 0.112003 0
0.406798 0.570249 0.242256 0
-0.451919 -0.609374 -0.074072 0
0.270796 -0.252407 -0.185717 1
0.323176 -0.229929 -0.129894 1
0.458453 -0.551821 -0.204324 0
0.544866 -0.264093 0.018966 0
-0.627202 -0.301252 0.074788 0
0.515429 0.620396 0.242256 0
-0.130345 -0.374659 -0.334577 0
-0.412192 -0.006379 0.242256 0
0.302392 0.539268 0.223648 0
-0.042517 0.143170 0.018966 2
-0.627798 -0.111586 0.205041 0
-0.562169 0.356374 0.223648 0
-0.707698 0.588931 0.298079 0
-0.260411 0.099944 0.093396 2
0.045124 0.546580 0.167826 0
0.470324 0.416774 0.260864 0
0.495519 0.643600 0.260864 0
-0.009749 0.416216 -0.222932 0
-0.596556 0.500787 0.260864 0
-0.495666 -0.067616 0.279471 0
-0.024449 0.616210 0.130611 0
-0.230099 0.208687 -0.148502 0
-0.517455 -0.235065 0.112003 0
0.119666 0.085672 0.000359 2
-0.680085 -0.201330 0.130611 0
-0.159428 0.612041 0.167826 0
-0.436959 -0.291427 0.112003 0
0.174279 0.220670 0.056181 0
-0.235682 0.054747 0.112003 2
0.498831 -0.473669 -0.260146 0
-0.379722 0.062078 0.205041 2
0.641923 0.359742 0.298079 0
0.045552 0.248618 0.037574 0
-0.017025 -0.193887 -0.222932 1
0.069184 -0.273303 -0.241539 1
-0.707698 0.588931 0.298079 0
0.738607 0.098995 0.037574 0
0.350343 -0.320994 -0.297362 0
0.431863 0.495038 0.242256 0
0.386311 -0.259701 -0.111286 1
0.244020 0.067921 0.093396 2
0.396024 -0.167371 0.056181 1
0.198041 0.252358 0.056181 0
-0.445556 -0.203004 0.465546 0
0.396471 0.381476 0.130611 0
0.505102 0.268808 0.205041 0
-0.001878 -0.325311 -0.204324 1
-0.003013 -0.229985 -0.241539 1
0.412734 -0.337332 -0.260146 0
0.247685 -0.514661 -0.334577 0
0.211717 -0.267535 -0.464829 0
0.330638 -0.415297 -0.409007 0
-0.623425 -0.217518 0.130611 0
-0.268952 -0.688939 -0.260146 0
-0.391985 0.154725 -0.055464 0
-0.073368 -0.474953 -0.371791 0
0.129342 0.478607 0.130611 0
0.222658 -0.331880 -0.222932 0
0.438338 0.038428 0.391116 2
0.187323 0.075364 0.037574 2
-0.053328 0.365380 -0.222932 0
0.412957 -0.297251 -0.129894 0
-0.404880 0.562936 0.167826 0
0.415711 -0.212066 -0.036857 1
0.582509 0.673800 0.298079 0
0.048343 -0.186630 -0.222932 1
-0.089557 -0.288766 -0.204324 1
-0.353690 -0.257078 0.242256 0
-0.169941 0.325002 -0.204324 0
0.262925 0.291974 0.018966 0
0.320664 -0.350525 -0.371791 0
0.483889 0.396827 0.279471 0
0.544215 0.260211 0.167826 0
0.286817 0.093283 0.149219 2
0.597637 -0.257692 -0.018249 0
0.016804 0.075327 -0.018249 2
0.045552 0.240747 0.037574 0
0.148470 0.492042 0.149219 0
0.466993 0.303939 0.279471 0
-0.364408 -0.274178 0.130611 1
0.540512 0.327905 0.242256 0
-0.238324 0.448612 0.018966 0
0.261697 -0.486657 -0.334577 0
-0.379722 0.062078 0.205041 2
-0.421198 0.585265 0.186433 0
0.553016 -0.274383 -0.074072 0
0.641923 0.376712 0.298079 0
0.347980 0.492079 0.205041 0
0.355088 -0.008705 0.372508 2
-0.606027 0.054747 0.112003 0
-0.244409 -0.614807 -0.167109 0
-0.635166 -0.317180 0.074788 0
0.150517 0.149403 0.056181 2
0.594008 0.220670 0.056181 0
0.436459 0.108448 0.353901 2
0.225636 0.441243 -0.074072 0
0.250756 0.138648 0.130611 2
-0.652620 -0.053698 0.205041 0
0.390070 0.553540 0.242256 0
0.045552 0.248618 0.037574 0
0.126755 0.299863 0.056181 0
-0.478770 -0.092941 0.279471 0
0.134143 -0.186685 -0.241539 1
-0.312791 0.204016 -0.129894 0
-0.423487 -0.721074 -0.148502 0
-0.674893 -0.083432 0.167826 0
0.341244 0.362459 0.018966 0
0.593673 0.582604 0.279471 0
-0.656118 0.515059 0.279471 0
-0.268412 0.556331 0.093396 0
0.496840 0.260546 0.205041 0
-0.420547 -0.039798 0.242256 0
-0.698339 0.531955 0.279471 0
-0.529178 0.553540 0.242256 0
-0.442727 0.098995 0.037574 0
-0.074336 -0.755294 -0.167109 0
-0.229039 0.276846 -0.185717 0
-0.674893 -0.050702 0.167826 0
-0.283466 -0.681143 -0.111286 0
-0.327733 -0.204605 0.707444 0
-0.073852 0.119668 0.018966 2
-0.681629 -0.028801 0.149219 0
-0.052640 -0.537176 -0.371791 0
-0.001878 -0.325311 -0.204324 1
0.277104 0.373196 -0.036857 0
0.388544 -0.164747 -0.018249 1
-0.243739 0.062804 0.112003 2
0.161589 0.365492 -0.036857 0
-0.261769 -0.265451 0.242256 1
0.666950 0.260211 0.167826 0
0.246550 -0.296079 -0.204324 0
-0.523763 -0.358377 -0.036857 0
0.164566 -0.310090 -0.222932 0
0.232818 0.096911 0.074788 2
0.205856 -0.296060 -0.446222 0
-0.495666 0.639022 0.223648 0
0.262404 0.174654 0.149219 2
0.392861 -0.349334 -0.297362 0
0.534706 -0.452140 -0.260146 0
0.616765 -0.297326 -0.092679 0
0.393829 -0.289808 -0.111286 0
0.356651 0.144044 0.242256 2
-0.066949 -0.393880 -0.353184 0
0.407989 -0.356702 -0.446222 0
0.438338 0.047136 0.391116 2
0.277104 0.373196 -0.036857 0
0.336685 -0.183783 -0.092679 1
0.212182 0.577041 0.186433 0
0.086507 0.059845 -0.018249 2
0.270796 -0.207470 -0.129894 1
0.312886 -0.252463 -0.148502 1
-0.260895 -0.357540 -0.111286 0
-0.011294 -0.484313 -0.353184 0
0.022981 0.552367 0.186433 0
0.548550 0.410671 0.298079 0
-0.553870 0.339739 0.223648 0
-0.203491 -0.350562 -0.278754 0
0.071137 -0.358749 -0.427614 0
0.644100 0.248618 0.037574 0
-0.361357 -0.686092 -0.185717 0
-0.312791 0.204016 -0.129894 0
0.523095 0.368227 0.298079 0
-0.553870 0.339739 0.223648 0
-0.184548 0.303083 -0.204324 0
0.340332 0.050616 0.279471 2
0.191677 -0.493672 -0.334577 0
-0.169941 0.273850 -0.204324 0
-0.330710 -0.031666 0.186433 2
0.537535 0.601584 0.260864 0
0.077055 0.122608 0.037574 2
0.162817 0.593490 0.186433 0
0.156602 0.459497 0.149219 0
-0.073852 0.119668 0.018966 2
-0.338953 0.692203 0.186433 0
0.369676 -0.330149 -0.260146 0
-0.433275 0.179119 0.000359 0
0.063415 0.189000 0.056181 0
0.490048 -0.271927 0.018966 0
0.398443 0.578604 0.242256 0
-0.715216 0.540384 0.279471 0
0.704872 0.157330 0.056181 0
0.247685 -0.514661 -0.334577 0
0.090843 -0.244425 -0.241539 1
0.132170 -0.284133 -0.427614 0
-0.331250 0.403991 -0.036857 0
-0.614251 -0.342412 0.018966 0
-0.192289 0.335646 -0.185717 0
-0.453445 0.421947 0.130611 0
0.350473 -0.331266 -0.353184 0
-0.356500 0.532308 0.093396 0
0.229487 -0.348831 -0.390399 0
0.108557 0.138369 0.037574 2
0.472166 0.376712 0.298079 0
0.038016 -0.552323 -0.315969 0
0.294949 0.077001 0.149219 2
0.541889 -0.308620 -0.260146 0
0.204367 -0.442576 -0.353184 0
-0.369004 -0.236498 0.279471 0
-0.401940 -0.223603 0.558584 0
-0.189219 0.566732 0.074788 0
0.163673 -0.507665 -0.334577 0
0.608224 -0.358377 -0.036857 0
-0.170462 -0.252482 -0.167109 1
-0.169532 0.450193 -0.036857 0
-0.333334 -0.157732 0.521369 0
0.216964 -0.288301 -0.371791 0
0.633438 0.419156 0.298079 0
0.035579 -0.149489 -0.185717 1
-0.207435 0.228150 -0.167109 0
-0.233077 -0.380390 -0.260146 0
0.006179 0.264379 0.037574 0
-0.229039 0.276846 -0.185717 0
-0.045290 -0.328214 -0.390399 0
0.591161 0.248209 0.074788 0
-0.155316 0.295770 -0.204324 0
-0.412676 -0.448716 -0.092679 0
0.544215 0.260211 0.167826 0
-0.097335 0.174486 0.018966 2
-0.202542 -0.377691 -0.297362 0
-0.251796 0.242943 -0.167109 0
0.481880 0.090678 0.391116 0
0.172883 0.516473 0.149219 0
-0.536844 0.310153 0.205041 0
0.037681 0.162000 0.037574 2
0.248746 -0.237707 -0.185717 1
0.650408 0.665315 0.298079 0
0.386311 -0.229613 -0.111286 1
0.470324 0.416774 0.260864 0
-0.270124 -0.713687 -0.241539 0
0.641923 0.359742 0.298079 0
0.369676 -0.330149 -0.260146 0
0.095085 0.173165 0.056181 0
0.534557 0.650168 0.279471 0
0.431863 0.436536 0.242256 0
0.306950 0.178394 0.167826 2
-0.059450 0.116821 0.000359 2
0.616765 -0.297326 -0.092679 0
-0.439043 -0.182331 0.428331 0
-0.155539 0.387095 -0.185717 0
0.355069 -0.160188 -0.074072 1
0.009844 -0.381171 -0.409007 0
-0.367255 -0.240815 0.316686 0
-0.381806 -0.173232 0.484153 0
-0.044769 -0.415297 -0.409007 0
-0.396264 -0.194277 0.205041 0
0.560533 -0.264093 0.018966 0
0.458936 -0.187951 0.186433 1
0.383557 0.074880 0.316686 2
0.279188 -0.378175 -0.371791 0
0.388544 -0.164747 -0.018249 1
-0.404749 0.601714 0.186433 0
0.523095 0.368227 0.298079 0
-0.207435 0.490646 0.000359 0
0.100016 -0.498231 -0.353184 0
0.548550 0.419156 0.298079 0
-0.395092 -0.648915 -0.129894 0
0.529124 0.626797 0.260864 0
-0.299654 0.567644 0.130611 0
0.045552 -0.611606 -0.297362 0
-0.519427 0.227480 0.167826 0
0.037142 -0.417530 -0.390399 0
-0.352611 -0.763723 -0.204324 0
0.544866 -0.264093 0.018966 0
0.613918 -0.251551 -0.074072 0
0.057963 -0.468050 -0.371791 0
-0.330710 0.609939 0.186433 0
-0.512822 -0.396206 -0.074072 0
0.204367 -0.407780 -0.353184 0
0.641923 0.359742 0.298079 0
0.121247 0.502890 0.130611 0
0.508246 -0.228348 0.093396 0
-0.313573 -0.651036 -0.111286 0
-0.183488 0.550432 0.018966 0
-0.663766 0.492377 0.260864 0
-0.140709 0.244618 -0.204324 0
-0.290332 -0.034346 0.167826 2
-0.674893 -0.083432 0.167826 0
0.041961 -0.171855 -0.204324 1
-0.295207 -0.465575 -0.185717 0
-0.017806 -0.369430 -0.390399 0
0.454210 -0.273657 -0.036857 1
0.244020 0.067921 0.093396 2
-0.038814 -0.346412 -0.222932 0
0.681129 0.204835 0.056181 0
-0.627798 -0.128128 0.205041 0
-0.444309 -0.616984 -0.074072 0
-0.635166 -0.317180 0.074788 0
-0.506830 -0.365950 -0.055464 0
0.618998 0.599500 0.279471 0
0.044138 -0.302796 -0.446222 0
0.403114 -0.311207 -0.185717 0
0.338137 -0.267330 -0.129894 1
0.203958 0.544143 0.186433 0
0.118847 0.141476 0.056181 2
0.010458 -0.650087 -0.278754 0
-0.449035 -0.387647 -0.111286 0
0.091755 -0.415297 -0.409007 0
-0.238324 -0.252184 -0.111286 1
-0.349113 -0.349166 -0.148502 0
0.045552 0.146240 0.037574 2
0.210415 0.418412 -0.074072 0
0.257845 0.481119 0.167826 0
-0.524638 -0.252370 0.093396 0
0.448609 -0.202874 0.112003 1
0.105245 0.618163 0.186433 0
-0.020076 0.447700 -0.111286 0
0.517885 -0.217518 0.130611 0
0.378775 -0.267237 -0.111286 1
0.095085 0.284028 0.056181 0
0.439864 -0.575824 -0.185717 0
0.314896 -0.303857 -0.185717 0
-0.717058 0.612395 0.316686 0
-0.657216 -0.150866 0.149219 0
-0.628728 -0.276392 0.093396 0
-0.457613 0.119668 0.018966 0
0.129342 0.478607 0.130611 0
0.444199 -0.204325 0.093396 1
0.225245 -0.400839 -0.353184 0
-0.403726 -0.199580 0.539976 0
0.085800 -0.149936 -0.204324 1
-0.307748 -0.266419 -0.055464 1
-0.335734 -0.225110 0.651621 0
-0.361357 -0.365950 -0.055464 0
-0.528917 0.530950 0.223648 0
-0.169532 0.450193 -0.036857 0
-0.323546 0.589713 0.149219 0
-0.453762 0.451366 0.149219 0
-0.656118 0.515059 0.279471 0
-0.009749 0.416216 -0.222932 0
0.239554 -0.289324 -0.446222 0
-0.596704 -0.260371 0.093396 0
-0.587680 0.403116 0.242256 0
0.086507 0.052086 -0.018249 2
-0.442932 -0.250751 0.502761 0
0.436459 0.108448 0.353901 2
0.395764 0.139057 0.298079 2
0.675137 0.301129 0.167826 0
0.463049 -0.383181 -0.390399 0
0.412957 -0.297251 -0.129894 0
-0.043875 0.054505 0.000359 2
-0.024449 0.616210 0.130611 0
-0.475104 0.157330 0.056181 0
0.132170 -0.284133 -0.427614 0
-0.587122 0.281554 0.223648 0
0.003015 -0.576159 -0.297362 0
-0.429423 -0.173437 0.167826 0
0.715162 -0.198929 -0.092679 0
-0.445872 0.593490 0.186433 0
-0.255685 -0.053698 0.205041 2
-0.103922 -0.351678 -0.260146 0
-0.043875 0.093450 0.000359 2
-0.544585 0.256247 0.186433 0
-0.678484 -0.235065 0.112003 0
0.368206 0.335813 0.074788 0
-0.404749 -0.253747 0.186433 0
-0.008521 0.416495 -0.185717 0
0.086507 0.052086 -0.018249 2
-0.437610 0.674004 0.205041 0
-0.148282 -0.289455 -0.167109 1
-0.730976 0.475574 0.260864 0
0.246122 0.459497 0.149219 0
0.502292 -0.281472 -0.204324 0
0.012040 -0.339137 -0.222932 0
-0.404526 0.640939 0.205041 0
-0.651522 -0.138585 0.186433 0
-0.424994 -0.196938 0.502761 0
0.012040 -0.251998 -0.222932 1
0.164566 -0.310090 -0.222932 0
-0.066949 -0.393880 -0.353184 0
-0.766684 -0.056340 0.186433 0
0.040305 -0.338281 -0.241539 0
-0.545552 -0.017729 0.223648 0
0.169590 -0.491272 -0.353184 0
-0.353690 -0.257078 0.242256 0
0.248746 -0.237707 -0.185717 1
0.171023 -0.265879 -0.483437 0
0.189946 -0.267107 -0.185717 1
-0.049346 0.467182 -0.092679 0
-0.095344 -0.388651 -0.334577 0
0.080571 0.593490 0.186433 0
-0.672176 0.433577 0.260864 0
0.191677 -0.528673 -0.334577 0
-0.416863 -0.141506 0.353901 0
0.426038 -0.324623 -0.222932 0
0.002662 -0.454224 -0.371791 0
0.188104 -0.193794 -0.204324 1
0.601563 -0.325907 -0.185717 0
0.338137 -0.267330 -0.129894 1
-0.148189 0.420998 -0.129894 0
0.343961 0.131912 0.223648 2
-0.347922 -0.407761 -0.167109 0
-0.528136 0.239798 0.186433 0
0.407059 0.008619 0.372508 2
0.390070 0.553540 0.242256 0
-0.437610 0.674004 0.205041 0
0.270796 -0.252407 -0.185717 1
-0.503462 -0.122136 0.186433 0
-0.282163 0.245883 -0.148502 0
0.329949 0.381606 0.000359 0
-0.591048 0.017234 0.130611 0
-0.454152 0.616135 0.205041 0
-0.396264 -0.194277 0.205041 0
-0.053328 0.365380 -0.222932 0
0.021939 0.225005 0.037574 0
-0.330710 -0.031666 0.186433 2
0.324758 0.291955 0.056181 0
0.323176 0.583051 0.205041 0
-0.584498 -0.326298 0.037574 0
-0.503983 0.622387 0.223648 0
0.347850 0.432033 0.167826 0
0.385530 0.406243 0.223648 0
-0.543766 -0.334578 0.018966 0
-0.421198 -0.130361 0.186433 0
-0.429349 -0.128128 0.205041 0
-0.170593 -0.341723 -0.148502 1
0.531524 -0.551821 -0.204324 0
-0.208049 -0.297251 -0.129894 1
0.063415 0.189000 0.056181 0
0.010124 0.622257 0.149219 0
-0.045290 -0.311207 -0.185717 1
-0.330710 0.609939 0.186433 0
-0.313573 -0.620929 -0.111286 0
-0.485264 -0.315580 0.112003 0
0.243536 0.346140 -0.055464 0
-0.426464 -0.635982 -0.111286 0
-0.133489 0.413016 -0.167109 0
-0.426464 -0.635982 -0.111286 0
0.023930 -0.531185 -0.315969 0
-0.039112 -0.498231 -0.353184 0
0.543005 0.354607 0.279471 0
0.587924 0.296737 0.149219 0
-0.285308 0.490646 0.000359 0
0.448572 0.277758 0.242256 0
0.408882 -0.274755 -0.111286 0
-0.135592 0.083235 0.037574 2
0.228017 0.204035 0.093396 2
-0.067247 0.070079 0.000359 2
-0.354919 0.028994 0.205041 2
0.198338 -0.260836 -0.464829 0
0.232818 0.096911 0.074788 2
-0.396692 0.579311 0.167826 0
0.395578 -0.343416 -0.278754 0
0.311100 0.354123 -0.018249 0
0.458936 -0.187951 0.186433 1
-0.140709 0.332315 -0.204324 0
0.233265 0.448854 -0.074072 0
-0.199639 0.350346 -0.185717 0
0.435398 0.464447 0.223648 0
0.006179 0.217116 0.037574 0
0.069184 -0.273303 -0.241539 1
-0.690728 0.554972 0.298079 0
0.002662 -0.454224 -0.371791 0
-0.151334 0.028101 0.037574 2
-0.485822 -0.290366 0.130611 0
0.243536 0.369102 -0.055464 0
-0.328626 -0.583304 -0.111286 0
-0.420547 -0.039798 0.242256 0
0.239256 -0.281472 -0.204324 0
0.392619 -0.142735 0.149219 1
0.302392 0.539268 0.223648 0
-0.554261 0.478328 0.242256 0
-0.514701 -0.317850 0.056181 0
-0.698339 0.531955 0.279471 0
0.386311 -0.229613 -0.111286 1
-0.082263 -0.361838 -0.204324 1
-0.127702 0.075364 0.037574 2
-0.306223 -0.720907 -0.241539 0
0.098063 -0.309402 -0.241539 0
0.629139 0.334957 0.205041 0
0.045552 0.146240 0.037574 2
-0.591048 0.017234 0.130611 0
0.270796 -0.252407 -0.185717 1
0.325576 0.338958 0.018966 0
0.091494 -0.385860 -0.427614 0
-0.243739 0.014499 0.112003 2
0.506013 -0.315803 -0.260146 0
0.716036 -0.296767 -0.036857 0
0.537535 0.635189 0.260864 0
0.648044 0.390556 0.316686 0
-0.148282 -0.289455 -0.167109 1
-0.495666 0.639022 0.223648 0
0.098063 -0.302182 -0.241539 0
-0.545106 -0.045436 0.205041 0
-0.266589 0.198583 -0.167109 0
-0.412974 -0.204400 0.186433 0
-0.238324 0.448612 0.018966 0
0.720502 -0.243941 -0.074072 0
0.609843 -0.254491 0.056181 0
0.311100 0.354123 -0.018249 0
0.119703 -0.316622 -0.241539 0
0.540512 0.327905 0.242256 0
0.164566 -0.310090 -0.222932 0
-0.512301 -0.018976 0.316686 0
0.032211 0.656681 0.130611 0
-0.517455 -0.235065 0.112003 0
0.167859 0.538393 0.167826 0
0.601563 -0.348050 -0.315969 0
0.227124 -0.318054 -0.427614 0
0.100016 -0.498231 -0.353184 0
0.469096 -0.289808 -0.111286 0
0.248746 -0.237707 -0.185717 1
-0.278497 -0.745878 -0.222932 0
-0.766684 -0.056340 0.186433 0
-0.529178 -0.048153 0.242256 0
0.311100 0.392845 -0.018249 0
-0.299654 0.567644 0.130611 0
-0.405103 -0.622808 -0.092679 0
0.634033 -0.304694 -0.055464 0
0.516862 -0.272596 0.000359 0
0.568051 -0.493374 -0.204324 0
0.240875 0.426022 -0.074072 0
-0.248484 -0.475455 -0.241539 0
0.730290 -0.221630 -0.092679 0
0.248746 -0.259757 -0.185717 1
-0.436959 -0.291427 0.112003 0
0.023670 -0.500668 -0.334577 0
0.597637 -0.257692 -0.018249 0
0.405124 -0.165250 0.167826 1
0.314375 0.420552 0.000359 0
-0.252410 0.091925 0.093396 2
-0.184548 0.532253 -0.018249 0
-0.328626 -0.658572 -0.111286 0
0.341244 0.362459 0.018966 0
-0.042517 0.143170 0.018966 2
-0.387612 -0.364592 -0.129894 0
0.393829 -0.297344 -0.111286 0
0.090620 0.111835 0.018966 2
-0.327752 -0.544154 -0.129894 0
0.082786 0.104001 0.018966 2
0.038463 -0.689572 -0.297362 0
-0.667971 -0.130361 0.186433 0
0.323176 0.583051 0.205041 0
0.262385 -0.312919 -0.409007 0
0.515429 0.461618 0.242256 0
-0.017453 -0.333406 -0.409007 0
0.242661 0.146742 0.130611 2
0.722865 0.059603 0.037574 0
0.470324 0.416774 0.260864 0
-0.082263 -0.296079 -0.204324 1
0.498663 -0.295558 -0.222932 0
-0.073015 0.559550 0.130611 0
0.298800 0.311512 0.000359 0
-0.367255 -0.240815 0.316686 0
-0.024282 -0.186630 -0.222932 1
-0.111439 -0.200957 -0.185717 1
0.203139 -0.426573 -0.371791 0
-0.215530 -0.334671 -0.129894 1
0.242661 0.146742 0.130611 2
-0.414946 -0.565032 -0.055464 0
-0.596704 -0.260371 0.093396 0
-0.038814 -0.687767 -0.222932 0
-0.155669 -0.274662 -0.167109 1
-0.166257 0.093971 0.056181 2
0.053442 0.201374 0.037574 0
0.466993 0.303939 0.279471 0
0.246550 -0.296079 -0.204324 0
-0.277511 0.482850 0.000359 0
0.118847 0.141476 0.056181 2
0.294949 0.077001 0.149219 2
-0.570970 0.461618 0.242256 0
-0.533569 0.030594 0.112003 0
0.522816 -0.215974 0.149219 0
-0.652620 -0.053698 0.205041 0
-0.674893 -0.083432 0.167826 0
0.596074 0.304869 0.149219 0
-0.012150 0.587480 0.167826 0
-0.436084 0.224317 0.074788 0
0.395745 -0.553774 -0.185717 0
-0.034423 0.569989 0.112003 0
0.047525 -0.316622 -0.241539 0
0.290092 0.549967 0.205041 0
-0.420547 -0.039798 0.242256 0
0.228836 -0.200715 -0.167109 1
-0.108685 0.499280 -0.055464 0
0.604726 0.441969 0.260864 0
0.220407 0.519469 0.186433 0
0.055619 -0.193887 -0.222932 1
-0.461111 -0.307523 0.112003 0
-0.260895 -0.357540 -0.111286 0
-0.627202 -0.301252 0.074788 0
-0.170462 -0.252482 -0.167109 1
0.548513 0.082602 0.353901 0
0.560533 -0.264093 0.018966 0
-0.565686 -0.342691 0.000359 0
0.286817 0.068870 0.149219 2
-0.519427 0.227480 0.167826 0
-0.588164 0.450380 0.260864 0
-0.266589 0.205970 -0.167109 0
-0.529178 0.578604 0.242256 0
-0.336590 -0.702299 -0.222932 0
-0.514701 -0.317850 0.056181 0
0.162593 0.429334 -0.092679 0
-0.605450 0.633273 0.279471 0
0.256096 -0.230357 -0.185717 1
-0.053328 0.387170 -0.222932 0
0.651989 0.232876 0.037574 0
0.336964 0.398260 0.037574 0
-0.166257 0.054375 0.056181 2
0.250756 0.138648 0.130611 2
-0.349113 -0.349166 -0.148502 0
-0.230788 -0.267237 -0.111286 1
0.105245 0.552367 0.186433 0
-0.627798 -0.045436 0.205041 0
0.120987 -0.157565 -0.222932 1
0.040305 -0.215546 -0.241539 1
0.021939 0.288010 0.037574 0
-0.502067 -0.590692 -0.018249 0
0.372393 -0.132519 0.167826 1
0.495519 0.643600 0.260864 0
-0.118789 -0.347957 -0.185717 1
-0.338953 0.667529 0.186433 0
0.266516 0.353788 -0.055464 0
-0.416044 -0.676435 -0.148502 0
0.145437 0.331124 0.018966 0
0.512321 0.492377 0.260864 0
0.590640 0.127335 0.242256 0
0.634033 -0.304694 -0.055464 0
-0.173309 -0.397360 -0.315969 0
0.319027 0.506016 0.223648 0
-0.022440 0.581562 0.149219 0
0.189946 -0.215657 -0.185717 1
-0.151334 0.106866 0.037574 2
-0.184548 0.485771 -0.018249 0
0.145437 0.331124 0.018966 0
-0.060604 0.379894 -0.222932 0
-0.059543 -0.322874 -0.371791 0
-0.520302 -0.095044 0.205041 0
0.385381 -0.310686 -0.204324 0
-0.355328 -0.378175 -0.167109 0
-0.588685 -0.284394 0.093396 0
-0.073015 0.543361 0.130611 0
0.227124 -0.318054 -0.427614 0
-0.017453 -0.333406 -0.409007 0
0.416400 -0.274755 -0.111286 0
-0.067637 -0.259553 -0.204324 1
0.336555 -0.484313 -0.353184 0
0.285756 -0.177549 -0.129894 1
-0.708535 0.629458 0.316686 0
0.211996 -0.186257 -0.185717 1
0.335569 0.165759 0.186433 2
0.205260 0.376768 -0.055464 0
-0.443416 -0.144279 0.335293 0
0.537535 0.601584 0.260864 0
0.409589 -0.122136 0.186433 1
-0.417533 -0.387051 -0.129894 0
-0.414481 -0.762681 -0.167109 0
-0.081109 0.551455 0.130611 0
-0.363627 0.593490 0.186433 0
-0.213781 0.361529 -0.204324 0
-0.235682 0.054747 0.112003 2
-0.434856 -0.187151 0.335293 0
0.247351 0.119166 0.112003 2
0.363722 -0.252184 -0.111286 1
-0.458488 0.177742 0.037574 0
-0.470694 0.500359 0.205041 0
0.234046 -0.223007 -0.185717 1
-0.166257 0.109806 0.056181 2
0.058280 -0.484313 -0.353184 0
0.531580 0.122069 0.298079 0
-0.528564 -0.061959 0.205041 0
0.447214 -0.177735 0.205041 1
0.516862 -0.272596 0.000359 0
-0.011294 -0.484313 -0.353184 0
0.182410 -0.440399 -0.371791 0
0.444199 -0.204325 0.093396 1
0.224631 -0.310686 -0.204324 0
0.476967 0.555884 0.223648 0
0.313984 -0.161082 -0.092679 1
0.197296 -0.252407 -0.185717 1
-0.478770 -0.092941 0.279471 0
-0.257601 0.677484 0.167826 0
0.261697 -0.528673 -0.334577 0
-0.251796 0.242943 -0.167109 0
-0.503983 0.572519 0.223648 0
-0.191340 -0.368202 -0.222932 0
-0.381806 -0.173232 0.484153 0
-0.207435 0.228150 -0.167109 0
0.188104 -0.223007 -0.204324 1
-0.444309 -0.616984 -0.074072 0
-0.612707 -0.300396 0.093396 0
-0.173309 -0.397360 -0.315969 0
0.095085 0.220670 0.056181 0
-0.045290 -0.318557 -0.185717 1
0.082786 0.104001 0.018966 2
0.405570 0.104429 0.335293 2
-0.240259 -0.401919 -0.260146 0
0.730290 -0.221630 -0.092679 0
0.038463 -0.661214 -0.297362 0
-0.519911 0.297370 0.186433 0
0.415711 -0.331061 -0.241539 0
0.126941 0.546580 0.167826 0
-0.494438 -0.224105 0.149219 0
-0.599142 -0.209424 0.130611 0
0.672811 0.330268 0.186433 0
0.029810 0.169871 0.037574 2
-0.443416 -0.144279 0.335293 0
0.182410 -0.440399 -0.371791 0
-0.253973 0.519097 0.018966 0
-0.367255 -0.600107 -0.092679 0
-0.105392 0.583833 0.130611 0
-0.639222 0.523507 0.279471 0
-0.356537 -0.430983 -0.148502 0
-0.444030 -0.272131 0.595798 0
0.407059 0.008619 0.372508 2
-0.417533 -0.387051 -0.129894 0
-0.461111 -0.307523 0.112003 0
0.324758 0.291955 0.056181 0
-0.192289 0.254796 -0.185717 0
0.455494 0.235723 0.205041 0
0.155820 0.114737 0.037574 2
0.311044 -0.207023 -0.111286 1
-0.009749 0.416216 -0.222932 0
-0.249433 0.693859 0.167826 0
0.696964 0.109806 0.056181 0
-0.081109 0.551455 0.130611 0
-0.503071 0.268398 0.167826 0
0.426224 0.151655 0.316686 0
0.126755 0.196927 0.056181 0
-0.243739 0.014499 0.112003 2
0.392861 -0.349334 -0.297362 0
-0.674893 -0.050702 0.167826 0
-0.038405 -0.339918 -0.204324 1
0.105841 -0.355697 -0.390399 0
-0.159205 0.555772 0.037574 0
0.372263 0.323625 0.056181 0
-0.639613 -0.225612 0.130611 0
0.091494 -0.392652 -0.427614 0
0.146368 0.568816 0.186433 0
-0.100275 0.636399 0.093396 0
0.294074 0.514315 0.223648 0
-0.503462 -0.122136 0.186433 0
-0.243739 0.394445 -0.185717 0
-0.794949 -0.075915 0.223648 0
-0.333334 -0.166738 0.521369 0
-0.665347 -0.175279 0.149219 0
-0.408061 -0.305792 0.670229 0
0.702955 -0.281733 -0.055464 0
0.454564 -0.233651 0.000359 1
0.479684 -0.213648 0.074788 1
0.319101 0.124637 0.186433 2
-0.423487 -0.721074 -0.148502 0
-0.169532 0.442490 -0.036857 0
-0.166257 0.109806 0.056181 2
-0.345056 -0.234432 0.651621 0
-0.159205 0.555772 0.037574 0
0.368895 0.630705 0.223648 0
-0.347922 -0.407761 -0.167109 0
-0.545552 -0.017729 0.223648 0
0.222658 -0.331880 -0.222932 0
0.407059 0.008619 0.372508 2
0.228631 0.585265 0.186433 0
-0.148189 0.420998 -0.129894 0
-0.519911 0.297370 0.186433 0
-0.421198 -0.150866 0.149219 0
0.548792 -0.370602 -0.297362 0
-0.260411 0.107946 0.093396 2
-0.127702 0.138369 0.037574 2
-0.612707 -0.300396 0.093396 0
-0.672176 0.450380 0.260864 0
0.225245 -0.400839 -0.353184 0
0.205260 0.376768 -0.055464 0
-0.478528 0.292941 0.167826 0
-0.170593 -0.349166 -0.148502 1
-0.252410 0.091925 0.093396 2
0.534706 -0.452140 -0.260146 0
-0.304473 -0.308676 0.223648 1
0.315528 0.421947 0.130611 0
0.085800 -0.149936 -0.204324 1
-0.017806 0.380229 -0.260146 0
0.132170 -0.284133 -0.427614 0
-0.588164 0.559587 0.260864 0
-0.184548 0.478030 -0.018249 0
-0.367255 -0.240815 0.316686 0
-0.424994 -0.277658 0.502761 0
-0.283466 0.025328 0.130611 2
0.051060 -0.315952 -0.371791 0
-0.001692 0.154111 0.037574 2
-0.111439 -0.200957 -0.185717 1
0.256096 -0.230357 -0.185717 1
0.344835 0.037200 0.298079 2
-0.268952 -0.688939 -0.260146 0
0.034537 0.638539 0.149219 0
-0.416044 -0.676435 -0.148502 0
-0.356537 -0.371477 -0.148502 0
0.541889 -0.294274 -0.260146 0
0.182410 -0.440399 -0.371791 0
-0.367255 -0.569814 -0.092679 0
-0.264933 -0.361838 -0.204324 0
0.532269 -0.252370 0.093396 0
0.556775 -0.607885 -0.222932 0
-0.589038 -0.350469 0.000359 0
0.510219 -0.255422 0.037574 0
-0.089520 0.096167 0.018966 2
0.135501 -0.281044 -0.222932 0
0.472166 0.376712 0.298079 0
0.279188 -0.426573 -0.371791 0
0.145437 0.096167 0.018966 2
0.298372 0.607855 0.205041 0
-0.498866 0.117733 0.056181 0
-0.206989 0.409145 -0.185717 0
0.393140 -0.205870 -0.074072 1
-0.512301 -0.018976 0.316686 0
-0.170593 -0.341723 -0.148502 1
0.188104 -0.223007 -0.204324 1
0.431863 0.436536 0.242256 0
0.562022 -0.258269 -0.036857 0
0.463756 -0.119847 0.205041 1
0.262404 0.174654 0.149219 2
0.266516 0.353788 -0.055464 0
-0.326412 -0.215788 0.651621 0
0.243536 0.346140 -0.055464 0
0.239294 0.191624 0.112003 2
0.343961 0.131912 0.223648 2
-0.339437 0.408327 -0.018249 0
-0.428939 -0.318315 0.651621 0
-0.215530 -0.342151 -0.129894 1
0.095085 0.204835 0.056181 0
0.188104 -0.193794 -0.204324 1
0.178912 -0.323004 -0.446222 0
-0.034683 0.166671 0.018966 2
0.223886 -0.385097 -0.371791 0
-0.537942 -0.022232 0.298079 0
-0.059450 0.116821 0.000359 2
-0.688179 -0.193235 0.130611 0
0.002792 -0.403779 -0.390399 0
0.393140 -0.130361 0.186433 1
0.408008 -0.196659 -0.036857 1
0.033997 0.093450 0.000359 2
0.427099 0.614088 0.223648 0
-0.233058 0.636585 0.167826 0
-0.503462 -0.130361 0.186433 0
0.616765 -0.297326 -0.092679 0
-0.214823 0.413016 -0.167109 0
0.045552 0.240747 0.037574 0
-0.562169 0.364692 0.223648 0
-0.018067 -0.468050 -0.371791 0
-0.362659 -0.059280 0.223648 0
0.590640 0.127335 0.242256 0
0.616765 -0.297326 -0.092679 0
-0.421068 0.607855 0.205041 0
-0.511687 0.387858 0.186433 0
0.310877 0.091720 0.186433 2
-0.308679 0.506221 0.000359 0
0.021939 0.288010 0.037574 0
-0.105187 -0.419782 -0.427614 0
-0.090785 0.594141 0.112003 0
-0.024282 -0.186630 -0.222932 1
-0.419673 -0.185830 0.279471 0
0.169590 -0.491272 -0.353184 0
-0.001878 -0.317999 -0.204324 1
-0.627202 -0.301252 0.074788 0
0.372393 -0.132519 0.167826 1
-0.592108 0.003762 0.149219 0
-0.233058 0.636585 0.167826 0
-0.017025 -0.201143 -0.222932 1
-0.389975 -0.486564 -0.092679 0
-0.499182 -0.335322 -0.055464 0
0.017194 -0.583249 -0.297362 0
0.098063 -0.258864 -0.241539 1
-0.389975 -0.486564 -0.092679 0
-0.503462 -0.130361 0.186433 0
0.047525 -0.294963 -0.241539 1
0.384916 0.461879 0.186433 0
0.476967 0.555884 0.223648 0
-0.082040 -0.186257 -0.185717 1
-0.323546 0.589713 0.149219 0
0.308718 -0.491272 -0.353184 0
0.476967 0.555884 0.223648 0
-0.528136 0.239798 0.186433 0
0.163673 -0.507665 -0.334577 0
0.480503 -0.289752 -0.092679 0
0.227124 -0.318054 -0.427614 0
-0.401940 -0.223603 0.558584 0
0.258459 -0.371272 -0.371791 0
0.480298 0.244004 0.205041 0
0.211996 0.172011 0.093396 2
-0.292044 -0.342914 -0.074072 1
0.180792 -0.303392 -0.204324 0
0.469617 -0.289064 -0.036857 0
0.261697 -0.493672 -0.334577 0
0.261697 -0.486657 -0.334577 0
0.554207 0.373493 0.316686 0
0.704872 0.157330 0.056181 0
0.197296 -0.252407 -0.185717 1
0.448572 0.277758 0.242256 0
-0.506830 -0.365950 -0.055464 0
-0.442188 -0.296674 0.614406 0
0.062876 -0.237465 -0.222932 1
0.166185 -0.281472 -0.204324 0
-0.336590 -0.716832 -0.222932 0
0.442748 -0.265433 -0.018249 1
0.147056 -0.444995 -0.390399 0
0.311044 -0.207023 -0.111286 1
-0.389975 -0.486564 -0.092679 0
-0.185460 -0.267349 -0.148502 1
-0.421198 -0.150866 0.149219 0
-0.442188 -0.296674 0.614406 0
0.004467 0.127502 0.018966 2
0.126923 -0.208326 -0.241539 1
0.126755 0.236523 0.056181 0
0.320664 -0.336699 -0.371791 0
-0.105187 -0.419782 -0.427614 0
-0.470341 -0.189793 0.167826 0
-0.067247 0.070079 0.000359 2
-0.672176 0.483985 0.260864 0
-0.249433 0.693859 0.167826 0
-0.125041 0.436908 -0.092679 0
0.564813 -0.524374 -0.185717 0
-0.322486 0.634631 0.186433 0
-0.111439 -0.230357 -0.185717 1
0.221449 -0.163742 -0.167109 1
-0.249433 0.693859 0.167826 0
0.340332 0.059064 0.279471 2
-0.016485 -0.157248 -0.204324 1
0.667396 0.639860 0.298079 0
-0.208049 -0.252370 -0.129894 1
-0.127702 0.138369 0.037574 2
-0.221075 0.120803 0.074788 2
0.310169 -0.367532 -0.409007 0
-0.528917 0.514315 0.223648 0
-0.723663 0.523507 0.279471 0
0.419563 0.307641 0.018966 0
0.260822 -0.178089 -0.148502 1
-0.216702 0.628398 0.167826 0
-0.396264 0.070340 0.205041 2
0.590733 0.276251 0.130611 0
-0.184548 0.478030 -0.018249 0
-0.521009 -0.050721 0.279471 0
0.266516 0.407396 -0.055464 0
0.204367 -0.442576 -0.353184 0
0.067118 0.096167 0.018966 2
-0.207789 -0.364034 -0.148502 0
-0.363180 -0.012352 0.205041 2
0.246122 0.459497 0.149219 0
0.431863 0.495038 0.242256 0
0.095085 0.173165 0.056181 0
0.392266 -0.162607 0.112003 1
0.716036 -0.296767 -0.036857 0
-0.036079 0.085672 0.000359 2
-0.644340 -0.078502 0.205041 0
0.266516 0.392082 -0.055464 0
-0.046071 0.408959 -0.222932 0
-0.462153 0.464763 0.167826 0
0.298800 0.311512 0.000359 0
-0.173309 -0.397360 -0.315969 0
0.362494 -0.308620 -0.260146 0
-0.178036 -0.319413 -0.148502 1
0.465282 0.536830 0.242256 0
0.348147 -0.322985 -0.260146 0
-0.376057 -0.730192 -0.185717 0
-0.433275 0.179119 0.000359 0
0.120894 -0.533008 -0.353184 0
0.225245 -0.400839 -0.353184 0
-0.565686 -0.342691 0.000359 0
0.286817 0.093283 0.149219 2
0.315677 -0.512131 -0.353184 0
0.224854 0.088947 0.074788 2
-0.387593 0.048792 0.223648 2
0.164566 -0.310090 -0.222932 0
0.150033 -0.172097 -0.222932 1
-0.453966 0.472950 0.167826 0
0.090620 0.111835 0.018966 2
-0.260411 0.099944 0.093396 2
-0.174165 0.046448 0.056181 2
0.320664 -0.336699 -0.371791 0
0.438338 0.038428 0.391116 2
-0.646963 0.425185 0.260864 0
0.527933 -0.273173 -0.018249 0
0.343961 0.131912 0.223648 2
0.279188 -0.426573 -0.371791 0
0.023670 -0.507665 -0.334577 0
-0.206989 0.409145 -0.185717 0
0.111888 0.077876 0.000359 2
-0.203491 -0.350562 -0.278754 0
-0.166257 -0.348050 -0.315969 0
0.344258 -0.176210 -0.092679 1
0.077055 0.154111 0.037574 2
-0.034423 0.569989 0.112003 0
-0.202523 0.575738 0.130611 0
0.188104 -0.164561 -0.204324 1
-0.401940 -0.223603 0.558584 0
-0.587680 0.403116 0.242256 0
-0.024673 0.361994 -0.241539 0
0.408008 -0.196659 -0.036857 1
0.272285 -0.315952 -0.371791 0
0.666950 0.292941 0.167826 0
0.570060 -0.384781 -0.297362 0
-0.340535 -0.400374 -0.167109 0
-0.340647 -0.222821 0.614406 0
0.369676 -0.330149 -0.260146 0
0.003015 -0.576159 -0.297362 0
0.275039 0.065800 0.130611 2
-0.155539 0.425129 -0.111286 0
-0.104182 0.237324 -0.204324 0
-0.118733 0.545371 0.056181 0
0.023484 -0.374342 -0.409007 0
0.097021 0.651080 0.186433 0
0.626032 0.317485 0.167826 0
-0.304827 -0.674593 -0.260146 0
-0.554261 0.520102 0.242256 0
-0.652620 -0.053698 0.205041 0
-0.067637 -0.347231 -0.204324 1
0.325576 0.338958 0.018966 0
-0.470024 -0.272931 0.149219 0
-0.022440 0.581562 0.149219 0
0.364950 -0.297102 -0.148502 0
0.198041 0.252358 0.056181 0
0.650408 0.665315 0.298079 0
-0.067247 0.070079 0.000359 2
-0.605450 0.633273 0.279471 0
-0.412546 0.436238 0.093396 0
0.390070 0.553540 0.242256 0
0.325576 0.338958 0.018966 0
0.171023 -0.265879 -0.483437 0
-0.478826 -0.575210 -0.018249 0
0.286110 -0.322874 -0.371791 0
0.548550 0.410671 0.298079 0
0.448572 0.545185 0.242256 0
-0.388003 0.418654 0.056181 0
0.047655 0.577041 0.186433 0
0.475404 -0.130361 0.186433 1
0.317575 -0.267275 -0.167109 1
-0.570486 0.323123 0.223648 0
0.352278 0.622387 0.223648 0
-0.681629 0.011894 0.149219 0
0.598418 -0.342263 -0.297362 0
0.329596 -0.289157 -0.185717 0
0.006179 0.217116 0.037574 0
0.366494 0.057817 0.316686 2
-0.330710 0.609939 0.186433 0
-0.423487 -0.721074 -0.148502 0
0.115386 0.519506 -0.036857 0
0.649347 -0.235791 -0.055464 0
-0.547562 0.073019 0.074788 0
0.482010 0.528475 0.242256 0
-0.523763 -0.358377 -0.036857 0
-0.244967 0.120803 0.074788 2
-0.297831 -0.701276 -0.129894 0
0.062876 -0.237465 -0.222932 1
0.475404 -0.130361 0.186433 1
-0.388840 -0.620929 -0.111286 0
0.062876 -0.237465 -0.222932 1
-0.025324 0.169871 0.037574 2
0.156602 0.459497 0.149219 0
-0.042517 0.143170 0.018966 2
-0.376057 -0.759592 -0.185717 0
-0.081109 0.551455 0.130611 0
-0.162629 0.251931 -0.204324 0
-0.445574 -0.595660 -0.055464 0
-0.282163 0.290522 -0.148502 0
-0.413067 -0.238880 0.167826 0
0.335569 0.478328 0.186433 0
-0.404749 -0.253747 0.186433 0
0.134143 -0.193887 -0.241539 1
-0.097335 0.174486 0.018966 2
0.017194 -0.583249 -0.297362 0
0.618998 0.599500 0.279471 0
-0.345056 -0.234432 0.651621 0
-0.442727 0.098995 0.037574 0
-0.606027 0.054747 0.112003 0
-0.111477 0.368841 -0.204324 0
-0.299654 0.567644 0.130611 0
0.590733 0.276251 0.130611 0
0.336685 -0.183783 -0.092679 1
-0.439043 -0.182331 0.428331 0
-0.352127 0.156846 -0.092679 0
-0.706042 -0.012519 0.149219 0
-0.526740 -0.334894 0.000359 0
0.381306 -0.336290 -0.278754 0
0.310877 0.091720 0.186433 2
0.548513 0.082602 0.353901 0
-0.364408 -0.274178 0.130611 1
-0.588164 0.559587 0.260864 0
-0.135592 0.043861 0.037574 2
0.236856 0.527694 0.186433 0
0.478716 -0.239661 0.037574 1
0.453131 -0.201330 0.130611 1
0.050874 -0.323004 -0.446222 0
-0.724668 0.546487 0.298079 0
0.584239 -0.391870 -0.297362 0
0.515429 0.461618 0.242256 0
-0.410053 -0.372072 -0.129894 0
-0.074336 -0.755294 -0.167109 0
0.528342 0.086584 0.372508 0
0.491053 -0.222803 0.056181 1
0.335643 0.647340 0.223648 0
0.232818 0.096911 0.074788 2
0.590640 0.127335 0.242256 0
0.498663 -0.295558 -0.222932 0
-0.614065 -0.227027 0.112003 0
-0.444030 -0.272131 0.595798 0
-0.215530 -0.334671 -0.129894 1
-0.429162 -0.282272 0.130611 0
0.188104 -0.223007 -0.204324 1
-0.246158 -0.229204 -0.092679 1
-0.379722 0.062078 0.205041 2
0.126941 0.546580 0.167826 0
0.560533 -0.264093 0.018966 0
-0.045718 -0.357446 -0.371791 0
0.347850 0.432033 0.167826 0
0.319101 0.453654 0.186433 0
0.210415 0.418412 -0.074072 0
0.077055 0.154111 0.037574 2
0.405124 -0.165250 0.167826 1
0.373361 0.511747 0.242256 0
-0.572682 -0.268372 0.093396 0
0.170688 -0.521658 -0.334577 0
-0.611274 -0.070240 0.205041 0
-0.204365 0.572352 0.093396 0
-0.613898 0.616396 0.279471 0
-0.098414 -0.412990 -0.427614 0
0.033085 -0.201106 -0.241539 1
0.624953 0.631356 0.298079 0
-0.053328 0.387170 -0.222932 0
-0.421198 0.552367 0.186433 0
0.177684 -0.514661 -0.334577 0
-0.454152 0.616135 0.205041 0
0.315119 0.137476 0.167826 2
0.286817 0.085133 0.149219 2
0.463049 -0.383181 -0.390399 0
0.591868 -0.256259 0.018966 0
0.415153 0.595313 0.242256 0
-0.599142 -0.201330 0.130611 0
-0.478956 0.566509 0.205041 0
-0.208049 -0.297251 -0.129894 1
-0.521009 -0.050721 0.279471 0
-0.053030 -0.186481 -0.204324 1
0.483964 -0.282216 -0.148502 0
-0.169941 0.325002 -0.204324 0
-0.359905 -0.734490 -0.204324 0
0.259855 0.303734 0.000359 0
-0.379722 -0.285250 0.205041 0
0.085800 -0.149936 -0.204324 1
0.210954 0.272250 0.037574 0
-0.053328 0.365380 -0.222932 0
-0.066949 -0.393880 -0.353184 0
-0.441518 -0.425271 -0.111286 0
0.311044 -0.199506 -0.111286 1
0.512321 0.433577 0.260864 0
0.037142 -0.417530 -0.390399 0
