0.005275 0.032433 0.280000 0
-0.035488 0.014798 0.296000 0
0.008078 -0.025380 0.286000 0
-0.023270 0.010060 0.300000 0
0.028225 0.030517 0.300000 0
-0.009834 0.047289 0.299000 0
0.003382 0.026495 0.287000 0
-0.026351 0.006424 0.295000 0
-0.006002 -0.021863 0.284000 0
0.029340 0.040687 0.297000 0
-0.033588 0.019487 0.304000 0
-0.013439 0.048313 0.301000 0
-0.000646 -0.001791 0.278000 0
-0.006764 0.032005 0.288000 1
-0.022490 0.034634 0.299000 0
-0.026036 -0.005168 0.284000 0
-0.017705 -0.003109 0.279000 0
0.017982 0.042350 0.294000 0
-0.004650 -0.018459 0.283000 0
0.015942 0.014674 0.308000 1
-0.003985 -0.013801 0.283000 0
0.010096 0.002865 0.286000 0
-0.008490 -0.010942 0.278000 0
-0.019017 -0.005077 0.279000 0
0.028804 0.021604 0.314000 0
-0.027333 0.009542 0.306000 0
-0.032549 0.015756 0.301000 0
-0.017034 0.057705 0.302000 0
-0.008490 -0.010942 0.278000 0
-0.005981 -0.015797 0.283000 0
0.016762 0.029661 0.285000 0
-0.005409 0.020493 0.288000 1
0.002802 0.049766 0.297000 0
0.002660 0.006141 0.282000 0
0.001983 -0.003120 0.280000 0
-0.007493 0.028136 0.290000 1
-0.038338 0.022909 0.302000 0
0.010131 -0.010622 0.287000 0
0.023710 0.046904 0.288000 0
-0.001337 0.023713 0.286000 1
-0.036306 0.019736 0.297000 0
0.017738 -0.006641 0.290000 0
-0.028144 0.039892 0.307000 0
0.016092 0.046415 0.285000 0
-0.033588 0.019487 0.304000 0
0.026370 -0.001239 0.303000 0
-0.010326 0.017404 0.293000 1
0.009423 0.041870 0.286000 0
0.002125 0.052385 0.300000 0
0.040888 0.013813 0.305000 0
-0.017392 0.012014 0.296000 1
-0.003999 -0.021195 0.284000 0
-0.019222 -0.011763 0.282000 0
0.004881 0.052383 0.296000 0
0.023710 0.046904 0.288000 0
0.000683 -0.016020 0.287000 0
0.006663 0.028788 0.283000 1
-0.003284 0.001489 0.280000 0
0.014803 0.033800 0.286000 0
-0.015511 0.050974 0.300000 0
0.003394 -0.018108 0.288000 0
-0.004716 0.019072 0.287000 1
0.000664 -0.002453 0.279000 0
0.002026 -0.024707 0.286000 0
0.002802 0.049766 0.297000 0
0.027190 0.043669 0.289000 0
-0.022640 0.040528 0.301000 0
-0.023038 0.053258 0.297000 0
0.018420 0.035637 0.290000 0
0.004029 0.041054 0.285000 0
0.016035 0.032228 0.284000 0
0.002717 -0.021494 0.288000 0
0.028162 0.000188 0.307000 0
-0.019744 -0.008387 0.280000 0
0.018420 0.035637 0.290000 0
0.021383 0.020848 0.303000 0
0.041468 0.048794 0.304000 0
0.020418 0.050209 0.280000 0
0.023273 0.044655 0.291000 0
-0.006298 0.046430 0.298000 0
-0.012859 -0.022171 0.288000 0
-0.004252 0.050604 0.302000 0
0.019563 0.017570 0.308000 0
-0.028772 0.031127 0.306000 0
-0.025556 0.031431 0.302000 0
0.015010 0.003587 0.290000 0
0.001990 0.002155 0.281000 0
0.016035 0.032228 0.284000 0
-0.029054 0.011088 0.309000 0
-0.012012 0.003513 0.284000 0
-0.036631 0.009859 0.294000 0
0.000008 0.030331 0.285000 0
0.000681 0.024385 0.286000 1
0.029805 0.044195 0.288000 0
-0.004650 -0.018459 0.283000 0
-0.015681 -0.006366 0.278000 0
-0.020244 0.047671 0.297000 0
-0.002150 0.054872 0.306000 0
0.016092 0.046415 0.285000 0
0.020491 0.049728 0.281000 0
0.000008 0.000171 0.279000 0
-0.005203 -0.007646 0.277000 0
0.008022 -0.007839 0.284000 0
-0.007493 0.028136 0.290000 1
-0.007234 0.056679 0.308000 0
-0.015666 0.057184 0.303000 0
0.046672 0.044635 0.315000 0
-0.013818 0.000830 0.280000 0
0.008842 0.046387 0.289000 0
0.013277 0.017641 0.297000 1
-0.015027 -0.001137 0.278000 0
0.000683 -0.016020 0.287000 0
0.036825 0.008129 0.307000 0
-0.014580 -0.015078 0.282000 0
-0.016108 0.049233 0.298000 0
-0.003985 -0.019790 0.283000 0
0.031461 0.034498 0.304000 0
0.014328 0.025408 0.290000 1
0.026370 -0.001239 0.303000 0
-0.011145 -0.003109 0.279000 0
0.007224 0.036253 0.279000 0
0.019431 0.024459 0.295000 0
-0.015189 -0.011060 0.281000 0
0.009990 0.034111 0.283000 0
-0.036631 0.009859 0.294000 0
0.004864 0.052899 0.295000 0
-0.006277 0.044179 0.297000 0
-0.005541 0.040413 0.295000 0
-0.020517 0.027788 0.301000 0
-0.031436 0.039680 0.311000 0
-0.011391 0.050771 0.303000 0
0.006018 0.028222 0.284000 1
-0.004041 0.010974 0.287000 1
0.024726 0.042062 0.292000 0
0.024451 0.035799 0.297000 0
-0.006999 0.045029 0.298000 0
0.044043 0.008129 0.307000 0
0.021512 -0.012305 0.295000 0
0.002755 0.044809 0.292000 0
0.014328 -0.012096 0.290000 0
-0.018210 0.032416 0.298000 2
-0.016270 0.053975 0.301000 0
-0.016752 0.028117 0.297000 1
0.026278 0.039585 0.294000 0
0.043613 0.017342 0.304000 0
-0.037406 0.030270 0.312000 0
-0.002150 0.054872 0.306000 0
-0.006599 0.001494 0.281000 0
0.004666 -0.011139 0.283000 0
0.009522 -0.019530 0.289000 0
-0.011391 0.056471 0.303000 0
-0.010489 -0.003765 0.279000 0
0.011107 0.014748 0.295000 1
0.012875 0.011012 0.288000 0
-0.013912 0.032894 0.296000 0
-0.036306 0.019736 0.297000 0
-0.030677 0.004269 0.290000 0
-0.003366 0.034593 0.287000 0
0.022206 0.040413 0.295000 0
0.000669 0.008101 0.281000 0
-0.011241 0.045883 0.299000 0
0.001348 0.020949 0.285000 1
-0.018911 0.052036 0.298000 0
0.030271 0.046578 0.286000 0
0.013412 0.016409 0.300000 1
-0.010827 0.011012 0.288000 1
0.012325 0.024127 0.291000 1
0.011107 0.014748 0.295000 1
0.026725 0.023385 0.299000 0
0.026457 0.024542 0.296000 0
-0.023036 -0.010363 0.280000 0
0.006061 0.025058 0.286000 1
-0.027941 -0.013135 0.283000 0
0.043886 0.046993 0.311000 0
-0.033522 0.032263 0.310000 0
0.047032 0.049346 0.303000 0
0.039712 0.044945 0.307000 0
0.004199 0.054655 0.297000 0
-0.020467 0.022129 0.311000 0
0.042183 0.015913 0.304000 0
0.008842 0.046387 0.289000 0
0.032288 0.048595 0.286000 0
-0.038006 0.051626 0.317000 0
-0.026887 0.007970 0.301000 0
-0.010714 -0.019930 0.285000 0
-0.001412 0.051314 0.302000 0
-0.008765 0.009624 0.287000 1
0.020491 0.049728 0.281000 0
-0.002009 -0.024035 0.286000 0
0.004683 -0.001161 0.284000 0
-0.019903 0.008418 0.292000 1
0.000704 0.046118 0.296000 0
0.005350 -0.027205 0.284000 0
-0.031032 0.010295 0.307000 0
0.002755 0.044809 0.292000 0
0.021216 0.011160 0.311000 1
-0.011145 -0.003109 0.279000 0
-0.001337 0.023713 0.286000 1
-0.030202 -0.006687 0.292000 0
0.000685 0.026588 0.288000 1
-0.016216 0.038277 0.300000 0
0.005407 -0.022769 0.287000 0
0.009456 0.048090 0.287000 0
-0.030202 -0.006687 0.292000 0
0.002670 0.030784 0.283000 1
-0.004716 0.019072 0.287000 1
0.000008 0.029195 0.287000 0
0.023273 0.044655 0.291000 0
0.001990 0.002155 0.281000 0
-0.008175 0.033591 0.290000 1
-0.012769 0.005555 0.286000 0
0.012920 -0.001861 0.289000 0
-0.006787 0.019884 0.289000 1
0.008078 -0.025380 0.286000 0
-0.002607 -0.008981 0.278000 0
0.040566 0.044367 0.308000 0
0.038144 0.011700 0.306000 0
-0.036631 0.009859 0.294000 0
-0.000667 0.025146 0.287000 1
0.027966 0.043138 0.290000 0
-0.027065 0.035809 0.303000 0
0.008078 -0.025380 0.286000 0
0.039712 0.044945 0.307000 0
0.007432 0.024471 0.287000 1
0.003382 0.019072 0.287000 1
0.034433 0.023854 0.305000 0
0.012920 -0.005939 0.289000 0
0.024945 0.004461 0.303000 0
0.031461 0.034498 0.304000 0
-0.019217 0.009105 0.292000 1
-0.019677 0.035337 0.299000 0
0.007328 0.005497 0.283000 0
0.021220 -0.005296 0.291000 0
0.045348 0.048455 0.311000 0
0.035381 0.022567 0.307000 0
-0.021225 0.058222 0.301000 0
0.008163 0.021243 0.289000 1
0.010202 -0.020889 0.289000 0
0.013646 0.043820 0.290000 0
0.038036 0.042605 0.311000 0
-0.008643 -0.017128 0.283000 0
0.007432 0.024471 0.287000 1
0.011561 -0.001182 0.289000 0
-0.009834 0.047289 0.299000 0
-0.004210 0.048695 0.299000 0
-0.003307 0.004152 0.282000 0
0.028225 0.031928 0.300000 0
-0.007519 0.023443 0.291000 1
-0.008490 -0.010942 0.278000 0
0.010919 0.012452 0.290000 1
-0.034063 0.049819 0.315000 0
-0.031234 0.030706 0.309000 0
-0.025100 -0.007757 0.281000 0
0.019233 0.026270 0.292000 1
-0.019017 -0.005077 0.279000 0
-0.036054 0.029631 0.313000 0
0.035562 0.036487 0.315000 0
0.041468 0.012338 0.304000 0
0.021439 0.038202 0.294000 0
-0.025011 -0.012338 0.280000 0
-0.004252 0.050604 0.302000 0
-0.003378 0.012366 0.288000 1
0.023710 0.046226 0.288000 0
-0.008034 -0.022610 0.285000 0
-0.012457 -0.002453 0.279000 0
-0.001342 0.016372 0.287000 1
-0.011105 -0.004405 0.278000 0
-0.008490 -0.010942 0.278000 0
-0.037322 0.009167 0.294000 0
-0.000664 0.023040 0.286000 1
0.021147 0.045184 0.290000 0
0.038609 0.007335 0.304000 0
0.032782 0.025835 0.303000 0
-0.029314 0.002906 0.290000 0
0.010060 0.004866 0.285000 0
0.042014 0.020467 0.308000 0
0.022744 -0.010155 0.293000 0
-0.008287 0.039585 0.294000 0
-0.014608 0.029414 0.296000 1
-0.034792 0.018278 0.296000 0
0.016430 0.006337 0.291000 0
0.027612 0.022833 0.301000 0
0.003406 0.017846 0.289000 1
0.014958 0.007652 0.289000 0
-0.033257 -0.004770 0.301000 0
-0.004617 0.002155 0.281000 0
0.013599 -0.008657 0.289000 0
0.024945 0.004461 0.303000 0
-0.015252 0.024459 0.295000 1
-0.004584 -0.003109 0.279000 0
0.010060 0.026311 0.285000 1
-0.019744 0.000172 0.280000 0
-0.004650 -0.019124 0.283000 0
-0.030211 0.051994 0.306000 0
-0.000646 -0.005713 0.278000 0
0.022657 0.022125 0.301000 0
-0.013720 -0.001791 0.278000 0
0.045932 0.043153 0.315000 0
-0.005409 0.034037 0.288000 1
-0.002023 0.015752 0.288000 1
0.023673 0.032198 0.296000 0
-0.037449 0.012667 0.295000 0
-0.011203 0.043627 0.298000 0
0.037784 0.027599 0.315000 0
0.008078 -0.025380 0.286000 0
0.028162 0.000188 0.307000 0
0.011521 -0.014722 0.288000 0
0.023673 0.033590 0.296000 0
-0.003272 -0.010325 0.279000 0
-0.025302 0.032524 0.299000 0
0.024945 0.003036 0.303000 0
0.032241 0.042926 0.298000 0
0.011986 0.048086 0.283000 0
0.019299 -0.013599 0.293000 0
-0.022224 0.026723 0.305000 0
-0.017049 -0.007045 0.279000 0
-0.028678 0.049672 0.305000 0
-0.019217 0.009105 0.292000 1
0.027336 0.029613 0.298000 0
0.015746 -0.004611 0.291000 0
-0.002607 -0.006366 0.278000 0
0.010096 0.001520 0.286000 0
0.010096 0.002865 0.286000 0
0.014279 0.005614 0.289000 0
-0.010009 -0.017856 0.284000 0
0.013054 0.023524 0.292000 1
-0.002150 0.054152 0.306000 0
-0.025011 -0.012338 0.280000 0
-0.014608 0.029414 0.296000 1
-0.028528 -0.001906 0.296000 0
0.017526 0.019803 0.298000 1
-0.033588 0.019487 0.304000 0
0.001344 0.033564 0.284000 1
-0.007921 -0.013042 0.281000 0
0.009258 0.031888 0.281000 0
-0.033257 0.013632 0.301000 0
0.000671 -0.011763 0.282000 0
0.041468 0.016627 0.304000 0
0.012830 0.010299 0.287000 0
-0.013818 0.000830 0.280000 0
-0.030113 0.055410 0.305000 0
-0.004781 0.038497 0.291000 0
-0.006108 0.026680 0.289000 1
0.011986 0.048086 0.283000 0
0.016487 0.042749 0.292000 0
-0.039664 0.013406 0.296000 0
0.013740 0.020091 0.292000 1
0.023273 -0.007348 0.291000 0
0.043756 0.010228 0.305000 0
0.000683 0.037293 0.287000 0
0.006167 0.052866 0.291000 0
0.021439 0.038202 0.294000 0
0.017799 -0.009401 0.291000 0
-0.006482 -0.008268 0.276000 0
0.005369 -0.025961 0.285000 0
-0.001337 0.023713 0.286000 1
-0.020942 0.033005 0.297000 0
0.029805 0.044195 0.288000 0
-0.023091 0.025454 0.307000 0
-0.028606 -0.011139 0.283000 0
0.022666 -0.004627 0.292000 0
-0.023038 0.053258 0.297000 0
0.000008 0.000171 0.279000 0
0.021439 0.038202 0.294000 0
-0.030223 -0.001223 0.299000 0
0.003324 0.002825 0.282000 0
0.006710 0.000845 0.285000 0
0.023273 -0.007348 0.291000 0
0.024287 -0.010918 0.295000 0
0.045932 0.043153 0.315000 0
0.026546 -0.011690 0.297000 0
0.002623 -0.007020 0.278000 0
0.034433 0.023854 0.305000 0
0.022055 0.034628 0.293000 0
-0.013573 0.060232 0.304000 0
-0.019151 0.007705 0.291000 1
0.001990 0.006780 0.281000 0
-0.028144 0.039892 0.307000 0
-0.001337 0.023713 0.286000 1
-0.011384 -0.019259 0.285000 0
-0.010044 -0.020600 0.285000 0
-0.023038 0.052559 0.297000 0
0.004881 0.050990 0.296000 0
-0.008203 0.024127 0.291000 1
-0.008034 -0.022610 0.285000 0
0.006061 -0.001842 0.286000 0
-0.006482 -0.008268 0.276000 0
-0.006298 0.046430 0.298000 0
0.026969 -0.006041 0.294000 0
-0.004749 0.027359 0.289000 1
-0.019743 0.026990 0.300000 0
-0.035368 0.011280 0.295000 0
0.010202 -0.020889 0.289000 0
-0.019038 0.042509 0.300000 0
-0.004041 0.022446 0.287000 1
-0.020517 0.039112 0.301000 0
-0.011674 -0.009565 0.276000 0
0.012875 0.011012 0.288000 0
-0.006235 0.041107 0.295000 0
0.028162 0.000188 0.307000 0
-0.013439 0.048313 0.301000 0
-0.005409 0.021847 0.288000 1
-0.020475 0.000833 0.281000 0
-0.033522 0.051944 0.310000 0
0.002717 -0.021494 0.288000 0
0.002726 0.042310 0.289000 0
0.009258 0.031888 0.281000 0
-0.028606 -0.011139 0.283000 0
-0.023529 0.004210 0.286000 0
0.025653 0.048765 0.287000 0
0.007380 -0.011888 0.285000 0
-0.009762 -0.010251 0.277000 0
-0.021796 -0.011060 0.281000 0
-0.014608 0.029414 0.296000 1
-0.004716 0.018397 0.287000 1
-0.020517 0.039112 0.301000 0
0.003944 -0.006389 0.279000 0
0.012830 0.010299 0.287000 0
-0.003307 0.004152 0.282000 0
-0.012367 -0.005041 0.277000 0
0.015062 0.039865 0.291000 0
-0.032158 0.014483 0.304000 0
-0.011864 0.042084 0.297000 0
0.015692 0.002224 0.290000 0
0.041468 0.012338 0.304000 0
-0.010827 0.011012 0.288000 1
0.036772 0.048737 0.295000 0
-0.036400 0.050721 0.316000 0
-0.017509 0.047131 0.298000 0
0.005388 -0.013275 0.286000 0
0.032241 0.042926 0.298000 0
-0.006298 0.046430 0.298000 0
-0.029877 0.011853 0.310000 0
0.016656 0.023072 0.295000 1
-0.012769 0.005555 0.286000 0
0.023365 0.007262 0.301000 0
-0.011843 -0.012338 0.280000 0
0.028225 0.030517 0.300000 0
0.016762 0.029661 0.285000 0
-0.004182 0.043481 0.297000 0
-0.014528 -0.013042 0.281000 0
-0.005259 -0.012338 0.280000 0
-0.008626 0.051994 0.306000 0
0.023184 0.009604 0.308000 1
0.010881 0.045707 0.289000 0
-0.006599 0.001494 0.281000 0
0.012664 0.015651 0.299000 1
0.021804 0.005808 0.299000 0
-0.022457 -0.006435 0.281000 0
-0.031234 0.030706 0.309000 0
0.008751 0.011608 0.286000 0
-0.016270 0.053975 0.301000 0
-0.008146 0.016487 0.289000 1
-0.013720 -0.001791 0.278000 0
0.036772 0.048737 0.295000 0
-0.009376 0.054329 0.307000 0
0.045048 0.046708 0.314000 0
0.014625 0.018974 0.296000 1
0.022281 -0.013043 0.296000 0
-0.011584 0.012452 0.290000 1
0.016035 0.030893 0.284000 0
0.021512 -0.002594 0.295000 0
0.048001 0.045970 0.314000 0
-0.007493 0.028818 0.290000 1
-0.016921 0.043215 0.300000 0
0.009621 0.018031 0.292000 1
-0.029054 0.011088 0.309000 0
0.028352 0.044716 0.287000 0
-0.034063 0.049819 0.315000 0
0.008022 0.003513 0.284000 0
0.015800 0.041376 0.292000 0
-0.001967 -0.011021 0.280000 0
0.037064 0.043058 0.309000 0
0.008628 0.006804 0.282000 0
0.008781 0.050115 0.287000 0
0.009522 -0.019530 0.289000 0
0.040697 0.021987 0.309000 0
-0.037287 0.024323 0.311000 0
0.010202 -0.020889 0.289000 0
0.008022 -0.009843 0.284000 0
-0.037449 0.012667 0.295000 0
-0.029877 0.011853 0.310000 0
-0.031436 0.039680 0.311000 0
0.022206 0.040413 0.295000 0
-0.017568 0.036040 0.299000 0
-0.006787 0.030757 0.289000 1
-0.028144 0.042779 0.307000 0
-0.005334 0.007520 0.284000 0
-0.036631 0.009859 0.294000 0
-0.006002 0.005517 0.284000 0
0.048001 0.045970 0.314000 0
0.003944 -0.009013 0.279000 0
0.015979 0.047420 0.283000 0
0.040566 0.044367 0.308000 0
0.000664 -0.002453 0.279000 0
-0.008287 0.039585 0.294000 0
0.039453 0.013096 0.305000 0
-0.023779 -0.007096 0.281000 0
-0.010032 0.058278 0.305000 0
-0.032594 0.007118 0.295000 0
0.042014 0.020467 0.308000 0
0.009522 -0.021568 0.289000 0
-0.024787 -0.004516 0.285000 0
0.023273 0.044655 0.291000 0
-0.019165 0.039952 0.302000 0
0.007224 0.036253 0.279000 0
0.013412 0.016409 0.300000 1
0.023184 0.009604 0.308000 1
-0.003378 0.011689 0.288000 1
0.015476 0.045905 0.286000 0
0.014229 0.008303 0.288000 0
0.022666 -0.004627 0.292000 0
0.035162 0.045180 0.299000 0
-0.013126 0.025067 0.294000 1
0.026370 -0.000527 0.303000 0
-0.028772 0.031127 0.306000 0
-0.001953 -0.001137 0.278000 0
-0.012859 0.008303 0.288000 1
0.039512 0.048858 0.300000 0
0.022168 0.008764 0.304000 0
0.001983 -0.004437 0.280000 0
-0.027869 0.008764 0.304000 0
0.001348 0.020279 0.285000 1
0.009489 0.046904 0.288000 0
0.000008 0.000171 0.279000 0
-0.038968 0.015494 0.296000 0
0.040566 0.021192 0.308000 0
-0.019677 0.035337 0.299000 0
0.029805 0.044195 0.288000 0
0.046518 0.033666 0.347000 0
0.046672 0.044635 0.315000 0
0.043886 0.046993 0.311000 0
-0.033257 0.013632 0.301000 0
-0.027869 0.008764 0.304000 0
0.002792 0.048206 0.296000 0
0.007965 0.007467 0.282000 0
0.021980 -0.008060 0.292000 0
0.014279 0.037553 0.289000 0
0.009522 0.044348 0.289000 0
0.022657 0.007970 0.301000 0
0.041022 0.018895 0.306000 0
0.015476 0.045905 0.286000 0
0.028738 0.038722 0.298000 0
0.022055 0.034628 0.293000 0
0.012579 0.013451 0.297000 1
0.021980 -0.008060 0.292000 0
-0.013113 0.000171 0.279000 0
-0.031340 0.008736 0.303000 0
0.036944 0.010328 0.308000 0
-0.009440 -0.023444 0.287000 0
-0.009762 -0.010251 0.277000 0
0.008050 -0.012558 0.285000 0
0.022387 0.019679 0.307000 0
-0.025302 0.032524 0.299000 0
-0.004617 0.002155 0.281000 0
0.023673 0.032198 0.296000 0
0.039244 0.018354 0.309000 0
-0.008887 0.036444 0.291000 0
0.004749 -0.017431 0.288000 0
-0.001323 -0.013135 0.283000 0
0.018575 0.047916 0.282000 0
-0.006298 0.046430 0.298000 0
0.007302 0.039295 0.282000 0
0.008163 0.021923 0.289000 1
0.006710 0.000845 0.285000 0
0.016430 -0.003927 0.291000 0
-0.015676 0.009725 0.290000 1
0.022873 0.047923 0.286000 0
0.024451 0.023927 0.297000 0
0.009522 -0.003900 0.289000 0
0.017115 0.004968 0.291000 0
0.014625 0.018974 0.296000 1
-0.018493 -0.009739 0.281000 0
0.002125 0.052385 0.300000 0
-0.010009 0.004181 0.284000 0
-0.025386 0.050269 0.300000 0
0.040566 0.021192 0.308000 0
-0.009571 0.027549 0.291000 1
-0.025556 0.031431 0.302000 0
-0.031792 -0.007424 0.294000 0
0.002026 0.037835 0.286000 0
0.014328 0.025408 0.290000 1
-0.017705 -0.003109 0.279000 0
-0.031032 0.050720 0.307000 0
0.026370 -0.000527 0.303000 0
0.024945 0.003036 0.303000 0
0.022582 0.022757 0.300000 0
-0.020517 0.027788 0.301000 0
0.009258 0.031888 0.281000 0
-0.004650 -0.016463 0.283000 0
0.010881 0.045707 0.289000 0
0.043321 0.048554 0.307000 0
-0.005044 0.053607 0.307000 0
-0.017509 0.047131 0.298000 0
0.019233 0.026270 0.292000 1
-0.012012 0.003513 0.284000 0
0.013768 0.048950 0.266000 0
-0.008551 -0.000487 0.280000 0
-0.005541 0.040413 0.295000 0
0.001348 0.020279 0.285000 1
0.037894 0.008764 0.304000 0
-0.025586 0.012623 0.311000 0
-0.001960 -0.000485 0.279000 0
-0.012181 0.008980 0.288000 1
0.014625 0.018974 0.296000 1
0.007965 0.038632 0.282000 0
-0.004617 0.002155 0.281000 0
0.009990 0.034111 0.283000 0
0.042630 0.040573 0.318000 0
0.007328 0.005497 0.283000 0
0.005426 -0.015399 0.288000 0
0.018420 0.036319 0.290000 0
0.024945 0.003036 0.303000 0
0.024451 0.030910 0.297000 0
0.006018 0.027554 0.284000 1
-0.012012 0.003513 0.284000 0
-0.018271 0.043774 0.299000 0
-0.017655 0.020064 0.313000 0
-0.012183 0.053258 0.305000 0
0.041022 0.018895 0.306000 0
-0.019017 -0.002453 0.279000 0
-0.012435 0.021611 0.294000 1
0.022055 0.034628 0.293000 0
-0.022490 0.056429 0.299000 0
0.034433 0.025288 0.305000 0
-0.000667 0.028520 0.287000 0
0.024978 0.049440 0.287000 0
0.029799 0.008182 0.309000 0
0.016374 -0.014142 0.290000 0
0.024642 -0.006664 0.291000 0
-0.013959 0.020435 0.297000 1
-0.006002 -0.021863 0.284000 0
-0.013573 0.060232 0.304000 0
-0.038272 0.014102 0.296000 0
0.016341 0.012257 0.302000 1
0.025848 0.037195 0.297000 0
0.020536 0.030970 0.291000 0
-0.006002 0.005517 0.284000 0
-0.011241 0.045883 0.299000 0
0.008812 -0.004564 0.288000 0
0.000008 -0.008297 0.277000 0
0.008842 0.046387 0.289000 0
0.013270 0.030012 0.282000 0
0.006710 0.010227 0.285000 0
-0.008887 0.037128 0.291000 0
0.007965 0.007467 0.282000 0
0.026725 0.023385 0.299000 0
-0.003928 -0.003765 0.279000 0
0.006018 0.028222 0.284000 1
0.009258 0.031888 0.281000 0
-0.001337 -0.023362 0.286000 0
0.028738 0.038722 0.298000 0
0.039141 0.041540 0.314000 0
-0.009834 0.047289 0.299000 0
0.034433 0.023854 0.305000 0
-0.018210 0.031014 0.298000 0
-0.011145 -0.003109 0.279000 0
-0.027941 -0.013135 0.283000 0
-0.020176 0.046118 0.296000 0
-0.023503 0.037947 0.303000 0
-0.030122 -0.000518 0.298000 0
0.014328 -0.002550 0.290000 0
0.037546 0.005241 0.307000 0
-0.020994 0.013225 0.308000 1
-0.019017 -0.005077 0.279000 0
0.019431 0.024459 0.295000 0
0.020491 0.049728 0.281000 0
0.002717 -0.014045 0.288000 0
0.000683 -0.016020 0.287000 0
0.004683 -0.000494 0.284000 0
0.022822 0.038894 0.294000 0
0.007224 0.036253 0.279000 0
-0.008765 0.009624 0.287000 1
0.017799 0.000179 0.291000 0
0.018547 -0.001194 0.292000 0
0.038019 0.005924 0.305000 0
-0.011391 0.056471 0.303000 0
-0.011843 -0.012338 0.280000 0
-0.002002 -0.017249 0.285000 0
-0.021013 0.054839 0.298000 0
0.029799 0.008182 0.309000 0
0.005426 -0.015399 0.288000 0
-0.002030 0.014448 0.289000 1
-0.003284 0.001489 0.280000 0
0.017615 0.045549 0.288000 0
0.018420 0.035637 0.290000 0
0.022168 0.008764 0.304000 0
-0.017705 -0.004421 0.279000 0
0.010096 0.002865 0.286000 0
-0.008287 0.039585 0.294000 0
0.001990 0.002155 0.281000 0
-0.029054 0.011088 0.309000 0
-0.004584 -0.003109 0.279000 0
0.035266 0.023213 0.306000 0
-0.031754 0.013182 0.307000 0
0.006592 0.031116 0.280000 1
-0.020270 0.022640 0.308000 0
-0.006002 0.008188 0.284000 0
0.011561 -0.001182 0.289000 0
0.000008 -0.008297 0.277000 0
0.019299 -0.013599 0.293000 0
-0.003999 -0.021195 0.284000 0
0.039244 0.018354 0.309000 0
-0.013818 0.000830 0.280000 0
-0.022490 0.056429 0.299000 0
0.008689 0.040242 0.284000 0
-0.023038 0.053258 0.297000 0
-0.007208 -0.001797 0.279000 0
0.003324 0.001499 0.282000 0
-0.039372 0.032145 0.316000 0
-0.007921 -0.013042 0.281000 0
-0.003331 -0.017856 0.284000 0
-0.027244 0.046086 0.305000 0
-0.018332 0.023463 0.300000 0
0.035562 0.036487 0.315000 0
-0.000667 0.028520 0.287000 0
-0.028960 0.043643 0.308000 0
0.012664 0.015651 0.299000 1
0.045348 0.048455 0.311000 0
0.009456 0.048090 0.287000 0
0.014229 0.008303 0.288000 0
0.016430 -0.003927 0.291000 0
0.013646 0.043820 0.290000 0
0.023433 0.042895 0.293000 0
0.002717 -0.021494 0.288000 0
-0.008612 0.002162 0.282000 0
-0.004041 0.032569 0.287000 1
-0.031444 0.009479 0.304000 0
0.009324 0.006163 0.283000 0
0.035266 0.023213 0.306000 0
0.010768 0.025730 0.286000 1
0.036944 0.010328 0.308000 0
-0.020402 -0.005754 0.280000 0
-0.027941 -0.013135 0.283000 0
0.007432 0.024471 0.287000 1
-0.010752 -0.021345 0.286000 0
0.008842 0.046387 0.289000 0
0.000008 0.031672 0.285000 1
-0.010489 -0.003765 0.279000 0
-0.035544 0.029080 0.315000 0
0.037894 0.008764 0.304000 0
-0.037287 0.024323 0.311000 0
0.010919 0.012452 0.290000 1
0.007993 0.008824 0.283000 0
0.004199 0.054655 0.297000 0
-0.022184 -0.001170 0.286000 0
-0.006576 0.000172 0.280000 0
-0.026092 0.052385 0.300000 0
0.025848 0.037894 0.297000 0
-0.008887 0.035760 0.291000 0
0.024153 0.006576 0.302000 0
0.004128 0.046182 0.292000 0
0.026725 0.034634 0.299000 0
-0.012769 0.005555 0.286000 0
-0.007977 -0.015132 0.283000 0
0.006082 0.023121 0.287000 1
0.043900 0.014578 0.306000 0
-0.010009 0.004849 0.284000 0
0.006780 0.019815 0.288000 1
0.025653 0.048765 0.287000 0
-0.001953 -0.001137 0.278000 0
0.007965 0.038632 0.282000 0
0.010060 0.004866 0.285000 0
-0.003284 0.001489 0.280000 0
-0.013439 0.046897 0.301000 0
0.008022 0.003513 0.284000 0
0.041468 0.012338 0.304000 0
-0.023091 0.025454 0.307000 0
0.023273 -0.007348 0.291000 0
-0.026422 -0.008417 0.281000 0
0.002792 0.048206 0.296000 0
-0.008887 0.015916 0.291000 1
-0.027869 0.048794 0.304000 0
0.025674 0.027234 0.295000 0
-0.010032 0.058278 0.305000 0
0.003394 -0.018108 0.288000 0
0.013270 0.031338 0.282000 0
-0.029819 0.000875 0.295000 0
0.015692 0.006997 0.290000 0
0.010202 -0.020889 0.289000 0
0.000681 0.024385 0.286000 1
0.017526 0.019803 0.298000 1
-0.025386 0.034044 0.300000 0
0.012664 0.015651 0.299000 1
0.028225 0.033339 0.300000 0
-0.010714 0.006206 0.285000 0
0.024153 0.006576 0.302000 0
-0.015681 -0.008981 0.278000 0
0.022666 -0.004627 0.292000 0
-0.002776 0.042638 0.296000 0
0.039712 0.044945 0.307000 0
-0.028772 0.031127 0.306000 0
0.028070 0.022493 0.306000 0
-0.004252 0.050604 0.302000 0
0.007432 -0.005223 0.287000 0
0.006018 -0.027873 0.284000 0
0.028225 0.031928 0.300000 0
0.018483 0.037128 0.291000 0
0.028254 0.000913 0.308000 0
0.029805 0.044195 0.288000 0
0.042969 0.042412 0.315000 0
0.002660 0.032001 0.282000 1
-0.023115 0.051335 0.298000 0
0.045048 0.043755 0.314000 0
0.027966 0.043138 0.290000 0
-0.004252 0.050604 0.302000 0
-0.013113 0.000171 0.279000 0
0.014328 -0.002550 0.290000 0
-0.004699 -0.024707 0.286000 0
-0.004781 0.038497 0.291000 0
-0.004650 0.006828 0.283000 0
-0.037449 0.012667 0.295000 0
0.021804 0.005808 0.299000 0
-0.004896 0.047831 0.298000 0
0.009522 -0.021568 0.289000 0
0.004617 0.035725 0.280000 0
-0.031032 0.010295 0.307000 0
-0.007493 0.028818 0.290000 1
-0.012769 0.005555 0.286000 0
0.018575 0.047916 0.282000 0
0.004683 -0.000494 0.284000 0
-0.011391 0.056471 0.303000 0
0.001348 0.021620 0.285000 1
0.026370 -0.001239 0.303000 0
0.003324 0.004152 0.282000 0
0.030271 0.045905 0.286000 0
0.008751 0.011608 0.286000 0
0.022431 0.003686 0.298000 0
0.047032 0.049346 0.303000 0
-0.018149 0.049766 0.297000 0
0.007432 0.042692 0.287000 0
-0.019677 0.035337 0.299000 0
0.024642 -0.006664 0.291000 0
0.002717 -0.021494 0.288000 0
-0.014558 0.028621 0.295000 1
-0.004699 -0.024707 0.286000 0
0.016092 0.046415 0.285000 0
0.015010 -0.010051 0.290000 0
0.035266 0.023213 0.306000 0
0.048001 0.045970 0.314000 0
0.027887 -0.001958 0.304000 0
0.006780 0.043518 0.288000 0
-0.005297 0.003488 0.282000 0
0.042014 0.020467 0.308000 0
-0.031032 0.055051 0.307000 0
0.037544 0.040671 0.313000 0
-0.025669 -0.009704 0.280000 0
0.029836 0.041801 0.295000 0
-0.005409 0.021170 0.288000 1
-0.015189 -0.011060 0.281000 0
-0.009440 -0.023444 0.287000 0
0.015217 0.021611 0.294000 1
0.015476 0.045905 0.286000 0
-0.026148 0.011815 0.309000 0
-0.020270 0.022640 0.308000 0
-0.022697 0.002178 0.284000 0
-0.020517 0.027788 0.301000 0
0.023184 0.009604 0.308000 1
-0.005297 0.003488 0.282000 0
-0.004716 0.018397 0.287000 1
0.021512 -0.012305 0.295000 0
-0.003378 0.012366 0.288000 1
0.008842 -0.003220 0.289000 0
0.016374 0.044502 0.290000 0
-0.007260 0.000833 0.281000 0
-0.030122 -0.000518 0.298000 0
0.036944 0.010328 0.308000 0
0.004749 -0.014722 0.288000 0
-0.003366 0.034593 0.287000 0
-0.037322 0.009167 0.294000 0
-0.018271 0.043774 0.299000 0
0.040566 0.003086 0.308000 0
-0.011384 -0.018589 0.285000 0
0.028254 0.000913 0.308000 0
0.016341 0.012257 0.302000 1
-0.006002 0.008188 0.284000 0
-0.028678 0.049672 0.305000 0
0.041022 0.018895 0.306000 0
0.007302 0.008130 0.282000 0
-0.017705 -0.004421 0.279000 0
0.015692 0.002224 0.290000 0
0.007432 -0.005223 0.287000 0
-0.013630 0.010406 0.290000 1
0.008106 -0.016020 0.287000 0
0.044043 0.008129 0.307000 0
0.032387 0.036884 0.306000 0
0.001315 -0.009635 0.278000 0
-0.006002 0.008188 0.284000 0
-0.028772 0.031127 0.306000 0
0.028254 0.000913 0.308000 0
-0.006298 0.046430 0.298000 0
0.005275 0.037700 0.280000 0
0.024642 -0.006664 0.291000 0
0.013054 0.023524 0.292000 1
-0.004041 0.032569 0.287000 1
-0.003307 0.004815 0.282000 0
0.024451 0.035799 0.297000 0
-0.008887 0.035760 0.291000 0
0.026725 0.023385 0.299000 0
0.009456 0.048090 0.287000 0
0.005426 -0.015399 0.288000 0
-0.018210 0.031014 0.298000 0
-0.017049 -0.007045 0.279000 0
0.010096 0.002865 0.286000 0
-0.035368 0.011280 0.295000 0
-0.004896 0.047831 0.298000 0
-0.028678 0.049672 0.305000 0
-0.011145 -0.003109 0.279000 0
-0.013126 0.027141 0.294000 1
0.014328 0.043138 0.290000 0
0.000662 -0.005059 0.278000 0
0.000008 -0.008297 0.277000 0
-0.032594 0.007118 0.295000 0
0.001410 0.049233 0.298000 0
0.007302 0.008130 0.282000 0
0.042183 0.015913 0.304000 0
0.044043 0.008129 0.307000 0
-0.009111 -0.006343 0.277000 0
-0.011304 -0.016463 0.283000 0
0.026725 0.023385 0.299000 0
0.001330 0.007441 0.281000 0
-0.002150 0.054152 0.306000 0
-0.018210 0.032416 0.298000 2
-0.010827 0.011012 0.288000 1
0.027245 0.028815 0.297000 0
0.004683 -0.001161 0.284000 0
-0.004617 0.002155 0.281000 0
0.004881 0.050990 0.296000 0
0.033756 0.022200 0.312000 0
0.004683 -0.001161 0.284000 0
-0.036631 0.009859 0.294000 0
0.024863 0.001605 0.302000 0
-0.049340 -0.023967 0.396000 0
-0.031467 0.004968 0.291000 0
-0.006764 0.032005 0.288000 1
-0.016108 0.049233 0.298000 0
-0.034361 0.054306 0.311000 0
-0.031335 0.038095 0.310000 0
0.016430 -0.003927 0.291000 0
0.006780 0.043518 0.288000 0
-0.019017 -0.005077 0.279000 0
-0.010326 0.017404 0.293000 1
-0.003985 0.006163 0.283000 0
-0.003331 -0.017856 0.284000 0
-0.037025 0.027599 0.315000 0
0.032493 0.031951 0.307000 0
0.031461 0.033068 0.304000 0
-0.012435 0.020920 0.294000 1
-0.002030 0.036873 0.289000 0
0.000671 -0.011763 0.282000 0
0.036944 0.004534 0.308000 0
-0.026036 -0.005168 0.284000 0
-0.036631 0.009859 0.294000 0
-0.030113 0.055410 0.305000 0
0.012875 0.011012 0.288000 0
-0.006150 0.037813 0.291000 0
0.010919 0.012452 0.290000 1
0.012562 0.027924 0.281000 1
0.011561 -0.011375 0.289000 0
-0.027244 0.046086 0.305000 0
0.007993 0.008824 0.283000 0
-0.006482 -0.008268 0.276000 0
0.007302 0.039295 0.282000 0
-0.004864 0.041942 0.296000 0
-0.029054 0.011088 0.309000 0
0.024896 -0.009498 0.294000 0
-0.003985 -0.013801 0.283000 0
-0.024787 -0.004516 0.285000 0
-0.028678 0.049672 0.305000 0
-0.015681 -0.006366 0.278000 0
-0.027869 0.048794 0.304000 0
-0.007493 0.025408 0.290000 1
0.034433 0.025288 0.305000 0
-0.004716 0.018397 0.287000 1
-0.007493 0.028818 0.290000 1
0.008022 -0.007839 0.284000 0
0.000700 0.043733 0.294000 0
0.038144 0.011700 0.306000 0
-0.008146 0.016487 0.289000 1
-0.002023 0.015752 0.288000 1
0.037894 0.008764 0.304000 0
0.035562 0.036487 0.315000 0
0.039141 0.041540 0.314000 0
-0.016216 0.038277 0.300000 0
-0.002607 -0.008981 0.278000 0
-0.025100 -0.007757 0.281000 0
0.002670 0.030784 0.283000 1
0.020056 -0.001894 0.294000 0
-0.004864 0.041942 0.296000 0
-0.022490 0.034634 0.299000 0
-0.016216 0.037571 0.300000 0
-0.017034 0.057705 0.302000 0
0.026725 0.023385 0.299000 0
0.007380 -0.011888 0.285000 0
-0.020244 0.047671 0.297000 0
-0.032158 0.014483 0.304000 0
0.018610 -0.011533 0.293000 0
0.026725 0.023385 0.299000 0
-0.014509 0.023685 0.294000 1
0.000681 0.024385 0.286000 1
0.024451 0.035799 0.297000 0
-0.026148 0.011815 0.309000 0
-0.004732 0.013043 0.288000 1
0.039453 0.013096 0.305000 0
-0.028678 0.049672 0.305000 0
0.002033 -0.018720 0.287000 0
0.013768 0.048950 0.266000 0
-0.013126 0.025067 0.294000 1
0.026457 0.024542 0.296000 0
-0.024202 -0.003860 0.286000 0
0.039244 0.018354 0.309000 0
-0.033257 -0.004770 0.301000 0
0.011401 0.036363 0.285000 0
0.037064 0.043058 0.309000 0
0.015010 0.003587 0.290000 0
0.006082 0.023121 0.287000 1
-0.026769 -0.002567 0.292000 0
-0.032657 -0.004075 0.302000 0
0.027612 0.022833 0.301000 0
0.003382 0.026495 0.287000 0
-0.004196 0.045729 0.298000 0
-0.011053 0.031981 0.294000 1
-0.024352 -0.014313 0.280000 0
0.026278 0.039585 0.294000 0
-0.013439 0.046897 0.301000 0
-0.003985 0.006163 0.283000 0
0.003382 0.026495 0.287000 0
0.013270 0.031338 0.282000 0
0.014229 0.008303 0.288000 0
0.032493 0.031951 0.307000 0
-0.018559 -0.012426 0.282000 0
-0.022107 -0.000495 0.285000 0
-0.008551 -0.001145 0.280000 0
0.019852 0.028233 0.291000 0
0.036944 0.010328 0.308000 0
-0.010752 -0.021345 0.286000 0
0.005482 0.016601 0.291000 1
-0.020585 0.025750 0.302000 0
0.022657 0.007970 0.301000 0
0.018420 0.035637 0.290000 0
-0.018403 0.006997 0.290000 1
-0.003354 0.016988 0.286000 1
-0.035368 0.011280 0.295000 0
0.017115 0.004284 0.291000 0
-0.013818 0.000830 0.280000 0
-0.015666 0.059321 0.303000 0
0.016938 0.034714 0.288000 0
0.020418 0.050209 0.280000 0
0.024945 0.003036 0.303000 0
-0.020548 -0.001816 0.282000 0
0.037544 0.040671 0.313000 0
0.003382 -0.020744 0.287000 0
0.001367 0.039591 0.289000 0
-0.033522 0.051944 0.310000 0
0.042183 0.010909 0.304000 0
-0.003331 -0.020527 0.284000 0
-0.031032 0.055051 0.307000 0
0.000662 -0.005059 0.278000 0
-0.037406 0.025135 0.312000 0
0.008022 -0.007839 0.284000 0
-0.025011 -0.012338 0.280000 0
0.011986 0.032780 0.283000 0
0.005407 -0.023444 0.287000 0
-0.012367 -0.005041 0.277000 0
-0.004041 0.032569 0.287000 1
-0.012367 -0.005041 0.277000 0
0.004716 -0.024035 0.286000 0
-0.025048 -0.003209 0.288000 0
0.008219 0.013864 0.291000 1
0.010131 -0.010622 0.287000 0
0.026725 0.023385 0.299000 0
-0.016270 0.053267 0.301000 0
-0.033588 0.019487 0.304000 0
-0.016752 0.028117 0.297000 1
-0.011053 0.031981 0.294000 1
0.025674 0.027234 0.295000 0
-0.033738 0.058149 0.312000 0
0.038036 0.042605 0.311000 0
0.006639 -0.008447 0.282000 0
0.015979 0.047420 0.283000 0
0.002792 0.048206 0.296000 0
0.000683 0.037293 0.287000 0
0.021147 0.045184 0.290000 0
0.029805 0.044195 0.288000 0
0.009456 0.048090 0.287000 0
-0.016216 0.038277 0.300000 0
-0.013350 0.041664 0.299000 0
0.004683 -0.001161 0.284000 0
0.008078 -0.025380 0.286000 0
0.004683 -0.000494 0.284000 0
0.023710 0.046226 0.288000 0
-0.005981 -0.015797 0.283000 0
-0.008175 0.033591 0.290000 1
-0.022457 -0.006435 0.281000 0
0.017615 0.045549 0.288000 0
0.020607 0.044122 0.292000 0
-0.003331 -0.020527 0.284000 0
0.009258 0.031888 0.281000 0
0.036944 0.004534 0.308000 0
0.022808 0.021560 0.303000 0
0.009990 0.034111 0.283000 0
0.008781 0.050115 0.287000 0
0.042969 0.042412 0.315000 0
-0.019217 0.009105 0.292000 1
-0.001430 0.055591 0.306000 0
0.029316 -0.002673 0.304000 0
0.016656 0.023072 0.295000 1
-0.031444 0.009479 0.304000 0
-0.004055 0.015075 0.288000 1
0.040566 0.003086 0.308000 0
0.029598 0.047923 0.286000 0
0.006710 0.053787 0.285000 0
-0.001337 0.023713 0.286000 1
-0.038968 0.015494 0.296000 0
-0.030223 -0.001223 0.299000 0
-0.011784 0.039026 0.295000 0
0.006061 0.025058 0.286000 1
-0.025831 0.007166 0.297000 0
0.005275 0.037700 0.280000 0
0.011521 -0.014722 0.288000 0
0.031461 0.033068 0.304000 0
-0.034792 0.016886 0.296000 0
0.018547 -0.001194 0.292000 0
-0.001365 0.039316 0.292000 0
-0.017660 0.006293 0.289000 0
0.009522 -0.020209 0.289000 0
0.009258 0.031888 0.281000 0
-0.005409 0.021847 0.288000 1
-0.014147 0.049021 0.301000 0
-0.008887 0.036444 0.291000 0
0.022822 0.041659 0.294000 0
-0.020270 0.022640 0.308000 0
0.004666 -0.011139 0.283000 0
-0.002002 -0.017249 0.285000 0
0.015692 0.002224 0.290000 0
0.011321 0.048751 0.283000 0
-0.020475 0.000833 0.281000 0
-0.014288 0.058802 0.304000 0
0.040888 0.013813 0.305000 0
-0.018210 0.031014 0.298000 0
0.006061 0.025058 0.286000 1
0.044598 0.051852 0.301000 0
0.016656 0.023072 0.295000 1
0.039453 0.013096 0.305000 0
-0.006787 0.029398 0.289000 1
-0.021013 0.054839 0.298000 0
-0.000664 0.023040 0.286000 1
-0.009345 0.052713 0.306000 0
0.030342 0.039687 0.300000 0
0.042630 0.040573 0.318000 0
0.028225 0.030517 0.300000 0
-0.005409 0.021847 0.288000 1
-0.027423 0.042057 0.307000 0
0.010096 0.001520 0.286000 0
0.012198 0.038777 0.288000 0
0.008751 0.011608 0.286000 0
0.003944 -0.009013 0.279000 0
-0.000646 -0.001791 0.278000 0
-0.016108 0.049233 0.298000 0
-0.005297 0.003488 0.282000 0
-0.003378 0.012366 0.288000 1
0.022055 0.034628 0.293000 0
0.048297 0.050604 0.302000 0
-0.004650 -0.019124 0.283000 0
0.010060 0.004866 0.285000 0
-0.034792 0.018278 0.296000 0
0.009522 -0.020209 0.289000 0
-0.004182 0.043481 0.297000 0
0.024287 -0.010918 0.295000 0
0.023593 -0.003981 0.295000 0
0.029799 0.008182 0.309000 0
0.031858 0.024249 0.301000 0
-0.011015 0.022915 0.293000 1
0.009990 0.034111 0.283000 0
0.005369 -0.025961 0.285000 0
-0.034675 0.007811 0.295000 0
0.003944 -0.006389 0.279000 0
0.035266 0.023213 0.306000 0
-0.001960 -0.000485 0.279000 0
-0.018149 0.049766 0.297000 0
0.026370 -0.001239 0.303000 0
-0.008146 0.016487 0.289000 1
0.005350 -0.027205 0.284000 0
-0.031444 0.009479 0.304000 0
0.011521 -0.000501 0.288000 0
-0.004041 0.031219 0.287000 1
-0.036054 0.029631 0.313000 0
0.007457 -0.002532 0.288000 0
-0.026440 0.043791 0.304000 0
0.006639 -0.008447 0.282000 0
0.009324 0.006163 0.283000 0
-0.034303 -0.008391 0.304000 0
0.033937 0.039170 0.307000 0
-0.014147 0.045482 0.301000 0
-0.019222 -0.011763 0.282000 0
-0.019017 -0.002453 0.279000 0
0.000671 -0.011763 0.282000 0
0.017115 0.004968 0.291000 0
-0.016452 -0.010363 0.280000 0
0.017115 0.004968 0.291000 0
0.039141 0.041540 0.314000 0
-0.015681 -0.008981 0.278000 0
0.016995 0.018587 0.301000 1
-0.001337 -0.023362 0.286000 0
-0.003284 0.001489 0.280000 0
0.008219 0.013864 0.291000 1
-0.008643 -0.017128 0.283000 0
0.002717 -0.021494 0.288000 0
0.033937 0.039170 0.307000 0
-0.023038 0.053258 0.297000 0
-0.004896 0.047831 0.298000 0
-0.025100 -0.007757 0.281000 0
-0.011584 0.012452 0.290000 1
-0.019744 0.000172 0.280000 0
0.002689 0.022290 0.285000 1
0.007432 0.042692 0.287000 0
0.021216 0.011160 0.311000 1
0.015217 0.022302 0.294000 1
-0.024787 -0.004516 0.285000 0
0.021512 -0.002594 0.295000 0
0.037064 0.043058 0.309000 0
0.000683 -0.022094 0.287000 0
-0.025217 0.055539 0.298000 0
0.015800 0.041376 0.292000 0
0.000664 -0.002453 0.279000 0
0.001990 0.002155 0.281000 0
0.002033 -0.018720 0.287000 0
0.034885 0.027800 0.309000 0
-0.012012 0.003513 0.284000 0
-0.019017 -0.002453 0.279000 0
0.045048 0.046708 0.314000 0
-0.004055 0.029974 0.288000 1
-0.010714 -0.019930 0.285000 0
-0.012457 -0.002453 0.279000 0
0.026725 0.023385 0.299000 0
-0.028960 0.043643 0.308000 0
-0.028960 0.043643 0.308000 0
-0.001953 -0.001137 0.278000 0
-0.004041 0.032569 0.287000 1
-0.030211 0.051994 0.306000 0
-0.005541 0.040413 0.295000 0
0.016762 0.029661 0.285000 0
0.004716 -0.024035 0.286000 0
-0.012266 -0.024371 0.290000 0
-0.008887 0.015916 0.291000 1
-0.006576 0.000172 0.280000 0
0.010096 0.001520 0.286000 0
-0.003985 -0.019790 0.283000 0
-0.003331 -0.020527 0.284000 0
-0.004781 0.038497 0.291000 0
-0.017509 0.047131 0.298000 0
-0.036400 0.050721 0.316000 0
-0.033588 -0.003388 0.304000 0
0.005407 -0.022769 0.287000 0
-0.003928 -0.003765 0.279000 0
0.000008 -0.008297 0.277000 0
0.028449 0.041107 0.295000 0
0.015217 0.021611 0.294000 1
-0.026422 -0.013703 0.281000 0
0.018483 0.026864 0.291000 1
0.001348 0.020279 0.285000 1
0.015476 0.045905 0.286000 0
-0.003272 -0.010325 0.279000 0
0.009489 -0.018785 0.288000 0
-0.036918 0.021489 0.302000 0
-0.038846 0.025371 0.306000 0
0.001983 -0.003120 0.280000 0
0.000008 0.019609 0.285000 1
0.028225 0.030517 0.300000 0
-0.003307 0.004152 0.282000 0
0.015692 0.006997 0.290000 0
-0.012562 0.040687 0.297000 0
0.017526 0.019803 0.298000 1
-0.028490 0.055759 0.303000 0
-0.014558 0.028621 0.295000 1
0.027966 0.043138 0.290000 0
-0.028208 0.033339 0.300000 0
0.011069 0.016772 0.294000 1
0.015640 0.048369 0.277000 0
0.025935 0.036620 0.298000 0
0.010131 -0.010622 0.287000 0
-0.015356 0.034402 0.297000 0
-0.024879 0.006402 0.294000 0
0.006061 -0.001842 0.286000 0
-0.005259 -0.012338 0.280000 0
-0.004584 -0.003109 0.279000 0
0.009522 0.044348 0.289000 0
-0.010827 0.011012 0.288000 1
0.025935 0.036620 0.298000 0
-0.031340 0.008736 0.303000 0
-0.012181 0.008980 0.288000 1
-0.009974 0.002835 0.283000 0
0.007937 0.033209 0.281000 0
-0.004584 -0.003109 0.279000 0
-0.013573 0.060232 0.304000 0
0.002717 -0.014045 0.288000 0
-0.014558 0.025846 0.295000 1
-0.000646 -0.001791 0.278000 0
-0.013818 0.000830 0.280000 0
-0.007493 0.025408 0.290000 1
0.016205 0.027170 0.287000 0
-0.006482 -0.008268 0.276000 0
-0.001953 -0.001137 0.278000 0
0.022657 0.022125 0.301000 0
0.001330 0.007441 0.281000 0
0.015800 0.041376 0.292000 0
-0.006467 0.060628 0.306000 0
-0.014608 0.029414 0.296000 1
-0.031444 0.009479 0.304000 0
0.002755 0.044809 0.292000 0
-0.036400 0.050721 0.316000 0
0.024896 -0.009498 0.294000 0
-0.003914 -0.007020 0.278000 0
-0.027869 0.048794 0.304000 0
-0.008887 0.037128 0.291000 0
-0.022339 0.053956 0.297000 0
0.004683 -0.001161 0.284000 0
-0.013865 0.030008 0.295000 1
-0.034361 0.054306 0.311000 0
-0.012501 -0.011679 0.280000 0
0.036772 0.048737 0.295000 0
0.001348 0.020949 0.285000 1
-0.013959 0.020435 0.297000 1
-0.027869 0.008764 0.304000 0
0.016832 0.049389 0.265000 0
-0.031467 0.004968 0.291000 0
-0.003985 0.006163 0.283000 0
-0.030223 -0.001223 0.299000 0
-0.001342 0.016372 0.287000 1
0.045048 0.046708 0.314000 0
0.023210 0.002293 0.299000 0
-0.022184 -0.001170 0.286000 0
0.017115 -0.010770 0.291000 0
-0.033738 0.058149 0.312000 0
-0.005409 0.021847 0.288000 1
-0.033257 -0.004770 0.301000 0
-0.018210 0.031014 0.298000 0
-0.010291 0.035196 0.292000 1
-0.003378 0.012366 0.288000 1
-0.001337 -0.022690 0.286000 0
-0.017568 0.036040 0.299000 0
-0.003331 -0.017856 0.284000 0
0.004864 0.052899 0.295000 0
0.034885 0.027800 0.309000 0
0.011561 -0.011375 0.289000 0
-0.005259 -0.012338 0.280000 0
0.015217 0.020920 0.294000 1
-0.004781 0.038497 0.291000 0
-0.033588 -0.003388 0.304000 0
-0.022490 0.056429 0.299000 0
0.020536 0.032339 0.291000 0
-0.018493 -0.009739 0.281000 0
-0.020548 0.001499 0.282000 0
-0.004749 0.027359 0.289000 1
-0.029314 0.002906 0.290000 0
0.044265 0.039951 0.319000 0
0.008751 0.011608 0.286000 0
-0.033257 -0.004770 0.301000 0
0.000008 0.019609 0.285000 1
0.009489 0.046904 0.288000 0
-0.024202 -0.003860 0.286000 0
-0.035544 0.029080 0.315000 0
-0.025100 -0.007757 0.281000 0
0.034048 0.038573 0.308000 0
0.007509 0.045184 0.290000 0
0.020491 0.049728 0.281000 0
0.005275 0.032433 0.280000 0
0.027245 0.028815 0.297000 0
-0.010291 0.035196 0.292000 1
0.015979 0.047420 0.283000 0
-0.028960 0.043643 0.308000 0
0.004864 0.052899 0.295000 0
0.002651 -0.003792 0.281000 0
-0.010326 0.017404 0.293000 1
-0.005654 0.049729 0.301000 0
0.011986 0.032780 0.283000 0
-0.015681 -0.008981 0.278000 0
0.000683 -0.022094 0.287000 0
-0.004252 0.050604 0.302000 0
0.009423 -0.013947 0.286000 0
-0.017392 0.012014 0.296000 1
-0.038272 0.014102 0.296000 0
-0.002150 0.054872 0.306000 0
-0.032594 0.007118 0.295000 0
-0.026769 -0.002567 0.292000 0
0.029805 0.044195 0.288000 0
-0.013720 -0.001791 0.278000 0
0.004716 -0.024035 0.286000 0
0.011361 0.035567 0.284000 0
-0.021932 0.029911 0.301000 0
0.002755 0.044809 0.292000 0
0.001983 -0.003120 0.280000 0
-0.005259 -0.012338 0.280000 0
0.007509 0.045184 0.290000 0
0.004749 -0.017431 0.288000 0
0.029805 0.044195 0.288000 0
-0.027065 0.035809 0.303000 0
0.031461 0.033068 0.304000 0
0.010272 0.019338 0.291000 1
-0.023503 0.038659 0.303000 0
0.043613 0.017342 0.304000 0
0.004029 0.041054 0.285000 0
0.000685 0.026588 0.288000 1
-0.031335 0.038095 0.310000 0
0.016995 0.018587 0.301000 1
0.032241 0.042926 0.298000 0
-0.012972 -0.008268 0.276000 0
-0.012562 0.040687 0.297000 0
0.024978 0.049440 0.287000 0
-0.001365 0.039316 0.292000 0
-0.016270 0.053975 0.301000 0
0.006780 0.043518 0.288000 0
0.013270 0.030012 0.282000 0
0.006780 0.043518 0.288000 0
0.009522 -0.021568 0.289000 0
-0.022339 0.053956 0.297000 0
0.009423 0.041870 0.286000 0
-0.035544 0.029080 0.315000 0
-0.007234 0.056679 0.308000 0
0.024153 0.006576 0.302000 0
0.008219 0.013864 0.291000 1
0.034339 0.046182 0.292000 0
-0.012435 0.022302 0.294000 1
0.001334 0.008793 0.282000 0
-0.010564 -0.013703 0.281000 0
0.015010 -0.010051 0.290000 0
0.000683 -0.016020 0.287000 0
0.001353 -0.025380 0.286000 0
0.041468 0.016627 0.304000 0
-0.022224 0.026723 0.305000 0
-0.018493 -0.009739 0.281000 0
-0.004732 0.013043 0.288000 1
-0.015681 -0.006366 0.278000 0
0.012664 0.015651 0.299000 1
0.002660 0.032001 0.282000 1
0.006167 0.052866 0.291000 0
0.018420 0.036319 0.290000 0
0.024153 0.006576 0.302000 0
-0.013670 -0.005692 0.277000 0
0.036772 0.048737 0.295000 0
-0.007208 -0.001797 0.279000 0
0.003335 0.034111 0.283000 0
-0.004252 0.050604 0.302000 0
-0.008203 0.024127 0.291000 1
-0.007921 -0.013042 0.281000 0
-0.016162 0.051507 0.299000 0
0.003944 -0.009013 0.279000 0
0.011986 0.032780 0.283000 0
-0.029819 0.000875 0.295000 0
0.004617 0.035725 0.280000 0
-0.031537 0.048611 0.312000 0
-0.020517 0.027788 0.301000 0
0.020607 -0.008747 0.292000 0
0.015217 0.022302 0.294000 1
0.014958 -0.007977 0.289000 0
-0.006002 0.008188 0.284000 0
-0.006599 0.001494 0.281000 0
-0.024879 0.006402 0.294000 0
0.005558 0.050125 0.295000 0
0.003382 0.026495 0.287000 0
-0.009376 0.055051 0.307000 0
0.011521 -0.014722 0.288000 0
0.037784 0.027599 0.315000 0
0.037894 0.008764 0.304000 0
-0.018271 0.043774 0.299000 0
-0.005297 0.003488 0.282000 0
0.021147 0.045184 0.290000 0
0.006167 0.052866 0.291000 0
0.003382 -0.020744 0.287000 0
-0.026036 -0.005168 0.284000 0
-0.033588 -0.003388 0.304000 0
0.036825 0.008129 0.307000 0
-0.018361 -0.007701 0.279000 0
0.003335 0.034111 0.283000 0
-0.013113 0.000171 0.279000 0
-0.031436 0.038949 0.311000 0
0.003382 -0.020744 0.287000 0
-0.030223 -0.001223 0.299000 0
0.005388 0.023713 0.286000 1
-0.009440 -0.023444 0.287000 0
-0.000667 0.028520 0.287000 0
0.006082 0.023121 0.287000 1
-0.011384 -0.018589 0.285000 0
0.002660 0.006141 0.282000 0
0.044598 0.051852 0.301000 0
-0.037449 0.012667 0.295000 0
0.000683 0.037293 0.287000 0
-0.031032 0.050720 0.307000 0
0.003382 -0.020744 0.287000 0
0.016995 0.018587 0.301000 1
-0.002794 0.047131 0.298000 0
-0.006482 -0.008268 0.276000 0
-0.008612 0.002162 0.282000 0
0.015010 -0.012778 0.290000 0
-0.029877 0.011853 0.310000 0
0.024218 0.049940 0.286000 0
0.021439 0.038202 0.294000 0
-0.017660 0.006293 0.289000 0
-0.033005 0.037607 0.312000 0
0.014279 0.005614 0.289000 0
-0.005541 0.040413 0.295000 0
-0.017392 0.012014 0.296000 1
-0.003928 -0.003765 0.279000 0
0.002026 -0.024707 0.286000 0
0.004617 0.035725 0.280000 0
-0.034792 0.016886 0.296000 0
-0.006787 0.029398 0.289000 1
-0.023779 -0.007096 0.281000 0
0.001334 0.008793 0.282000 0
-0.014558 0.028621 0.295000 1
-0.033738 0.058149 0.312000 0
0.035162 0.045180 0.299000 0
0.009522 -0.021568 0.289000 0
-0.011304 -0.016463 0.283000 0
0.017738 -0.006641 0.290000 0
-0.021211 -0.013089 0.282000 0
-0.013394 0.044625 0.300000 0
-0.028960 0.043643 0.308000 0
0.029836 0.041801 0.295000 0
-0.025217 0.055539 0.298000 0
-0.025011 -0.012338 0.280000 0
-0.026769 0.005672 0.292000 0
0.002755 0.044809 0.292000 0
-0.031754 0.013182 0.307000 0
0.037784 0.027599 0.315000 0
-0.023270 0.010060 0.300000 0
-0.021225 0.058222 0.301000 0
0.021528 0.047250 0.286000 0
-0.005334 0.007520 0.284000 0
-0.027244 0.046086 0.305000 0
-0.011053 0.033363 0.294000 1
0.007965 0.038632 0.282000 0
-0.001342 0.016372 0.287000 1
-0.026614 0.040481 0.306000 0
0.008659 0.052744 0.283000 0
0.012198 -0.013367 0.288000 0
-0.028606 -0.011139 0.283000 0
-0.025669 -0.009704 0.280000 0
0.038144 0.011700 0.306000 0
0.021804 0.005808 0.299000 0
0.007302 0.008130 0.282000 0
0.039583 0.015298 0.306000 0
0.009489 0.046904 0.288000 0
-0.027244 0.046086 0.305000 0
-0.038846 0.025371 0.306000 0
0.002660 0.032001 0.282000 1
0.018547 -0.000508 0.292000 0
0.013412 0.016409 0.300000 1
0.002660 0.006141 0.282000 0
0.026969 -0.006041 0.294000 0
0.009423 -0.013947 0.286000 0
0.001330 0.007441 0.281000 0
-0.002023 0.036068 0.288000 0
-0.037287 0.024323 0.311000 0
-0.027065 0.035809 0.303000 0
0.013270 0.031338 0.282000 0
-0.022697 0.002178 0.284000 0
0.022822 0.041659 0.294000 0
0.021439 0.025759 0.294000 0
0.006018 -0.027873 0.284000 0
0.020418 0.050209 0.280000 0
0.023710 0.046904 0.288000 0
-0.018493 -0.009739 0.281000 0
0.002708 -0.020069 0.287000 0
0.035381 0.022567 0.307000 0
-0.012457 -0.002453 0.279000 0
-0.011015 0.022915 0.293000 1
-0.003331 -0.020527 0.284000 0
0.046518 0.033666 0.347000 0
-0.007977 -0.015132 0.283000 0
0.031858 0.024249 0.301000 0
-0.006129 0.024726 0.290000 1
0.022431 0.003686 0.298000 0
0.006082 0.023121 0.287000 1
0.022055 0.034628 0.293000 0
-0.002030 0.036873 0.289000 0
-0.008887 0.035760 0.291000 0
0.023433 0.042895 0.293000 0
-0.005409 0.020493 0.288000 1
-0.025761 -0.011721 0.281000 0
-0.004041 0.032569 0.287000 1
-0.033005 0.037607 0.312000 0
0.008050 -0.012558 0.285000 0
0.016487 0.042749 0.292000 0
0.033756 0.022200 0.312000 0
-0.025011 -0.012338 0.280000 0
-0.027869 0.048794 0.304000 0
0.017115 0.004284 0.291000 0
0.002061 0.012495 0.291000 1
0.043321 0.048554 0.307000 0
-0.001332 0.033012 0.285000 1
-0.002030 0.036873 0.289000 0
0.023365 0.007262 0.301000 0
-0.002023 0.015752 0.288000 1
-0.031032 0.054329 0.307000 0
-0.002607 -0.006366 0.278000 0
0.030219 0.042749 0.292000 0
0.017738 -0.006641 0.290000 0
-0.004650 -0.016463 0.283000 0
0.016430 0.006337 0.291000 0
-0.002607 -0.006366 0.278000 0
-0.025586 0.012623 0.311000 0
-0.001332 -0.015239 0.285000 0
0.017115 0.004968 0.291000 0
0.023513 0.027833 0.294000 0
-0.028396 0.032141 0.302000 0
-0.008887 0.036444 0.291000 0
-0.012635 -0.015797 0.283000 0
0.039244 0.018354 0.309000 0
0.013599 -0.008657 0.289000 0
-0.010009 -0.017856 0.284000 0
0.010919 0.012452 0.290000 1
-0.015356 0.034402 0.297000 0
-0.011053 0.033363 0.294000 1
0.014279 0.005614 0.289000 0
0.012830 0.010299 0.287000 0
-0.018210 0.045729 0.298000 0
0.028162 0.000188 0.307000 0
-0.013260 0.038592 0.297000 0
-0.004041 0.032569 0.287000 1
0.010131 -0.010622 0.287000 0
-0.012501 -0.011679 0.280000 0
0.032288 0.048595 0.286000 0
-0.012972 -0.008268 0.276000 0
-0.037449 0.012667 0.295000 0
0.028225 0.031928 0.300000 0
0.011201 0.049551 0.280000 0
-0.021083 0.031821 0.299000 0
0.001344 -0.012514 0.284000 0
0.013270 0.030012 0.282000 0
-0.005409 0.021847 0.288000 1
0.010060 0.026311 0.285000 1
-0.017049 -0.007045 0.279000 0
0.016656 0.023072 0.295000 1
-0.026148 0.011815 0.309000 0
0.004001 0.000174 0.283000 0
-0.013670 -0.005692 0.277000 0
0.028070 0.022493 0.306000 0
-0.001337 0.023713 0.286000 1
-0.004716 0.019072 0.287000 1
-0.018149 0.049766 0.297000 0
0.003394 -0.018108 0.288000 0
0.005482 0.016601 0.291000 1
0.030342 0.039687 0.300000 0
0.019431 0.024459 0.295000 0
0.014328 0.043138 0.290000 0
0.023673 0.032198 0.296000 0
0.001315 -0.007674 0.278000 0
-0.028772 0.031127 0.306000 0
0.003324 0.001499 0.282000 0
-0.004732 0.013043 0.288000 1
-0.010326 0.017404 0.293000 1
-0.004716 0.019072 0.287000 1
-0.029054 0.011088 0.309000 0
0.031461 0.033068 0.304000 0
-0.007493 0.028818 0.290000 1
0.022899 -0.003287 0.295000 0
0.004749 -0.014722 0.288000 0
0.006710 0.053787 0.285000 0
0.009522 -0.020209 0.289000 0
0.022431 0.003686 0.298000 0
-0.007519 0.023443 0.291000 1
-0.038006 0.051626 0.317000 0
0.020818 0.000875 0.295000 0
-0.006002 0.005517 0.284000 0
-0.010489 -0.003765 0.279000 0
0.007302 0.008130 0.282000 0
0.038609 0.007335 0.304000 0
0.004666 -0.011139 0.283000 0
0.021220 -0.005296 0.291000 0
0.012198 0.038777 0.288000 0
0.045932 0.043153 0.315000 0
0.000008 -0.008297 0.277000 0
-0.003284 0.001489 0.280000 0
0.024896 -0.009498 0.294000 0
0.045048 0.043755 0.314000 0
-0.002023 0.036068 0.288000 0
-0.012457 -0.002453 0.279000 0
0.010843 -0.009304 0.288000 0
0.004864 0.052899 0.295000 0
0.025848 0.037195 0.297000 0
0.016374 -0.007323 0.290000 0
-0.012972 -0.008268 0.276000 0
0.005388 -0.013275 0.286000 0
0.002026 -0.024707 0.286000 0
-0.008765 0.009624 0.287000 1
0.007432 -0.005223 0.287000 0
0.000008 0.000830 0.280000 0
-0.033626 0.017701 0.298000 0
0.025604 0.020667 0.311000 0
0.034158 0.028526 0.309000 0
-0.018493 -0.009739 0.281000 0
-0.003284 0.001489 0.280000 0
-0.012183 0.053258 0.305000 0
0.002040 -0.016753 0.288000 0
0.038036 0.042605 0.311000 0
-0.014580 -0.015078 0.282000 0
-0.004055 0.015075 0.288000 1
0.013223 0.028584 0.281000 1
0.035381 0.022567 0.307000 0
0.016035 0.032228 0.284000 0
0.035562 0.036487 0.315000 0
0.008842 -0.003220 0.289000 0
0.027336 0.029613 0.298000 0
-0.019677 0.035337 0.299000 0
0.004633 0.034531 0.281000 0
0.002033 -0.019395 0.287000 0
0.036944 0.010328 0.308000 0
0.001315 -0.007674 0.278000 0
-0.019631 0.005594 0.288000 0
-0.001412 0.051314 0.302000 0
-0.012266 -0.024371 0.290000 0
0.014279 0.037553 0.289000 0
-0.003985 -0.013801 0.283000 0
-0.014147 0.049021 0.301000 0
0.038482 0.046497 0.303000 0
0.038393 0.043643 0.308000 0
0.022822 0.038894 0.294000 0
0.022822 0.041659 0.294000 0
-0.032594 0.007118 0.295000 0
-0.007234 0.056679 0.308000 0
-0.005428 0.026000 0.289000 1
-0.031032 0.010295 0.307000 0
0.000681 0.024385 0.286000 1
-0.026092 0.052385 0.300000 0
0.024451 0.023927 0.297000 0
0.001344 -0.012514 0.284000 0
-0.005896 -0.002453 0.279000 0
0.007432 0.042692 0.287000 0
0.008812 -0.004564 0.288000 0
0.016374 -0.014142 0.290000 0
-0.016921 0.043215 0.300000 0
-0.028829 0.001552 0.292000 0
0.004666 -0.011139 0.283000 0
0.001348 0.020279 0.285000 1
-0.013630 0.010406 0.290000 1
0.015062 0.039865 0.291000 0
0.036825 0.008129 0.307000 0
-0.018271 0.043774 0.299000 0
0.014625 0.018974 0.296000 1
-0.021154 0.030517 0.300000 0
-0.003307 0.004815 0.282000 0
0.023273 0.044655 0.291000 0
-0.010044 -0.020600 0.285000 0
0.010202 -0.020889 0.289000 0
0.034158 0.028526 0.309000 0
0.016092 0.046415 0.285000 0
0.032493 0.031951 0.307000 0
0.022899 -0.003287 0.295000 0
-0.017392 0.012014 0.296000 1
-0.016216 0.037571 0.300000 0
-0.004252 0.050604 0.302000 0
0.009324 0.006163 0.283000 0
0.040754 0.006620 0.304000 0
0.028225 0.033339 0.300000 0
0.023273 -0.007348 0.291000 0
-0.027869 0.008764 0.304000 0
-0.020766 0.003526 0.285000 0
-0.009045 -0.008884 0.275000 0
-0.020402 -0.005754 0.280000 0
-0.008175 0.033591 0.290000 1
0.013552 0.000854 0.288000 0
0.006061 0.025058 0.286000 1
0.011361 0.034900 0.284000 0
-0.013912 0.032894 0.296000 0
-0.015681 -0.008981 0.278000 0
-0.006277 0.044179 0.297000 0
0.001348 0.020949 0.285000 1
-0.010291 0.035196 0.292000 1
0.042014 0.020467 0.308000 0
0.014229 0.008303 0.288000 0
0.011361 0.034900 0.284000 0
-0.001337 -0.023362 0.286000 0
-0.011391 0.056471 0.303000 0
-0.013207 0.001494 0.281000 0
-0.020942 0.033005 0.297000 0
0.016832 0.049389 0.265000 0
0.007302 0.039295 0.282000 0
-0.016162 0.051507 0.299000 0
-0.019151 0.007705 0.291000 1
0.011069 0.016772 0.294000 1
0.012198 0.038777 0.288000 0
0.005275 0.037700 0.280000 0
-0.022457 -0.006435 0.281000 0
-0.006599 0.001494 0.281000 0
0.007993 0.008824 0.283000 0
-0.025586 0.012623 0.311000 0
-0.028960 0.043643 0.308000 0
0.022744 -0.010155 0.293000 0
-0.035368 0.011280 0.295000 0
-0.008887 0.015916 0.291000 1
-0.008175 0.033591 0.290000 1
0.002125 0.052385 0.300000 0
0.023513 0.027833 0.294000 0
-0.015189 -0.011060 0.281000 0
-0.015676 0.009725 0.290000 1
-0.018361 -0.007701 0.279000 0
0.036772 0.048737 0.295000 0
0.022206 0.040413 0.295000 0
-0.033174 0.006402 0.294000 0
0.031858 0.024249 0.301000 0
0.010843 -0.006595 0.288000 0
0.010919 0.012452 0.290000 1
0.000008 0.000171 0.279000 0
0.032493 0.031951 0.307000 0
0.025028 0.005190 0.304000 0
-0.009111 -0.006343 0.277000 0
-0.016108 0.049233 0.298000 0
0.008163 0.021243 0.289000 1
0.016374 0.044502 0.290000 0
-0.005541 0.040413 0.295000 0
0.023593 -0.003981 0.295000 0
0.012920 -0.005939 0.289000 0
0.008842 0.046387 0.289000 0
0.025653 0.048765 0.287000 0
-0.015356 0.034402 0.297000 0
-0.034675 0.007811 0.295000 0
0.038482 0.046497 0.303000 0
-0.005409 0.021847 0.288000 1
0.037544 0.040671 0.313000 0
0.025604 0.020667 0.311000 0
-0.019038 0.042509 0.300000 0
-0.003296 0.002815 0.281000 0
-0.022697 0.002178 0.284000 0
-0.038846 0.025371 0.306000 0
-0.002136 0.052369 0.304000 0
0.022431 0.003686 0.298000 0
0.013646 0.043820 0.290000 0
0.005426 -0.015399 0.288000 0
-0.005259 -0.012338 0.280000 0
-0.003378 0.011689 0.288000 1
0.028225 0.033339 0.300000 0
0.016374 -0.014142 0.290000 0
0.003394 -0.018108 0.288000 0
0.015692 0.002224 0.290000 0
0.001990 0.006780 0.281000 0
-0.038968 0.015494 0.296000 0
-0.006599 0.001494 0.281000 0
-0.015511 0.050974 0.300000 0
-0.019744 0.000172 0.280000 0
-0.021796 -0.011060 0.281000 0
0.021147 0.045184 0.290000 0
0.016487 0.042749 0.292000 0
0.020536 0.029601 0.291000 0
-0.022490 0.034634 0.299000 0
-0.028490 0.055759 0.303000 0
0.039907 0.009448 0.303000 0
-0.017705 -0.003109 0.279000 0
-0.031101 0.002254 0.294000 0
0.002726 0.042310 0.289000 0
0.008050 -0.012558 0.285000 0
0.026725 0.023385 0.299000 0
0.019036 0.033475 0.289000 0
0.016205 0.027170 0.287000 0
-0.004041 0.022446 0.287000 1
0.026546 -0.011690 0.297000 0
-0.005372 -0.025380 0.286000 0
0.016487 0.042749 0.292000 0
-0.009376 0.054329 0.307000 0
0.027245 0.028815 0.297000 0
0.008022 -0.009843 0.284000 0
0.011986 0.048086 0.283000 0
0.000008 0.000171 0.279000 0
-0.025048 -0.003209 0.288000 0
0.010131 -0.010622 0.287000 0
0.001344 -0.012514 0.284000 0
-0.029974 0.030173 0.311000 0
-0.017705 -0.004421 0.279000 0
0.006018 -0.027873 0.284000 0
0.005426 -0.015399 0.288000 0
-0.005409 0.021170 0.288000 1
0.010843 -0.006595 0.288000 0
-0.020176 0.044030 0.296000 0
0.019233 0.026270 0.292000 1
-0.008887 0.035760 0.291000 0
-0.018403 0.006997 0.290000 1
-0.003354 0.017660 0.286000 1
-0.028528 -0.001906 0.296000 0
0.005426 -0.015399 0.288000 0
-0.019743 0.026990 0.300000 0
0.010655 0.009490 0.283000 0
0.027336 0.029613 0.298000 0
-0.010326 0.017404 0.293000 1
0.021439 0.038202 0.294000 0
0.021980 -0.008060 0.292000 0
-0.031754 0.013182 0.307000 0
0.034339 0.046182 0.292000 0
0.017799 0.000179 0.291000 0
-0.031335 0.038095 0.310000 0
-0.025586 0.012623 0.311000 0
0.013646 0.043820 0.290000 0
0.010843 -0.006595 0.288000 0
-0.011015 0.030494 0.293000 1
0.035381 0.022567 0.307000 0
-0.011424 0.006900 0.286000 0
0.006018 -0.027873 0.284000 0
-0.026422 -0.008417 0.281000 0
-0.016863 0.004225 0.287000 0
-0.004584 -0.004421 0.279000 0
-0.006002 0.005517 0.284000 0
0.019365 0.039585 0.294000 0
-0.025386 0.034044 0.300000 0
0.006639 -0.008447 0.282000 0
-0.003307 0.004152 0.282000 0
-0.031335 0.038095 0.310000 0
-0.022184 -0.001170 0.286000 0
0.034158 0.037972 0.309000 0
-0.029054 0.011088 0.309000 0
-0.025761 -0.011721 0.281000 0
-0.013126 0.027141 0.294000 1
0.012579 0.013451 0.297000 1
0.016762 0.029661 0.285000 0
0.021512 0.041107 0.295000 0
0.037894 0.008764 0.304000 0
-0.031436 0.038949 0.311000 0
0.002651 -0.003792 0.281000 0
0.009324 0.006163 0.283000 0
0.013740 0.020091 0.292000 1
0.022822 0.038894 0.294000 0
0.015010 0.003587 0.290000 0
-0.006787 0.019884 0.289000 1
-0.033588 0.019487 0.304000 0
0.024863 0.001605 0.302000 0
0.001315 -0.009635 0.278000 0
0.008659 0.026791 0.283000 1
-0.022224 0.026723 0.305000 0
-0.031467 0.004968 0.291000 0
0.043886 0.046993 0.311000 0
0.008022 -0.009843 0.284000 0
-0.018210 0.045729 0.298000 0
-0.034211 0.012054 0.297000 0
-0.011015 0.022915 0.293000 1
-0.020517 0.027788 0.301000 0
0.003382 0.026495 0.287000 0
0.014229 0.008303 0.288000 0
-0.016162 0.036743 0.299000 0
-0.002002 -0.026631 0.285000 0
-0.003284 0.001489 0.280000 0
0.031254 0.028590 0.302000 0
0.041468 0.016627 0.304000 0
0.006061 0.025058 0.286000 1
-0.027853 0.003575 0.289000 0
-0.017509 0.047131 0.298000 0
0.018483 0.026864 0.291000 1
0.041022 0.018895 0.306000 0
0.042014 0.020467 0.308000 0
0.034048 0.038573 0.308000 0
0.008163 0.047746 0.289000 0
0.016374 0.044502 0.290000 0
-0.038338 0.022909 0.302000 0
-0.021932 0.029911 0.301000 0
-0.026402 0.028070 0.312000 0
-0.016863 0.004225 0.287000 0
0.041022 0.018895 0.306000 0
-0.008146 0.016487 0.289000 1
0.047587 0.051314 0.302000 0
-0.004055 0.015075 0.288000 1
-0.025217 0.055539 0.298000 0
-0.024202 -0.003860 0.286000 0
-0.008887 0.015916 0.291000 1
0.036944 0.003810 0.308000 0
-0.026769 0.005672 0.292000 0
-0.002030 0.014448 0.289000 1
-0.015189 -0.011060 0.281000 0
-0.008551 -0.001145 0.280000 0
0.011561 -0.001182 0.289000 0
-0.002136 0.052369 0.304000 0
-0.022697 0.002178 0.284000 0
0.003382 0.026495 0.287000 0
-0.006467 0.060628 0.306000 0
-0.025556 0.031431 0.302000 0
-0.007493 0.028136 0.290000 1
-0.017509 0.047131 0.298000 0
0.023593 -0.003981 0.295000 0
0.003382 -0.020744 0.287000 0
-0.022005 0.029300 0.302000 0
-0.017705 -0.004421 0.279000 0
0.002040 -0.016753 0.288000 0
-0.022297 0.024652 0.306000 0
-0.007208 -0.001797 0.279000 0
0.006592 0.031116 0.280000 1
-0.008551 -0.001145 0.280000 0
-0.001995 -0.014517 0.284000 0
-0.009571 0.027549 0.291000 1
-0.003307 0.004815 0.282000 0
0.021439 0.025759 0.294000 0
-0.017509 0.047131 0.298000 0
0.004633 0.035192 0.281000 0
0.017785 0.048234 0.280000 0
-0.034303 -0.008391 0.304000 0
0.009489 0.046904 0.288000 0
-0.013959 0.020435 0.297000 1
0.001344 -0.012514 0.284000 0
-0.010326 0.018093 0.293000 1
0.010202 -0.020889 0.289000 0
0.020536 0.032339 0.291000 0
-0.020942 0.048369 0.297000 0
-0.005372 -0.025380 0.286000 0
0.030271 0.045905 0.286000 0
-0.004041 0.022446 0.287000 1
0.009489 0.046904 0.288000 0
-0.027244 0.046086 0.305000 0
-0.031792 -0.007424 0.294000 0
-0.015676 0.009725 0.290000 1
-0.031436 0.038949 0.311000 0
-0.007921 -0.013042 0.281000 0
-0.021013 0.010694 0.298000 1
-0.010752 -0.021345 0.286000 0
0.007965 0.038632 0.282000 0
0.014328 -0.012096 0.290000 0
0.008050 -0.012558 0.285000 0
0.017115 0.002916 0.291000 0
-0.008626 0.051994 0.306000 0
-0.020402 -0.005754 0.280000 0
-0.005203 -0.007646 0.277000 0
-0.010009 0.004181 0.284000 0
0.023210 0.002293 0.299000 0
0.012607 0.027360 0.282000 1
-0.018393 0.056098 0.301000 0
-0.021932 0.029911 0.301000 0
0.027190 0.043669 0.289000 0
0.036825 0.008129 0.307000 0
0.018483 0.037128 0.291000 0
-0.005203 -0.009600 0.277000 0
-0.026422 -0.013703 0.281000 0
0.004633 0.035192 0.281000 0
0.025028 0.005190 0.304000 0
0.014958 -0.007977 0.289000 0
-0.002002 -0.026631 0.285000 0
0.043613 0.017342 0.304000 0
-0.028396 0.032141 0.302000 0
0.028641 0.026022 0.297000 0
0.040888 0.013813 0.305000 0
0.037304 0.019935 0.311000 0
0.000683 -0.016020 0.287000 0
0.003324 0.004152 0.282000 0
0.019036 0.033475 0.289000 0
-0.028490 0.055759 0.303000 0
-0.032549 0.015756 0.301000 0
0.015746 -0.003243 0.291000 0
-0.013720 -0.001791 0.278000 0
0.010881 0.045707 0.289000 0
0.000685 0.026588 0.288000 1
0.022206 0.040413 0.295000 0
0.034885 0.027800 0.309000 0
0.016374 -0.007323 0.290000 0
0.010655 0.009490 0.283000 0
-0.032594 0.007118 0.295000 0
