0.486559 -0.378941 -0.071632 0
-0.207415 0.238829 0.149852 2
0.053831 0.535435 -0.162831 0
-0.166610 0.375315 0.058653 2
0.471889 -0.078687 -0.084661 0
0.300174 -0.169652 -0.332201 0
0.535051 -0.265086 -0.110718 0
0.286220 0.363837 0.267108 2
0.118726 0.426126 0.084709 2
-0.192224 0.003235 0.084709 0
-0.419948 0.070423 0.280136 0
-0.160448 -0.123453 0.058653 0
0.321006 -0.086544 -0.149803 1
0.217795 -0.439276 -0.201917 0
-0.226528 0.232458 0.149852 2
-0.098302 -0.275925 -0.188888 0
-0.043947 0.337676 0.032596 2
0.284448 -0.206314 -0.332201 0
-0.317884 0.219234 0.175909 0
0.023697 0.344151 0.045624 2
0.317059 0.558821 0.162880 0
0.217925 0.485640 -0.019518 0
0.094767 -0.341615 -0.214945 0
0.236946 0.399991 0.188937 2
0.050653 -0.082453 -0.214945 1
0.087223 -0.274857 -0.241002 0
0.217925 0.485640 -0.019518 0
-0.443178 -0.045973 0.306193 0
-0.210360 -0.170577 -0.058604 0
0.370788 -0.253034 -0.241002 0
0.194656 -0.309747 -0.254031 0
0.273973 -0.242989 -0.332201 0
-0.433316 0.137207 0.280136 0
0.045128 -0.192739 -0.214945 0
-0.315617 -0.365183 0.228023 0
-0.410333 -0.146123 0.254079 0
-0.230111 0.455779 -0.019518 0
0.194018 -0.369196 -0.214945 0
-0.397370 -0.277606 0.319222 0
-0.436807 -0.126280 0.254079 0
-0.092726 -0.424267 -0.097689 0
-0.211584 -0.157327 -0.032547 0
-0.481925 0.242568 0.449506 0
0.284709 0.277524 0.306193 2
-0.373202 -0.437140 0.280136 0
-0.350207 0.339748 0.110766 0
0.480800 -0.054624 -0.045575 0
-0.191729 -0.075899 0.071681 0
-0.158428 -0.368610 -0.019518 0
-0.164043 -0.317799 -0.032547 0
-0.504438 0.435507 0.358307 0
0.495171 0.084989 0.071681 0
-0.127460 -0.163711 -0.097689 1
0.070742 0.569257 -0.162831 0
-0.207415 0.130511 0.149852 0
0.129501 0.561114 -0.136774 0
0.365576 -0.225609 -0.267059 0
-0.548709 0.418179 0.423449 0
0.281282 0.324205 0.280136 2
-0.154298 0.295268 0.058653 2
0.118752 -0.190459 -0.254031 0
-0.239973 0.136243 0.162880 0
0.495171 0.084989 0.071681 0
0.167883 -0.378277 -0.201917 0
-0.080336 0.456287 0.071681 0
-0.201904 -0.517929 0.019567 0
-0.080218 -0.060565 0.097738 0
-0.262278 -0.570877 0.110766 0
0.423019 -0.154552 -0.149803 0
-0.197917 -0.403878 0.071681 0
0.072710 0.356411 0.045624 2
0.370488 0.019808 0.175909 0
0.532601 -0.238977 -0.097689 0
0.209365 -0.169483 -0.306145 0
-0.306028 0.225462 0.188937 0
0.217912 -0.236996 -0.358258 0
0.118114 0.555421 -0.136774 0
-0.277508 -0.366512 0.149852 0
-0.081443 -0.332638 -0.162831 0
-0.179782 -0.065164 0.084709 0
-0.173163 0.357284 0.071681 2
-0.392875 0.362091 0.214994 0
0.166085 0.511723 -0.058604 0
-0.073873 -0.049621 0.110766 0
0.303457 0.601945 0.201966 0
-0.332528 -0.126906 0.123795 0
-0.111917 0.097822 0.162880 0
-0.185853 0.520830 -0.084661 0
-0.305024 0.361596 0.019567 0
-0.411806 -0.081567 0.267108 0
0.163753 -0.465489 -0.188888 0
0.349356 0.352411 0.332250 0
-0.030827 -0.100653 0.071681 1
0.479419 0.028120 0.084709 0
-0.173567 -0.071392 0.084709 0
0.121136 -0.327257 -0.227974 0
0.266182 0.381660 0.214994 2
0.223345 -0.472551 -0.201917 0
0.328380 -0.150696 -0.293116 0
-0.191729 0.041682 0.071681 0
-0.294901 0.460561 0.045624 0
-0.139524 -0.144885 -0.071632 1
-0.173163 0.283022 0.071681 2
-0.081209 -0.138384 -0.110718 1
0.212648 -0.351191 -0.241002 0
0.288669 0.606844 0.188937 0
0.423019 -0.154552 -0.149803 0
-0.340670 -0.251289 0.214994 0
0.022433 -0.294361 -0.227974 0
-0.397097 -0.159360 0.254079 0
0.460762 0.077863 0.084709 0
-0.409448 0.451701 0.188937 0
-0.351979 -0.287651 0.267108 0
-0.241237 -0.063522 0.071681 0
0.300877 -0.311871 -0.267059 0
0.200089 -0.331440 -0.254031 0
-0.086654 -0.129733 0.019567 1
0.067186 -0.165157 -0.214945 1
-0.120607 -0.231316 -0.188888 0
0.001014 -0.352650 -0.214945 0
0.158111 -0.302113 -0.241002 0
0.258261 -0.201077 -0.332201 0
-0.489091 0.375159 0.397392 0
0.218159 -0.177482 -0.319173 0
0.158111 -0.258493 -0.241002 0
0.424530 -0.012620 0.058653 0
0.241168 -0.280772 -0.306145 0
-0.218164 0.443832 -0.019518 0
-0.154598 -0.094465 0.071681 1
-0.366714 0.334406 0.149852 0
0.276735 -0.468447 -0.214945 0
0.491028 -0.262232 -0.149803 0
0.084709 -0.372740 -0.201917 0
0.357603 -0.324652 -0.280088 0
-0.009096 -0.175567 -0.188888 1
0.163753 -0.465489 -0.188888 0
-0.070304 -0.211643 -0.175860 0
-0.092726 -0.223030 -0.201917 0
-0.299565 -0.362760 0.188937 0
0.290585 -0.112809 -0.162831 0
0.431383 -0.209011 -0.188888 0
-0.262552 0.385855 0.019567 0
0.346490 -0.288068 -0.254031 0
-0.103813 -0.511363 -0.201917 0
0.465830 0.218765 0.201966 0
0.375634 -0.017623 -0.006490 1
0.209365 -0.169483 -0.306145 0
-0.583781 0.432211 0.423449 0
-0.242709 0.345649 0.097738 0
0.456437 0.563811 0.553734 0
-0.250487 -0.442442 0.123795 0
-0.158428 -0.368610 -0.019518 0
-0.304008 -0.472017 0.162880 0
-0.389253 -0.484055 0.306193 0
0.275993 -0.336859 -0.254031 0
-0.189280 -0.133746 0.006539 0
0.370488 0.502356 0.254079 0
-0.157660 0.231755 0.201966 0
-0.239035 -0.454845 0.032596 0
-0.373294 -0.166460 0.214994 0
0.319026 0.566638 0.175909 0
-0.273066 0.015678 0.084709 0
-0.124111 -0.011943 0.110766 0
-0.116620 -0.398484 -0.019518 0
0.480344 -0.003722 0.032596 0
0.061675 -0.159646 -0.214945 1
-0.073873 -0.049621 0.110766 0
-0.278368 -0.471952 0.071681 0
0.423045 -0.166799 -0.175860 0
-0.390608 -0.284368 0.319222 0
0.282259 0.533142 0.097738 0
-0.142221 -0.088276 0.071681 1
0.007085 -0.106581 -0.201917 1
0.147206 -0.253034 -0.241002 0
0.275993 -0.342292 -0.254031 0
-0.149230 0.013176 0.110766 0
-0.310405 -0.260721 0.162880 0
0.170488 -0.064043 -0.227974 1
0.480344 -0.009819 0.032596 0
-0.387729 0.054398 0.228023 0
0.384351 -0.184687 -0.227974 0
-0.239973 0.136243 0.162880 0
-0.123499 0.375315 0.058653 2
0.212010 0.463440 0.084709 0
-0.297937 0.307971 0.084709 0
-0.128932 -0.133746 0.006539 1
0.300877 -0.306477 -0.267059 0
-0.395689 -0.012477 0.241051 0
-0.458304 0.027065 0.319222 0
0.351011 0.525221 0.214994 0
-0.209708 0.381478 0.058653 0
-0.418450 -0.008451 0.267108 0
0.111300 -0.176192 -0.214945 0
0.436959 -0.242468 -0.188888 0
0.335650 -0.282635 -0.254031 0
-0.271294 -0.486752 0.058653 0
0.204440 0.555851 -0.032547 0
0.331025 -0.420893 -0.188888 0
-0.323212 0.232289 0.162880 0
0.462287 -0.301344 -0.175860 0
0.010916 0.355968 0.032596 2
0.116824 -0.065907 -0.214945 1
0.361968 -0.450363 -0.201917 0
-0.293677 -0.225466 0.110766 0
0.149903 -0.225609 -0.267059 0
-0.067477 -0.000686 0.123795 0
-0.575938 0.292910 0.553734 0
-0.098875 0.449213 0.058653 0
0.116824 -0.347139 -0.214945 0
-0.037850 0.325481 0.032596 2
-0.130573 0.037175 0.123795 0
-0.299565 0.147904 0.188937 0
0.252346 -0.328052 -0.267059 0
0.212245 -0.444826 -0.201917 0
0.158176 -0.448761 -0.188888 0
-0.170649 0.212277 0.201966 0
0.252346 -0.328052 -0.267059 0
-0.199702 -0.151386 -0.032547 0
0.055069 0.430738 0.058653 0
0.540966 -0.157887 0.006539 0
0.583217 -0.200139 0.006539 0
-0.137531 0.110629 0.162880 0
0.452594 0.117456 0.045624 0
-0.264753 -0.423864 0.149852 0
0.331872 -0.468447 -0.214945 0
-0.185540 0.363472 0.071681 2
0.236295 -0.382094 -0.227974 0
0.020010 0.541063 -0.162831 0
-0.052403 -0.126867 -0.110718 1
0.385927 0.330589 0.267108 0
0.399529 -0.000686 0.123795 0
-0.241302 0.520192 -0.032547 0
-0.218320 0.258111 0.110766 2
-0.047621 -0.191722 -0.162831 0
-0.357738 -0.155907 0.188937 0
0.328953 0.338810 0.332250 0
-0.254318 0.180214 0.188937 0
-0.305024 0.355538 0.019567 0
0.159518 -0.080498 -0.227974 1
-0.065301 -0.223069 -0.227974 0
-0.187833 0.118485 0.136823 0
-0.069926 -0.156845 -0.136774 1
0.271224 -0.457425 -0.214945 0
0.370045 -0.437609 -0.188888 0
-0.317701 -0.116809 0.097738 0
0.294923 -0.180127 -0.332201 0
0.213143 0.385386 0.149852 2
0.342659 -0.084655 -0.123746 1
-0.184876 -0.230534 -0.110718 0
0.193471 -0.233075 -0.306145 0
0.494180 -0.322085 -0.136774 0
0.398043 -0.165157 -0.214945 0
-0.023297 -0.032241 0.123795 0
0.548405 -0.382329 -0.058604 0
0.212245 -0.117669 -0.201917 1
0.017560 -0.385729 -0.214945 0
-0.297937 0.307971 0.084709 0
0.356509 -0.051992 -0.110718 1
-0.068336 0.331579 0.032596 2
0.217795 -0.134306 -0.201917 0
-0.236091 -0.225245 -0.019518 0
0.291067 -0.145354 -0.293116 0
0.116368 0.497587 -0.019518 0
-0.262552 0.385855 0.019567 0
-0.516906 0.027442 0.397392 0
0.070873 -0.242130 -0.241002 0
0.419501 0.238686 0.162880 0
-0.280166 0.193151 0.188937 0
0.055069 0.406102 0.058653 2
0.397444 -0.011213 0.045624 1
0.561551 -0.302673 -0.097689 0
-0.416952 0.151643 0.254079 0
0.056164 -0.176192 -0.214945 0
0.543754 -0.137706 -0.006490 0
0.292669 -0.046872 -0.149803 1
-0.036052 0.491542 -0.149803 0
-0.180029 0.526654 -0.084661 0
0.228960 0.405802 0.175909 2
0.376234 -0.280303 -0.241002 0
0.268736 -0.216789 -0.332201 0
-0.322170 -0.470075 0.228023 0
-0.081443 -0.332638 -0.162831 0
-0.273704 0.186689 0.188937 0
-0.003025 -0.088302 -0.175860 1
0.489594 -0.182342 -0.058604 0
0.313007 -0.203826 -0.319173 0
0.519000 -0.041179 -0.058604 0
0.470964 -0.017336 0.045624 0
-0.148409 0.289210 0.071681 2
0.236178 -0.322658 -0.267059 0
-0.143693 0.105014 0.149852 0
-0.031440 0.399301 0.045624 2
0.378865 -0.261451 -0.227974 0
0.328380 -0.150696 -0.293116 0
-0.041719 0.559551 -0.149803 0
0.194018 -0.369196 -0.214945 0
0.359883 -0.269398 -0.241002 0
-0.275606 -0.089071 0.032596 0
0.317045 -0.274127 -0.267059 0
0.022433 -0.294361 -0.227974 0
-0.204653 0.351499 0.084709 2
-0.251256 0.118485 0.136823 0
-0.257588 -0.395175 0.136823 0
-0.280752 0.507176 0.019567 0
-0.021043 -0.319558 -0.214945 0
0.059473 0.552346 -0.162831 0
0.424530 -0.012620 0.058653 0
0.070742 0.569257 -0.162831 0
-0.120607 -0.231316 -0.188888 0
0.164743 0.533859 -0.071632 0
0.217795 -0.134306 -0.201917 0
-0.494328 0.355421 0.436478 0
-0.151445 0.218531 0.214994 0
-0.377124 0.380605 0.188937 0
-0.129661 0.363003 0.058653 2
0.260307 -0.156402 -0.319173 0
0.408961 -0.140990 -0.162831 0
-0.397097 -0.033635 0.254079 0
0.217795 -0.467001 -0.201917 0
0.535051 -0.316926 -0.110718 0
-0.574596 0.241305 0.592819 0
0.067186 -0.165157 -0.214945 1
0.094311 0.576553 -0.149803 0
0.420101 -0.303025 -0.214945 0
0.507548 -0.181104 -0.032547 0
0.164743 0.533859 -0.071632 0
0.160938 -0.132078 -0.214945 1
0.174905 -0.482218 -0.188888 0
0.468358 -0.211226 -0.149803 0
0.465830 0.218765 0.201966 0
0.399529 -0.000686 0.123795 0
-0.103813 -0.511363 -0.201917 0
-0.007363 0.362065 0.032596 2
-0.241967 0.046777 0.084709 0
0.059473 0.546705 -0.162831 0
-0.158767 -0.419916 -0.006490 0
-0.080401 0.424576 0.058653 2
-0.061158 -0.013311 0.123795 0
0.284448 -0.206314 -0.332201 0
0.024283 0.449213 0.058653 2
0.420270 -0.037192 0.006539 0
0.216348 -0.263939 -0.332201 0
0.427097 -0.007826 0.071681 0
-0.032743 -0.247588 -0.241002 0
0.270847 -0.151139 -0.319173 0
0.370788 -0.253034 -0.241002 0
-0.206308 0.251740 0.123795 2
0.565016 -0.352259 -0.084661 0
-0.006503 0.436888 0.058653 2
-0.067711 -0.079313 0.097738 0
-0.304008 -0.472017 0.162880 0
-0.055764 0.412264 0.058653 2
-0.133466 -0.433752 -0.084661 0
0.328953 0.338810 0.332250 0
0.012049 -0.380218 -0.214945 0
0.295418 -0.455914 -0.201917 0
-0.395689 0.132426 0.241051 0
-0.362767 0.465355 0.110766 0
-0.227818 0.174208 0.175909 0
-0.363652 0.239845 0.058653 0
0.561551 -0.308457 -0.097689 0
0.184455 -0.214652 -0.293116 0
-0.030827 0.474853 0.071681 0
0.471889 -0.078687 -0.084661 0
-0.098901 -0.125408 0.071681 1
0.087223 -0.296667 -0.241002 0
0.087719 0.503372 -0.084661 0
-0.021043 -0.319558 -0.214945 0
-0.327876 0.481041 0.071681 0
-0.058904 0.507241 -0.162831 0
-0.497820 0.103216 0.410421 0
-0.115760 -0.195983 -0.110718 0
0.400805 -0.217584 -0.227974 0
-0.367783 -0.353171 0.293165 0
-0.307278 -0.480316 0.123795 0
-0.098211 -0.431446 -0.227974 0
-0.202999 0.387041 0.045624 0
-0.124424 0.061421 0.136823 0
-0.087241 -0.234039 -0.227974 0
0.447382 0.063427 0.110766 0
0.045128 -0.192739 -0.214945 0
0.159518 -0.069528 -0.227974 1
-0.401331 -0.252526 0.293165 0
-0.419948 -0.190042 0.280136 0
0.370215 0.358000 0.293165 0
-0.201344 -0.109604 0.006539 0
0.225091 -0.114229 -0.188888 1
0.143598 0.382598 0.084709 2
0.245011 0.355147 0.201966 2
-0.351979 -0.394015 0.267108 0
0.207619 -0.203826 -0.319173 0
-0.000810 0.417671 0.045624 2
-0.058539 -0.139752 -0.136774 1
-0.098263 -0.516913 -0.201917 0
-0.356487 0.459075 0.110766 0
-0.037277 -0.223030 -0.201917 0
0.506258 -0.224776 -0.110718 0
-0.322170 -0.470075 0.228023 0
0.568482 -0.361379 -0.071632 0
-0.198048 0.487047 -0.071632 0
-0.294041 0.173309 0.201966 0
-0.280166 0.160828 0.188937 0
-0.155731 -0.525772 -0.123746 0
-0.239035 -0.485332 0.032596 0
0.269192 -0.431446 -0.227974 0
-0.268558 -0.583436 0.110766 0
0.330217 -0.130814 -0.254031 0
-0.513636 0.095477 0.423449 0
-0.315499 0.431533 0.071681 0
-0.111187 0.399952 0.058653 2
0.407372 0.335670 0.201966 0
0.099118 0.394415 0.071681 2
0.147206 -0.247588 -0.241002 0
-0.247243 0.508310 -0.032547 0
0.313007 -0.203826 -0.319173 0
0.503652 -0.354787 -0.097689 0
0.070873 -0.214874 -0.241002 0
-0.310379 0.121404 0.084709 0
-0.434866 0.196982 0.293165 0
0.370045 -0.415317 -0.188888 0
-0.127460 -0.163711 -0.097689 1
0.297190 -0.230169 -0.319173 0
0.217912 -0.236996 -0.358258 0
0.247786 -0.169652 -0.332201 0
-0.310405 -0.260721 0.162880 0
-0.144826 -0.441634 -0.097689 0
-0.155210 0.270658 0.097738 2
0.143076 -0.075013 -0.227974 1
0.331872 -0.468447 -0.214945 0
0.061675 -0.181704 -0.214945 0
-0.105038 0.381478 0.058653 2
-0.254409 -0.525368 0.084709 0
-0.053054 0.548216 -0.149803 0
0.582474 -0.340625 -0.084661 0
0.471081 0.600421 0.553734 0
0.419501 0.238686 0.162880 0
-0.351979 -0.287651 0.267108 0
0.342659 -0.061750 -0.123746 1
0.163518 0.445643 0.097738 0
-0.366766 -0.192556 0.214994 0
-0.313284 0.515710 0.045624 0
-0.295918 -0.080355 0.058653 0
0.495171 0.084989 0.071681 0
-0.304165 0.090305 0.084709 0
-0.210294 -0.416255 0.071681 0
-0.310379 0.121404 0.084709 0
-0.215597 -0.542774 -0.071632 0
-0.552044 0.198024 0.540706 0
0.228960 0.335044 0.175909 2
0.214668 -0.164180 -0.306145 0
-0.154298 0.393790 0.058653 0
-0.036052 0.491542 -0.149803 0
-0.126730 -0.216893 -0.149803 0
0.187582 -0.419069 -0.175860 0
-0.418971 0.401242 0.214994 0
-0.423935 0.459062 0.201966 0
-0.230111 0.455779 -0.019518 0
0.365576 -0.225609 -0.267059 0
-0.233641 -0.440110 0.045624 0
-0.209747 0.492910 -0.071632 0
-0.175548 0.136881 0.149852 0
-0.187833 0.118485 0.136823 0
-0.148409 0.276833 0.071681 2
0.281282 0.324205 0.280136 2
-0.334847 0.187849 0.149852 0
0.013209 -0.203435 -0.188888 0
0.551753 -0.231993 -0.045575 0
-0.162128 0.093979 0.123795 0
-0.304165 0.090305 0.084709 0
0.067186 -0.198250 -0.214945 0
-0.141973 0.412264 0.058653 0
-0.087241 -0.250494 -0.227974 0
-0.295918 -0.068030 0.058653 0
0.194018 -0.137589 -0.214945 0
-0.378075 0.181908 0.136823 0
0.433624 0.029709 0.136823 0
0.500147 0.654098 0.514649 0
-0.198048 0.487047 -0.071632 0
-0.058904 0.507241 -0.162831 0
0.431383 -0.214587 -0.188888 0
-0.231531 0.397346 0.006539 0
-0.458304 0.027065 0.319222 0
0.217795 -0.051132 -0.201917 1
-0.209135 -0.280798 0.045624 0
-0.032065 -0.297500 -0.214945 0
-0.260623 0.034334 0.084709 0
-0.201344 0.421475 0.006539 0
0.217925 0.485640 -0.019518 0
-0.371978 0.017437 0.201966 0
0.183608 0.371146 0.110766 2
-0.158089 0.448874 -0.032547 0
-0.341478 0.245773 0.084709 0
-0.148409 0.382038 0.071681 2
0.177849 0.529364 -0.058604 0
-0.456402 0.298265 0.358307 0
-0.345321 -0.367424 0.267108 0
0.223553 -0.345745 -0.241002 0
-0.073600 0.054046 0.149852 0
-0.402282 0.020459 0.241051 0
-0.237159 0.283230 0.110766 2
-0.132228 0.198298 0.241051 0
0.340340 -0.094165 -0.136774 1
-0.036352 -0.157900 -0.162831 1
-0.282655 0.448314 0.045624 0
0.207619 -0.203826 -0.319173 0
0.417664 -0.041635 -0.006490 0
-0.154298 0.393790 0.058653 0
0.421677 -0.084185 -0.045575 0
-0.268623 0.379797 0.019567 0
-0.327876 0.481041 0.071681 0
-0.198960 -0.035563 0.097738 0
0.113567 -0.381860 -0.188888 0
0.078221 0.509834 -0.136774 0
-0.132397 -0.511610 -0.149803 0
0.385015 0.630856 0.384364 0
0.036921 0.574885 -0.162831 0
-0.030827 -0.094465 0.071681 1
0.108460 0.477901 0.032596 0
-0.150885 0.160828 0.188937 0
-0.221382 -0.507506 0.045624 0
0.217795 -0.461451 -0.201917 0
-0.132176 -0.445386 -0.162831 0
-0.423570 0.184735 0.254079 0
-0.144826 -0.308457 -0.097689 0
0.507548 -0.181104 -0.032547 0
0.074547 -0.404164 -0.188888 0
0.053831 0.518524 -0.162831 0
0.235370 -0.250403 -0.345230 0
0.056984 -0.378277 -0.201917 0
0.459694 -0.225544 -0.162831 0
0.279315 -0.056435 -0.162831 1
-0.047869 -0.531192 -0.175860 0
-0.070421 -0.214587 -0.188888 0
0.275993 -0.336859 -0.254031 0
0.028595 -0.121043 -0.214945 1
-0.067711 -0.079313 0.097738 0
-0.375964 0.233696 0.058653 0
0.149825 0.345285 0.084709 2
0.482794 0.016928 0.071681 0
-0.366714 0.334406 0.149852 0
-0.149230 -0.030782 0.110766 0
0.499900 0.529325 0.670990 0
-0.261705 -0.097540 0.006539 0
0.104695 -0.080498 -0.227974 1
0.350633 -0.018770 0.058653 1
-0.070421 -0.214587 -0.188888 0
0.344483 0.381660 0.214994 0
0.277283 -0.077098 -0.175860 1
-0.064389 0.531214 -0.149803 0
-0.309363 -0.245452 0.149852 0
-0.291722 -0.519154 0.084709 0
0.415762 -0.072356 -0.045575 0
-0.323955 0.058177 0.097738 0
-0.080218 -0.091820 0.097738 0
-0.243439 -0.558317 0.110766 0
0.050653 -0.071418 -0.214945 1
0.565016 -0.352259 -0.084661 0
0.005978 -0.228554 -0.227974 0
-0.274837 0.082266 0.110766 0
0.230667 -0.108653 -0.188888 1
-0.250487 -0.442442 0.123795 0
0.505085 0.558548 0.657962 0
0.482246 0.051923 0.097738 0
-0.254409 -0.015421 0.084709 0
-0.563809 0.370820 0.475563 0
-0.194269 -0.452253 -0.019518 0
0.001014 -0.374707 -0.214945 0
-0.345178 0.258320 0.058653 0
-0.158089 0.448874 -0.032547 0
-0.121519 0.512427 -0.110718 0
-0.127460 -0.163711 -0.097689 1
-0.545608 0.391184 0.449506 0
-0.456650 0.385360 0.306193 0
0.423019 -0.154552 -0.149803 0
0.030432 0.473836 0.058653 0
-0.383834 -0.501018 0.319222 0
-0.175066 0.458789 -0.058604 0
0.217795 -0.128756 -0.201917 1
-0.420626 -0.385026 0.345279 0
0.067186 -0.198250 -0.214945 0
-0.006503 0.436888 0.058653 2
-0.058539 -0.139752 -0.136774 1
0.130296 -0.393012 -0.188888 0
-0.330195 0.426895 0.097738 0
-0.139289 -0.160181 -0.084661 1
-0.276622 0.277029 0.136823 2
-0.131967 -0.250885 -0.175860 0
0.547558 -0.247497 -0.084661 0
-0.288778 0.331891 0.045624 0
-0.183703 -0.414822 0.019567 0
-0.237863 0.264365 0.123795 2
-0.512034 0.169700 0.514649 0
-0.176355 -0.434325 -0.019518 0
0.099118 0.394415 0.071681 2
-0.262552 0.410127 0.019567 0
-0.259803 -0.032580 0.071681 0
0.227032 0.309886 0.214994 2
-0.299565 -0.304575 0.188937 0
0.102480 -0.217571 -0.254031 0
0.389015 -0.126215 -0.149803 0
0.373706 0.401255 0.084709 0
0.001535 -0.101031 -0.201917 1
0.408961 -0.140990 -0.162831 0
0.217795 -0.467001 -0.201917 0
-0.315617 -0.463522 0.228023 0
-0.156748 0.497548 -0.084661 0
-0.076453 -0.445308 -0.254031 0
-0.068336 0.319384 0.032596 2
-0.497820 0.103216 0.410421 0
0.407372 0.335670 0.201966 0
-0.358988 -0.196895 0.201966 0
0.149825 0.450998 0.084709 0
-0.174636 0.481198 -0.071632 0
-0.098237 -0.496015 -0.214945 0
-0.279280 -0.340455 0.175909 0
-0.138065 -0.273567 -0.149803 0
0.050653 -0.082453 -0.214945 1
0.045128 -0.170681 -0.214945 0
0.177472 -0.363672 -0.214945 0
-0.263933 0.112153 0.136823 0
0.553043 -0.163920 0.006539 0
0.056164 -0.187215 -0.214945 0
0.427097 -0.007826 0.071681 0
0.247265 -0.425961 -0.227974 0
-0.160734 -0.228228 -0.149803 0
-0.207389 -0.127714 0.006539 0
-0.139289 -0.160181 -0.084661 1
0.012049 -0.363672 -0.214945 0
-0.179782 -0.065164 0.084709 0
-0.261705 -0.109604 0.006539 0
-0.129661 0.430738 0.058653 0
0.289712 0.304323 0.293165 2
0.273973 -0.195839 -0.332201 0
-0.225238 -0.404581 0.123795 0
0.298193 0.331448 0.306193 2
0.099118 0.394415 0.071681 2
0.443799 0.225462 0.188937 0
0.168482 0.457225 0.084709 0
-0.446735 0.473967 0.228023 0
-0.295918 -0.080355 0.058653 0
0.334334 0.408838 0.110766 0
0.567348 -0.279508 -0.097689 0
-0.026554 -0.336104 -0.214945 0
-0.434866 0.116466 0.293165 0
0.149174 0.598819 -0.110718 0
-0.323955 -0.041817 0.097738 0
0.313515 0.338497 0.319222 2
-0.351458 0.176019 0.123795 0
-0.166610 0.375315 0.058653 2
-0.259803 -0.038768 0.071681 0
-0.268558 -0.552037 0.110766 0
-0.283879 0.124140 0.149852 0
-0.081326 -0.151152 -0.136774 1
-0.360135 0.214687 0.084709 0
-0.268623 0.379797 0.019567 0
-0.259190 -0.311949 0.162880 0
-0.073873 -0.043341 0.110766 0
-0.512034 0.184162 0.514649 0
-0.191729 0.023117 0.071681 0
0.346842 0.387067 0.188937 0
0.102480 -0.217571 -0.254031 0
0.103587 -0.280303 -0.241002 0
0.103587 -0.258493 -0.241002 0
-0.047869 -0.531192 -0.175860 0
0.392115 -0.036879 -0.045575 1
0.378865 -0.261451 -0.227974 0
0.228699 -0.272329 -0.319173 0
-0.132397 -0.511610 -0.149803 0
0.420101 -0.303025 -0.214945 0
-0.225238 -0.316235 0.123795 0
-0.080518 0.349871 0.032596 2
-0.048364 -0.217480 -0.201917 0
0.346842 0.387067 0.188937 0
-0.336449 0.445643 0.097738 0
0.163518 0.445643 0.097738 0
0.067381 0.412264 0.058653 2
-0.361073 -0.359868 0.293165 0
0.451538 -0.117395 -0.097689 0
-0.339016 0.313743 0.058653 0
-0.189280 -0.133746 0.006539 0
-0.143459 -0.248097 -0.162831 0
0.540809 -0.293892 -0.110718 0
-0.098393 -0.307571 -0.149803 0
-0.043947 0.337676 0.032596 2
0.123872 0.375849 0.071681 2
-0.261705 0.475791 0.006539 0
-0.184876 -0.224776 -0.110718 0
-0.418971 0.401242 0.214994 0
-0.131967 -0.250885 -0.175860 0
-0.192706 -0.016815 0.097738 0
0.017560 -0.148624 -0.214945 1
0.258000 0.394115 0.201966 2
-0.305024 0.361596 0.019567 0
-0.265587 -0.433596 0.162880 0
-0.323955 0.058177 0.097738 0
0.186057 -0.393012 -0.188888 0
0.079693 0.467674 0.058653 0
-0.209708 0.381478 0.058653 0
-0.018450 0.456287 0.071681 0
-0.305024 0.361596 0.019567 0
-0.546259 0.350092 0.501620 0
-0.462903 0.249903 0.410421 0
0.344014 -0.322658 -0.267059 0
-0.240534 -0.190602 -0.045575 0
-0.501963 0.465342 0.293165 0
0.348418 -0.385729 -0.214945 0
0.343376 0.633070 0.293165 0
0.480800 -0.054624 -0.045575 0
-0.262552 0.410127 0.019567 0
-0.061158 -0.013311 0.123795 0
-0.067477 -0.019616 0.123795 0
-0.139289 -0.177639 -0.084661 0
0.462287 -0.301344 -0.175860 0
-0.299565 -0.395071 0.188937 0
-0.043204 0.468664 0.071681 0
0.243643 -0.143100 -0.214945 0
-0.115760 -0.149901 -0.110718 1
-0.126730 -0.216893 -0.149803 0
0.248073 0.441070 0.123795 0
-0.366714 0.404499 0.149852 0
-0.334065 0.351095 0.071681 0
-0.136892 0.056105 0.123795 0
-0.129661 0.369153 0.058653 2
-0.092726 -0.162539 -0.136774 1
-0.352500 -0.209884 0.201966 0
0.304004 -0.097878 -0.149803 1
0.508798 -0.256526 -0.123746 0
0.491028 -0.262232 -0.149803 0
0.066300 -0.327257 -0.227974 0
0.186057 -0.459913 -0.188888 0
-0.415454 0.356372 0.241051 0
0.497880 0.613619 0.540706 0
-0.336410 -0.308874 0.241051 0
0.171961 -0.038338 -0.214945 1
0.461935 0.231585 0.214994 0
-0.239270 -0.315545 0.149852 0
0.279315 -0.056435 -0.162831 1
-0.233641 -0.078609 0.045624 0
-0.038501 -0.461581 -0.254031 0
0.217795 -0.439276 -0.201917 0
0.474859 -0.150735 -0.071632 0
0.318270 -0.193286 -0.319173 0
0.148561 -0.338227 -0.227974 0
0.163140 -0.198667 -0.293116 0
0.293282 -0.484993 -0.214945 0
-0.168786 0.475348 -0.071632 0
0.002056 -0.097501 -0.188888 1
-0.191729 0.041682 0.071681 0
-0.271984 0.238686 0.162880 0
0.289047 -0.037179 -0.136774 1
0.565107 -0.206171 0.006539 0
-0.224821 -0.113695 -0.006490 0
-0.087241 -0.234039 -0.227974 0
-0.099084 0.092272 0.149852 0
-0.275606 0.416928 0.032596 0
-0.478616 -0.074492 0.319222 0
-0.197396 -0.406705 0.058653 0
0.457245 0.001933 0.097738 0
0.242549 -0.180127 -0.332201 0
0.540966 -0.157887 0.006539 0
0.225885 0.429996 0.149852 0
-0.214946 0.219234 0.175909 0
0.389015 -0.126215 -0.149803 0
-0.110549 -0.406940 -0.032547 0
0.466221 0.044575 0.110766 0
0.331885 0.553779 0.175909 0
0.284097 0.427677 0.110766 0
0.349395 -0.150122 -0.267059 0
0.217795 -0.422639 -0.201917 0
-0.180642 0.088546 0.110766 0
-0.111917 0.097822 0.162880 0
-0.366766 -0.192556 0.214994 0
-0.413955 0.375628 0.228023 0
0.050653 -0.132078 -0.214945 1
0.174475 -0.307571 -0.241002 0
0.288669 0.606844 0.188937 0
-0.544748 0.205307 0.540706 0
-0.175548 0.136881 0.149852 0
0.298923 -0.034716 -0.110718 1
-0.364200 -0.117121 0.188937 0
0.188507 -0.148624 -0.214945 0
0.400805 -0.266936 -0.227974 0
-0.109910 0.471035 -0.123746 0
0.389015 -0.126215 -0.149803 0
-0.250422 0.428315 0.019567 0
0.166449 -0.110021 -0.214945 1
0.045128 -0.170681 -0.214945 0
0.344014 -0.322658 -0.267059 0
-0.204653 0.351499 0.084709 2
-0.189775 -0.105461 0.019567 0
0.119938 -0.285762 -0.241002 0
0.479693 -0.313239 -0.149803 0
0.214616 0.328322 0.162880 2
-0.225486 0.403379 0.006539 0
0.384351 -0.184687 -0.227974 0
-0.304165 -0.500497 0.084709 0
0.287914 -0.281775 -0.280088 0
0.070742 0.569257 -0.162831 0
-0.086368 0.010688 0.136823 0
0.489712 -0.017623 -0.006490 0
0.182996 -0.087964 -0.214945 1
-0.211454 0.276911 0.097738 2
-0.004002 -0.128756 -0.201917 1
-0.340032 -0.059067 0.136823 0
-0.014229 -0.211643 -0.175860 0
0.434823 0.206375 0.175909 0
-0.061158 -0.013311 0.123795 0
0.295418 -0.411552 -0.201917 0
0.016948 -0.272421 -0.227974 0
0.462287 -0.250885 -0.175860 0
0.204323 0.468664 0.071681 0
-0.545608 0.391184 0.449506 0
-0.323212 0.232289 0.162880 0
-0.480361 -0.062441 0.332250 0
-0.422372 0.484025 0.188937 0
0.393900 0.014596 0.162880 0
-0.250422 0.434386 0.019567 0
0.127846 -0.148624 -0.214945 0
-0.132228 0.257577 0.241051 0
-0.136671 -0.037062 0.110766 0
-0.317701 -0.016815 0.097738 0
-0.145660 -0.341159 -0.058604 0
-0.058539 -0.139752 -0.136774 1
-0.265587 -0.433596 0.162880 0
0.141761 -0.274857 -0.241002 0
0.267173 -0.351191 -0.241002 0
0.268749 0.587757 0.136823 0
0.350750 -0.040475 -0.110718 1
0.204440 0.555851 -0.032547 0
0.113567 -0.381860 -0.188888 0
0.060815 -0.212099 -0.227974 0
-0.483853 0.037500 0.358307 0
0.241806 -0.091924 -0.188888 1
0.171465 -0.231003 -0.267059 0
-0.279280 0.142041 0.175909 0
-0.048963 -0.073072 0.097738 0
-0.081326 -0.151152 -0.136774 1
-0.317701 -0.016815 0.097738 0
-0.358806 0.227325 0.071681 0
0.080123 -0.047328 -0.188888 1
0.143076 -0.316287 -0.227974 0
0.115652 -0.102425 -0.227974 1
-0.336449 0.445643 0.097738 0
0.271224 -0.402275 -0.214945 0
0.184963 0.409515 0.123795 2
0.033403 -0.316287 -0.227974 0
0.167557 -0.174199 -0.254031 0
0.050653 -0.082453 -0.214945 1
-0.086563 0.443050 0.058653 0
0.173798 -0.203995 -0.293116 0
-0.395689 -0.098100 0.241051 0
-0.201344 -0.109604 0.006539 0
0.357603 -0.324652 -0.280088 0
0.221768 -0.156024 -0.293116 0
-0.235752 -0.438299 0.084709 0
0.060463 0.374781 0.045624 2
0.577185 -0.188061 0.006539 0
-0.423570 -0.119662 0.254079 0
-0.194269 -0.458220 -0.019518 0
0.104134 0.507932 -0.097689 0
-0.224600 0.327188 0.110766 2
0.236295 -0.382094 -0.227974 0
-0.323955 -0.048071 0.097738 0
0.356509 -0.051992 -0.110718 1
0.163753 -0.471066 -0.188888 0
-0.273066 0.015678 0.084709 0
0.167557 -0.174199 -0.254031 0
-0.204653 0.351499 0.084709 2
-0.030827 -0.100653 0.071681 1
-0.122131 -0.141172 -0.058604 1
-0.277508 -0.366512 0.149852 0
-0.129661 0.369153 0.058653 2
0.225390 -0.317265 -0.267059 0
-0.067711 -0.079313 0.097738 0
-0.426632 0.123840 0.280136 0
0.502662 0.626686 0.527677 0
0.417664 -0.041635 -0.006490 0
-0.411806 0.097926 0.267108 0
-0.243439 -0.432710 0.110766 0
0.062534 -0.067770 -0.201917 1
-0.139289 -0.160181 -0.084661 1
0.213143 0.340790 0.149852 2
0.169967 -0.185273 -0.280088 0
0.254861 -0.127544 -0.175860 1
-0.117219 0.301262 0.045624 2
0.292669 -0.046872 -0.149803 1
0.565107 -0.169965 0.006539 0
0.022433 -0.250494 -0.227974 0
0.346490 -0.136234 -0.254031 0
-0.158767 -0.419916 -0.006490 0
-0.076088 -0.284016 -0.201917 0
0.354789 -0.311871 -0.267059 0
-0.092726 -0.424267 -0.097689 0
0.390396 -0.096159 -0.084661 0
-0.154298 0.295268 0.058653 2
-0.241302 0.532087 -0.032547 0
-0.058539 -0.139752 -0.136774 1
0.350867 -0.455914 -0.201917 0
0.223553 -0.345745 -0.241002 0
0.399946 -0.119037 -0.123746 0
-0.124111 -0.011943 0.110766 0
0.522582 -0.141602 -0.019518 0
0.361759 0.514446 0.241051 0
-0.180029 0.526654 -0.084661 0
-0.299956 0.295790 0.110766 0
-0.568616 0.190402 0.553734 0
-0.120607 -0.231316 -0.188888 0
0.510179 0.069707 0.110766 0
-0.156748 0.497548 -0.084661 0
0.248073 0.441070 0.123795 0
-0.177632 -0.408751 0.019567 0
-0.423570 -0.119662 0.254079 0
0.042080 0.350275 0.045624 2
-0.443426 0.409710 0.254079 0
0.060815 -0.212099 -0.227974 0
-0.494328 0.355421 0.436478 0
-0.124111 -0.011943 0.110766 0
0.087223 -0.274857 -0.241002 0
0.160756 0.487868 0.006539 0
-0.170649 0.212277 0.201966 0
-0.111734 0.023364 0.136823 0
-0.565216 0.248809 0.579791 0
-0.181410 -0.503976 -0.045575 0
-0.473561 -0.042038 0.332250 0
-0.234345 -0.505226 0.058653 0
0.350633 -0.018770 0.058653 1
-0.336449 0.445643 0.097738 0
0.384351 -0.173717 -0.227974 0
-0.124724 0.117039 0.162880 0
0.423019 -0.154552 -0.149803 0
-0.058539 -0.145445 -0.136774 1
0.254861 -0.127544 -0.175860 1
0.290090 -0.322658 -0.267059 0
0.227110 -0.391253 -0.214945 0
-0.331368 -0.062180 0.110766 0
-0.197917 0.035494 0.071681 0
-0.504438 0.435507 0.358307 0
0.282246 -0.473958 -0.214945 0
0.223084 -0.242182 -0.358258 0
0.443799 0.225462 0.188937 0
-0.221447 -0.209246 -0.071632 0
0.268736 -0.174890 -0.332201 0
-0.271294 -0.024932 0.058653 0
0.543754 -0.137706 -0.006490 0
0.188051 0.491620 -0.019518 0
0.289712 0.304323 0.293165 2
-0.288778 0.454437 0.045624 0
0.065414 -0.307571 -0.241002 0
-0.146755 -0.395904 -0.006490 0
-0.180029 -0.195110 -0.084661 0
-0.111369 -0.071392 0.084709 0
-0.184876 -0.535778 -0.110718 0
-0.004002 -0.134306 -0.201917 1
0.060463 0.374781 0.045624 2
-0.413955 0.375628 0.228023 0
-0.236091 -0.225245 -0.019518 0
0.443005 -0.024932 0.058653 0
0.223553 -0.345745 -0.241002 0
-0.143732 -0.267900 -0.149803 0
-0.411806 -0.081567 0.267108 0
-0.226528 0.232458 0.149852 2
0.045128 -0.115532 -0.214945 1
0.420101 -0.280967 -0.214945 0
0.157264 0.401893 0.097738 2
-0.275723 0.289614 0.123795 2
-0.139289 -0.177639 -0.084661 0
0.273973 -0.242989 -0.332201 0
-0.164773 -0.365874 -0.006490 0
0.506258 -0.224776 -0.110718 0
-0.277443 0.338367 0.058653 0
0.423045 -0.166799 -0.175860 0
0.171961 -0.104510 -0.214945 1
-0.239270 -0.315545 0.149852 0
-0.201344 -0.109604 0.006539 0
-0.214359 0.142640 0.162880 0
-0.392875 0.329455 0.214994 0
-0.339016 0.313743 0.058653 0
-0.191677 -0.195110 -0.084661 0
-0.048859 -0.228554 -0.227974 0
0.565107 -0.194094 0.006539 0
0.176442 0.545571 -0.071632 0
-0.379821 0.081497 0.214994 0
-0.306028 0.212538 0.188937 0
0.565107 -0.206171 0.006539 0
0.486559 -0.378941 -0.071632 0
-0.420509 0.388748 0.228023 0
0.029260 -0.406001 -0.201917 0
0.565107 -0.212203 0.006539 0
0.065414 -0.307571 -0.241002 0
0.279628 0.422140 0.123795 0
-0.487280 0.313143 0.436478 0
-0.014229 -0.217245 -0.175860 0
-0.360135 0.214687 0.084709 0
0.125397 -0.269398 -0.241002 0
0.054327 0.368658 0.045624 2
-0.207415 0.238829 0.149852 2
0.345604 -0.023629 -0.006490 1
0.273674 -0.050807 -0.162831 1
-0.009096 -0.175567 -0.188888 1
0.509958 -0.098074 -0.071632 0
-0.288778 0.405424 0.045624 0
0.290090 -0.322658 -0.267059 0
0.102480 -0.217571 -0.254031 0
-0.367691 0.495646 0.097738 0
0.361759 0.514446 0.241051 0
-0.433316 0.137207 0.280136 0
0.064997 0.495047 0.019567 0
0.247786 -0.169652 -0.332201 0
0.431084 0.011925 0.123795 0
-0.280752 0.507176 0.019567 0
-0.284791 0.257890 0.162880 0
-0.173163 -0.082088 0.071681 0
0.597731 -0.373092 -0.071632 0
-0.371978 0.017437 0.201966 0
0.284943 -0.107168 -0.162831 0
-0.323955 -0.048071 0.097738 0
-0.529557 0.397698 0.436478 0
0.282246 -0.473958 -0.214945 0
-0.154298 0.393790 0.058653 0
-0.317701 -0.116809 0.097738 0
-0.138065 -0.477606 -0.149803 0
-0.105038 0.381478 0.058653 2
0.228960 0.405802 0.175909 2
0.471394 -0.032671 0.019567 0
-0.173776 -0.198458 -0.097689 0
0.434823 0.206375 0.175909 0
-0.151445 0.218531 0.214994 0
0.461466 -0.031094 0.058653 0
-0.155731 -0.525772 -0.123746 0
-0.199702 -0.151386 -0.032547 0
-0.158089 0.448874 -0.032547 0
0.269192 -0.431446 -0.227974 0
-0.080218 -0.060565 0.097738 0
0.318270 -0.193286 -0.319173 0
-0.050253 0.355538 0.019567 2
-0.058539 -0.139752 -0.136774 1
-0.338833 0.081354 0.123795 0
-0.229538 -0.021636 0.084709 0
0.380221 -0.122659 -0.136774 0
-0.377124 0.380605 0.188937 0
-0.301520 -0.420945 0.214994 0
0.096851 -0.036176 -0.188888 1
0.227110 -0.391253 -0.214945 0
-0.353725 -0.218665 0.214994 0
-0.154298 0.393790 0.058653 0
-0.329036 0.276872 0.084709 0
-0.378075 0.181908 0.136823 0
-0.227297 -0.203396 -0.071632 0
-0.086563 0.393790 0.058653 2
0.503652 -0.354787 -0.097689 0
-0.132397 -0.511610 -0.149803 0
-0.098875 0.449213 0.058653 0
-0.185853 0.532478 -0.084661 0
0.065414 -0.225779 -0.241002 0
0.338621 -0.257959 -0.267059 0
-0.264753 -0.290048 0.149852 0
-0.018450 0.481041 0.071681 0
-0.345321 -0.367424 0.267108 0
-0.310379 0.121404 0.084709 0
0.332158 0.430738 0.058653 0
-0.254409 0.021892 0.084709 0
-0.196133 0.199613 0.188937 0
-0.487280 0.320192 0.436478 0
-0.103930 -0.222860 -0.175860 0
-0.395689 0.007287 0.241051 0
-0.047621 -0.169170 -0.162831 1
0.420101 -0.303025 -0.214945 0
-0.167704 -0.023069 0.097738 0
-0.302080 0.467674 0.058653 0
-0.301976 -0.249321 0.136823 0
0.191086 0.524817 -0.045575 0
-0.322170 -0.391410 0.228023 0
-0.306028 0.206076 0.188937 0
0.133357 -0.159646 -0.214945 0
0.353330 -0.432045 -0.188888 0
0.245024 -0.308575 -0.280088 0
-0.188785 0.432719 -0.006490 0
0.277283 -0.088302 -0.175860 1
-0.332866 0.282957 0.058653 0
0.470964 -0.017336 0.045624 0
0.116824 -0.159646 -0.214945 0
-0.138065 -0.273567 -0.149803 0
-0.287801 -0.119545 0.032596 0
0.387139 -0.209415 -0.241002 0
0.171961 -0.104510 -0.214945 1
0.130296 -0.393012 -0.188888 0
-0.395689 0.007287 0.241051 0
-0.142468 -0.058949 0.084709 0
0.282246 -0.137589 -0.214945 0
0.486559 -0.115636 -0.071632 0
-0.105272 -0.024502 0.110766 0
0.275993 -0.342292 -0.254031 0
0.266078 -0.065880 -0.175860 1
0.507548 -0.181104 -0.032547 0
-0.274694 0.470775 0.019567 0
0.277191 -0.297852 -0.280088 0
-0.280166 0.193151 0.188937 0
-0.105038 0.381478 0.058653 2
-0.164408 -0.338749 -0.019518 0
0.420270 -0.037192 0.006539 0
-0.055764 0.412264 0.058653 2
0.186057 -0.459913 -0.188888 0
-0.139524 -0.144885 -0.071632 1
-0.481925 0.256717 0.449506 0
0.412153 0.005620 0.123795 0
0.420231 -0.157900 -0.162831 0
0.381198 -0.448761 -0.188888 0
0.400805 -0.266936 -0.227974 0
-0.546259 0.350092 0.501620 0
-0.231557 -0.347790 0.123795 0
0.607228 -0.382329 -0.058604 0
0.111300 -0.176192 -0.214945 0
-0.231557 -0.379345 0.123795 0
0.073622 -0.389377 -0.201917 0
-0.241237 -0.564779 0.071681 0
0.495171 0.084989 0.071681 0
-0.098628 -0.409376 -0.045575 0
-0.239035 -0.485332 0.032596 0
0.260867 0.508375 0.032596 0
-0.433316 0.137207 0.280136 0
-0.512034 0.184162 0.514649 0
-0.105038 0.381478 0.058653 2
0.276866 0.410883 0.149852 0
-0.533361 0.107411 0.462535 0
0.238627 -0.226639 -0.358258 0
-0.478616 -0.067718 0.319222 0
-0.389110 -0.019056 0.241051 0
0.197210 -0.454337 -0.188888 0
0.291445 0.578025 0.162880 0
-0.003025 -0.088302 -0.175860 1
0.386409 -0.129720 -0.162831 0
0.073622 -0.389377 -0.201917 0
-0.353165 -0.363685 0.280136 0
0.491028 -0.262232 -0.149803 0
0.213938 -0.498947 -0.188888 0
0.277191 -0.297852 -0.280088 0
0.442900 -0.460916 -0.110718 0
0.331872 -0.468447 -0.214945 0
-0.167704 -0.023069 0.097738 0
0.252346 -0.328052 -0.267059 0
-0.304008 0.264300 0.162880 0
0.270586 0.449213 0.058653 0
0.087223 -0.274857 -0.241002 0
-0.279280 -0.308301 0.175909 0
0.407372 0.335670 0.201966 0
-0.550116 0.176540 0.527677 0
0.145708 -0.028945 -0.201917 1
-0.466760 0.046373 0.332250 0
-0.098302 -0.275925 -0.188888 0
-0.048963 -0.073072 0.097738 0
-0.487280 0.320192 0.436478 0
-0.306028 -0.466180 0.188937 0
-0.210360 -0.170577 -0.058604 0
0.183608 0.371146 0.110766 2
-0.198960 -0.048071 0.097738 0
-0.081756 -0.255979 -0.227974 0
-0.218320 0.258111 0.110766 2
0.415762 -0.072356 -0.045575 0
0.028595 -0.121043 -0.214945 1
0.258535 -0.080772 -0.188888 1
0.471706 -0.047641 -0.006490 0
-0.365268 -0.493735 0.267108 0
0.451082 -0.234065 -0.175860 0
0.228960 0.335044 0.175909 2
-0.277508 -0.366512 0.149852 0
0.270586 0.449213 0.058653 0
-0.150624 0.507932 -0.097689 0
-0.379821 0.081497 0.214994 0
0.242549 -0.180127 -0.332201 0
-0.173958 0.264404 0.097738 2
-0.166245 0.405424 0.045624 0
-0.210972 0.465681 -0.045575 0
-0.121519 0.512427 -0.110718 0
0.121136 -0.327257 -0.227974 0
0.096851 -0.398588 -0.188888 0
-0.379821 0.035820 0.214994 0
-0.518782 0.075283 0.410421 0
-0.325075 -0.037062 0.110766 0
-0.173567 -0.071392 0.084709 0
-0.513636 0.404147 0.423449 0
-0.405161 -0.054976 0.267108 0
-0.485573 0.341011 0.423449 0
-0.111734 0.074097 0.136823 0
0.365576 -0.360402 -0.267059 0
0.389406 -0.424684 -0.175860 0
0.370215 0.358000 0.293165 0
0.193471 -0.233075 -0.306145 0
-0.512034 0.184162 0.514649 0
0.349043 -0.007005 0.123795 0
-0.258148 -0.476863 0.045624 0
-0.366714 0.334406 0.149852 0
-0.067346 0.017020 0.136823 0
0.357603 -0.324652 -0.280088 0
-0.360135 0.214687 0.084709 0
0.149825 0.345285 0.084709 2
0.301372 0.436888 0.058653 0
-0.366714 0.334406 0.149852 0
-0.339016 0.313743 0.058653 0
-0.043947 0.337676 0.032596 2
-0.111917 0.097822 0.162880 0
0.182996 -0.087964 -0.214945 1
-0.443426 0.409710 0.254079 0
0.005313 0.411547 0.045624 2
0.439591 -0.289566 -0.201917 0
0.005978 -0.228554 -0.227974 0
-0.060376 -0.435889 -0.267059 0
-0.334065 0.351095 0.071681 0
0.070742 0.557974 -0.162831 0
0.116642 0.363003 0.058653 2
0.365576 -0.225609 -0.267059 0
0.483302 0.606323 0.540706 0
-0.118079 0.042386 0.136823 0
-0.487280 0.320192 0.436478 0
-0.092726 -0.424267 -0.097689 0
-0.009096 -0.175567 -0.188888 1
0.188507 -0.148624 -0.214945 0
-0.156748 -0.189286 -0.084661 0
-0.221447 -0.209246 -0.071632 0
-0.073873 -0.037062 0.110766 0
0.042562 0.580527 -0.162831 0
-0.092726 -0.223030 -0.201917 0
-0.080218 -0.091820 0.097738 0
0.293282 -0.484993 -0.214945 0
-0.201344 -0.435498 0.006539 0
0.373706 0.401255 0.084709 0
-0.358988 -0.196895 0.201966 0
-0.298953 0.101926 0.097738 0
0.488487 0.033175 0.097738 0
-0.402738 -0.457099 0.306193 0
-0.092713 -0.096263 0.084709 1
-0.241967 0.046777 0.084709 0
0.387139 -0.209415 -0.241002 0
0.160938 -0.358161 -0.214945 0
0.149825 0.345285 0.084709 2
0.328380 -0.150696 -0.293116 0
-0.445041 -0.108158 0.267108 0
0.546477 -0.213298 -0.019518 0
0.080123 -0.047328 -0.188888 1
0.428543 0.082266 0.110766 0
-0.254409 0.021892 0.084709 0
-0.433316 0.037031 0.280136 0
0.243643 -0.143100 -0.214945 0
0.174475 -0.285762 -0.241002 0
0.096851 -0.036176 -0.188888 1
0.497021 0.500792 0.697047 0
-0.263412 0.423026 0.032596 0
-0.336449 0.383145 0.097738 0
0.346490 -0.136234 -0.254031 0
-0.250422 0.428315 0.019567 0
-0.001266 0.374260 0.032596 2
0.414590 -0.231329 -0.214945 0
-0.329831 -0.328625 0.241051 0
-0.030723 0.535435 -0.162831 0
-0.162206 -0.204243 -0.097689 0
-0.412444 0.283777 0.214994 0
-0.227297 -0.203396 -0.071632 0
-0.287397 0.094826 0.110766 0
-0.121519 0.512427 -0.110718 0
0.217795 -0.467001 -0.201917 0
-0.006503 0.436888 0.058653 2
0.218159 -0.177482 -0.319173 0
0.133357 -0.159646 -0.214945 0
0.170488 -0.349197 -0.227974 0
-0.160448 0.326055 0.058653 2
-0.371978 -0.099468 0.201966 0
0.213639 0.472820 0.045624 0
-0.446670 -0.096549 0.280136 0
0.427279 0.023364 0.136823 0
-0.144006 -0.510125 -0.136774 0
-0.254409 -0.015421 0.084709 0
-0.201344 -0.435498 0.006539 0
-0.129844 -0.113030 0.071681 1
-0.458304 0.027065 0.319222 0
-0.055764 0.412264 0.058653 2
-0.360135 0.214687 0.084709 0
0.415762 -0.072356 -0.045575 0
-0.073873 -0.037062 0.110766 0
-0.405161 -0.068278 0.267108 0
0.460241 -0.480316 -0.084661 0
-0.454995 -0.091507 0.293165 0
0.050653 -0.358161 -0.214945 0
-0.141973 0.387627 0.058653 2
0.266964 0.459609 0.032596 0
-0.023297 -0.032241 0.123795 0
-0.023297 -0.032241 0.123795 0
-0.184876 -0.535778 -0.110718 0
-0.341478 0.245773 0.084709 0
-0.081326 -0.151152 -0.136774 1
-0.043374 -0.491768 -0.227974 0
-0.060376 -0.435889 -0.267059 0
-0.058539 -0.145445 -0.136774 1
-0.233576 0.149050 0.162880 0
-0.355223 0.046607 0.162880 0
-0.423935 0.459062 0.201966 0
-0.304008 0.264300 0.162880 0
0.062534 -0.067770 -0.201917 1
0.221768 -0.156024 -0.293116 0
-0.118079 0.042386 0.136823 0
-0.508425 0.383601 0.436478 0
-0.325075 -0.037062 0.110766 0
-0.315499 0.437722 0.071681 0
-0.023297 -0.032241 0.123795 0
0.149825 0.450998 0.084709 0
-0.224821 -0.131700 -0.006490 0
-0.512034 0.184162 0.514649 0
-0.375964 0.233696 0.058653 0
0.042757 0.455362 0.058653 0
0.385015 0.630856 0.384364 0
0.398369 0.642672 0.423449 0
-0.055217 -0.066819 0.097738 0
-0.395689 -0.137615 0.241051 0
-0.310379 -0.009194 0.084709 0
0.327833 -0.338840 -0.267059 0
-0.224821 -0.131700 -0.006490 0
0.238627 -0.226639 -0.358258 0
0.112407 0.538327 -0.136774 0
-0.545621 0.449239 0.358307 0
-0.261705 0.475791 0.006539 0
-0.214946 0.161336 0.175909 0
-0.298953 0.101926 0.097738 0
0.143168 -0.190628 -0.280088 0
-0.149517 0.081354 0.123795 0
-0.019558 0.349871 0.032596 2
-0.092726 -0.420489 -0.227974 0
-0.462903 0.249903 0.410421 0
0.422954 -0.250754 -0.201917 0
0.365576 -0.360402 -0.267059 0
-0.436794 -0.345602 0.488592 0
-0.332528 -0.095351 0.123795 0
0.167883 -0.378277 -0.201917 0
-0.144670 0.244744 0.201966 0
0.184963 0.409515 0.123795 2
-0.265131 -0.055718 0.058653 0
-0.202999 -0.084733 0.045624 0
0.287914 -0.281775 -0.280088 0
0.298806 0.616576 0.214994 0
-0.306028 0.206076 0.188937 0
-0.499383 -0.018678 0.371335 0
0.225885 0.429996 0.149852 0
0.350867 -0.455914 -0.201917 0
-0.030827 0.474853 0.071681 0
-0.241302 0.520192 -0.032547 0
-0.236091 -0.225245 -0.019518 0
0.482794 0.016928 0.071681 0
-0.161464 -0.548689 -0.123746 0
0.452594 0.117456 0.045624 0
0.513489 -0.192986 -0.032547 0
-0.301976 -0.249321 0.136823 0
-0.225486 0.403379 0.006539 0
0.149825 0.345285 0.084709 2
0.517775 -0.334202 -0.110718 0
-0.098237 -0.496015 -0.214945 0
-0.132228 0.198298 0.241051 0
0.193471 -0.185378 -0.306145 0
0.215020 0.452796 0.110766 0
-0.271294 -0.024932 0.058653 0
-0.212040 -0.357353 0.110766 0
-0.172760 0.399952 0.058653 0
0.154932 0.604577 -0.110718 0
0.395320 -0.288876 -0.227974 0
-0.510262 0.220511 0.501620 0
0.420114 -0.447445 -0.136774 0
0.197210 -0.454337 -0.188888 0
0.258261 -0.201077 -0.332201 0
-0.163666 -0.308861 -0.045575 0
0.361759 0.514446 0.241051 0
-0.251256 0.118485 0.136823 0
-0.219545 0.124830 0.136823 0
-0.339016 0.313743 0.058653 0
-0.248038 0.527462 -0.019518 0
-0.070421 -0.214587 -0.188888 0
0.136250 0.357284 0.071681 2
0.287914 -0.281775 -0.280088 0
-0.067477 -0.000686 0.123795 0
-0.139289 -0.160181 -0.084661 1
0.070742 0.557974 -0.162831 0
0.099118 0.443910 0.071681 0
-0.473561 -0.042038 0.332250 0
-0.397097 -0.159360 0.254079 0
-0.332032 -0.447197 0.267108 0
-0.150885 0.167290 0.188937 0
-0.192224 0.320400 0.084709 2
0.283536 -0.356650 -0.241002 0
-0.291201 -0.465620 0.162880 0
0.398786 -0.080524 -0.071632 0
0.245024 -0.308575 -0.280088 0
-0.184876 -0.224776 -0.110718 0
-0.340032 -0.059067 0.136823 0
-0.086433 -0.030782 0.110766 0
0.447382 0.063427 0.110766 0
-0.103878 -0.526827 -0.188888 0
0.221768 -0.336859 -0.254031 0
-0.218320 0.258111 0.110766 2
-0.111096 0.356411 0.045624 2
-0.527668 0.411170 0.423449 0
0.140106 0.515019 -0.084661 0
-0.212040 -0.357353 0.110766 0
0.228999 -0.356650 -0.241002 0
-0.036052 0.491542 -0.149803 0
0.456763 0.639637 0.514649 0
0.247265 -0.425961 -0.227974 0
0.448607 -0.096159 -0.084661 0
0.471394 -0.032671 0.019567 0
0.297190 -0.230169 -0.319173 0
0.056164 -0.187215 -0.214945 0
0.113515 0.522589 -0.123746 0
-0.234345 -0.505226 0.058653 0
-0.139524 -0.144885 -0.071632 1
0.085699 -0.409741 -0.188888 0
0.005313 0.411547 0.045624 2
0.056164 -0.098986 -0.214945 1
-0.250487 -0.442442 0.123795 0
-0.230202 -0.285553 0.097738 0
0.110167 -0.091468 -0.227974 1
0.169967 -0.185273 -0.280088 0
0.175973 -0.162747 -0.227974 0
0.368182 -0.185039 -0.254031 0
-0.323955 0.033175 0.097738 0
0.090259 -0.056682 -0.201917 1
0.045128 -0.115532 -0.214945 1
-0.209708 0.381478 0.058653 0
-0.236091 0.461746 -0.019518 0
-0.104295 -0.343204 -0.097689 0
0.277817 0.433956 0.110766 0
0.289425 0.476846 0.019567 0
0.577185 -0.188061 0.006539 0
0.036595 0.443050 0.058653 0
0.143598 0.382598 0.084709 2
-0.041993 -0.208633 -0.162831 0
0.070742 0.563616 -0.162831 0
0.065414 -0.285762 -0.241002 0
-0.224821 -0.131700 -0.006490 0
-0.338677 -0.460500 0.267108 0
0.327833 -0.333446 -0.267059 0
0.099118 0.443910 0.071681 0
-0.236091 -0.225245 -0.019518 0
-0.041993 -0.208633 -0.162831 0
-0.222672 0.054060 0.071681 0
0.104134 0.507932 -0.097689 0
0.372456 0.009437 0.149852 0
0.127846 -0.148624 -0.214945 0
0.462287 -0.301344 -0.175860 0
0.331872 -0.479482 -0.214945 0
0.367674 0.602545 0.319222 0
0.138881 -0.121043 -0.214945 1
0.297190 -0.230169 -0.319173 0
0.210577 0.284272 0.306193 2
-0.299956 0.295790 0.110766 0
0.429677 -0.059653 -0.006490 0
-0.155731 -0.462753 -0.123746 0
-0.262552 0.410127 0.019567 0
-0.254409 -0.015421 0.084709 0
-0.338833 0.163394 0.123795 0
0.239044 0.264026 0.319222 2
0.270847 -0.151139 -0.319173 0
-0.284791 -0.286335 0.162880 0
-0.329831 -0.328625 0.241051 0
-0.243439 0.088546 0.110766 0
0.480344 -0.009819 0.032596 0
-0.144826 0.542666 -0.097689 0
-0.600028 0.411782 0.436478 0
-0.004979 -0.261451 -0.227974 0
-0.400836 0.369075 0.228023 0
-0.261705 -0.097540 0.006539 0
0.241806 -0.091924 -0.188888 1
-0.221382 -0.507506 0.045624 0
0.385015 0.630856 0.384364 0
-0.000810 0.417671 0.045624 2
-0.259803 -0.044957 0.071681 0
-0.224600 0.327188 0.110766 2
0.492630 -0.161040 -0.045575 0
0.468358 -0.330241 -0.149803 0
0.423045 -0.166799 -0.175860 0
0.479419 0.028120 0.084709 0
-0.244168 0.302226 0.123795 2
0.140106 0.515019 -0.084661 0
0.478155 0.574924 0.592819 0
-0.250487 -0.442442 0.123795 0
0.028595 -0.121043 -0.214945 1
0.185380 -0.329381 -0.241002 0
0.211111 -0.161353 -0.293116 0
0.092682 -0.253034 -0.241002 0
0.519000 -0.041179 -0.058604 0
-0.588068 0.405333 0.449506 0
0.289712 0.304323 0.293165 2
-0.389253 -0.484055 0.306193 0
-0.288778 -0.096992 0.045624 0
0.072710 -0.087964 -0.214945 1
0.395320 -0.195657 -0.227974 0
-0.184876 -0.230534 -0.110718 0
0.177849 0.529364 -0.058604 0
-0.194791 -0.479964 -0.006490 0
-0.144826 -0.441634 -0.097689 0
-0.268623 0.379797 0.019567 0
0.214538 -0.213949 -0.345230 0
-0.433316 0.137207 0.280136 0
0.313007 -0.166942 -0.319173 0
-0.055764 0.412264 0.058653 2
-0.027284 -0.253034 -0.241002 0
-0.213421 0.415443 0.006539 0
0.187386 0.298135 0.345279 2
0.294167 -0.254272 -0.306145 0
-0.305024 0.355538 0.019567 0
0.267173 -0.351191 -0.241002 0
0.177472 -0.363672 -0.214945 0
-0.276531 -0.182772 0.045624 0
0.193471 -0.190680 -0.306145 0
-0.345178 0.258320 0.058653 0
-0.092726 -0.465711 -0.241002 0
-0.418450 -0.008451 0.267108 0
0.306271 -0.328052 -0.267059 0
-0.485573 0.341011 0.423449 0
-0.186830 -0.170577 -0.058604 0
-0.111734 0.074097 0.136823 0
0.176442 0.545571 -0.071632 0
-0.121206 -0.208125 -0.136774 0
0.157264 0.333155 0.097738 2
0.263498 -0.159164 -0.332201 0
0.141279 0.467674 0.058653 0
0.217795 -0.073307 -0.201917 1
0.365576 -0.225609 -0.267059 0
-0.405161 -0.054976 0.267108 0
0.164769 0.396265 0.110766 2
0.042757 0.455362 0.058653 0
0.361968 -0.450363 -0.201917 0
-0.058721 -0.188556 -0.149803 0
-0.260845 0.492767 -0.006490 0
-0.155731 -0.462753 -0.123746 0
-0.436794 -0.345602 0.488592 0
0.092682 -0.253034 -0.241002 0
0.160691 0.587301 -0.110718 0
-0.081326 -0.151152 -0.136774 1
-0.370662 0.096194 0.188937 0
0.269387 0.469759 0.006539 0
0.279628 0.422140 0.123795 0
-0.504803 0.089249 0.410421 0
-0.146755 -0.395904 -0.006490 0
0.174905 -0.398588 -0.188888 0
-0.239035 -0.454845 0.032596 0
-0.142221 -0.088276 0.071681 1
0.070742 0.563616 -0.162831 0
0.379022 -0.217571 -0.254031 0
-0.214946 0.219234 0.175909 0
-0.288778 0.331891 0.045624 0
-0.443178 -0.045973 0.306193 0
-0.130573 0.037175 0.123795 0
0.131168 0.413684 0.084709 2
0.174475 -0.285762 -0.241002 0
0.471081 0.600421 0.553734 0
0.133735 -0.220216 -0.267059 0
-0.338833 0.081354 0.123795 0
0.183816 -0.288068 -0.254031 0
0.558424 -0.225245 -0.019518 0
-0.301520 -0.420945 0.214994 0
0.225885 0.429996 0.149852 0
-0.092713 0.399952 0.058653 2
-0.206217 0.437852 -0.019518 0
0.116824 -0.065907 -0.214945 1
-0.183703 -0.414822 0.019567 0
-0.265587 0.225879 0.162880 0
-0.574596 0.241305 0.592819 0
-0.198960 -0.041817 0.097738 0
0.212245 -0.444826 -0.201917 0
0.192650 0.422882 0.136823 2
0.090259 -0.056682 -0.201917 1
-0.305194 -0.166812 0.097738 0
0.325449 -0.125381 -0.188888 0
0.471706 -0.047641 -0.006490 0
0.287914 -0.281775 -0.280088 0
0.183816 -0.288068 -0.254031 0
0.331872 -0.479482 -0.214945 0
-0.201904 0.410127 0.019567 0
-0.092726 -0.245009 -0.227974 0
-0.405930 0.394715 0.214994 0
-0.257314 0.368163 0.032596 0
-0.527668 0.411170 0.423449 0
0.017560 -0.148624 -0.214945 1
0.230667 -0.108653 -0.188888 1
-0.343615 -0.173196 0.175909 0
0.217795 -0.134306 -0.201917 0
0.148561 -0.058558 -0.227974 1
-0.144826 0.542666 -0.097689 0
-0.227818 0.174208 0.175909 0
-0.588068 0.405333 0.449506 0
-0.267737 -0.127714 0.006539 0
-0.478616 -0.067718 0.319222 0
-0.177632 -0.408751 0.019567 0
-0.064389 0.519879 -0.149803 0
0.088240 -0.321773 -0.227974 0
-0.014229 -0.211643 -0.175860 0
-0.510262 0.220511 0.501620 0
-0.305024 0.355538 0.019567 0
0.165003 -0.091468 -0.227974 1
-0.334847 -0.525824 0.149852 0
-0.234241 0.212811 0.175909 0
-0.433316 0.157232 0.280136 0
-0.488999 0.292103 0.449506 0
-0.373294 -0.205611 0.214994 0
0.495392 0.633943 0.527677 0
-0.067477 -0.019616 0.123795 0
-0.373202 -0.417102 0.280136 0
0.350867 -0.455914 -0.201917 0
-0.340240 0.474853 0.071681 0
-0.103696 -0.464356 -0.227974 0
-0.212040 -0.357353 0.110766 0
-0.499383 -0.018678 0.371335 0
-0.210972 0.465681 -0.045575 0
0.087653 0.591796 -0.162831 0
-0.145660 -0.341159 -0.058604 0
-0.338677 -0.453842 0.267108 0
0.050653 -0.358161 -0.214945 0
0.310662 0.398753 0.162880 0
-0.201904 -0.517929 0.019567 0
0.118752 -0.233843 -0.254031 0
0.397444 -0.011213 0.045624 1
0.050653 -0.358161 -0.214945 0
-0.456402 0.298265 0.358307 0
0.068085 -0.367190 -0.201917 0
0.328693 -0.439276 -0.201917 0
-0.280752 0.507176 0.019567 0
0.096851 -0.398588 -0.188888 0
-0.146755 -0.395904 -0.006490 0
-0.043100 -0.291989 -0.214945 0
-0.365490 -0.034521 0.201966 0
0.340340 -0.094165 -0.136774 1
-0.115030 -0.459913 -0.188888 0
0.384351 -0.173717 -0.227974 0
-0.248038 0.527462 -0.019518 0
0.335650 -0.282635 -0.254031 0
-0.248194 -0.002979 0.084709 0
-0.233641 -0.440110 0.045624 0
0.191412 -0.265685 -0.280088 0
-0.143459 -0.248097 -0.162831 0
0.029260 -0.406001 -0.201917 0
0.338621 -0.257959 -0.267059 0
-0.332528 -0.126906 0.123795 0
-0.275723 0.289614 0.123795 2
0.282898 -0.116340 -0.175860 0
-0.323955 -0.048071 0.097738 0
0.102480 -0.217571 -0.254031 0
-0.176355 -0.141602 -0.019518 0
0.335650 -0.304327 -0.254031 0
0.218016 0.435559 0.136823 0
-0.530169 0.270931 0.540706 0
-0.212040 -0.357353 0.110766 0
0.336393 0.419912 0.084709 0
0.029820 0.399301 0.045624 2
0.045128 -0.170681 -0.214945 0
-0.537778 0.423833 0.397392 0
0.480800 -0.054624 -0.045575 0
0.099118 0.443910 0.071681 0
0.492409 -0.092224 -0.071632 0
0.558424 -0.225245 -0.019518 0
0.326009 0.414401 0.097738 0
-0.127460 0.519514 -0.097689 0
-0.466760 0.046373 0.332250 0
-0.076362 -0.236684 -0.241002 0
0.400623 -0.144364 -0.175860 0
0.494180 -0.322085 -0.136774 0
0.376364 -0.331922 -0.293116 0
0.138881 -0.154135 -0.214945 0
-0.412444 0.283777 0.214994 0
0.427097 -0.007826 0.071681 0
-0.191729 0.041682 0.071681 0
-0.600028 0.411782 0.436478 0
-0.057432 -0.123531 -0.058604 1
-0.247243 0.508310 -0.032547 0
-0.303122 0.047871 0.071681 0
-0.396002 -0.409923 0.306193 0
-0.210360 -0.170577 -0.058604 0
-0.528124 0.128126 0.475563 0
0.087223 -0.274857 -0.241002 0
0.182996 -0.087964 -0.214945 1
0.083732 -0.121043 -0.214945 1
-0.365490 -0.034521 0.201966 0
0.192650 0.422882 0.136823 2
-0.086615 0.313300 0.032596 2
0.104134 0.507932 -0.097689 0
0.160938 -0.126567 -0.214945 1
0.424530 -0.012620 0.058653 0
-0.173567 -0.071392 0.084709 0
-0.070056 0.525546 -0.149803 0
0.184963 0.390585 0.123795 2
-0.241302 0.520192 -0.032547 0
0.040360 -0.394914 -0.201917 0
-0.182778 -0.137706 -0.006490 0
-0.297937 0.077863 0.084709 0
-0.155731 -0.525772 -0.123746 0
-0.098810 0.307203 0.032596 2
-0.136462 -0.041817 0.097738 0
-0.000810 0.417671 0.045624 2
0.505085 0.558548 0.657962 0
-0.293677 -0.212907 0.110766 0
-0.173163 0.357284 0.071681 2
-0.103696 -0.464356 -0.227974 0
-0.169581 0.453864 -0.045575 0
-0.170649 0.212277 0.201966 0
-0.149087 -0.231186 -0.162831 0
0.422954 -0.250754 -0.201917 0
0.337956 0.577413 0.214994 0
0.028231 -0.063509 -0.110718 1
0.094767 -0.060396 -0.214945 1
0.334334 0.408838 0.110766 0
0.310062 -0.243680 -0.306145 0
-0.330925 -0.424046 0.254079 0
-0.122587 -0.404451 -0.019518 0
-0.446735 0.473967 0.228023 0
0.293282 -0.484993 -0.214945 0
-0.025316 0.393164 0.045624 2
-0.132176 -0.445386 -0.162831 0
0.284709 0.277524 0.306193 2
0.247786 -0.211552 -0.332201 0
0.253831 0.561492 0.071681 0
-0.081756 -0.255979 -0.227974 0
0.188168 -0.227772 -0.306145 0
0.045128 -0.192739 -0.214945 0
0.431383 -0.209011 -0.188888 0
0.228699 -0.272329 -0.319173 0
0.121136 -0.310816 -0.227974 0
0.266078 -0.065880 -0.175860 1
-0.173567 -0.071392 0.084709 0
-0.173567 0.028120 0.084709 0
-0.426632 0.123840 0.280136 0
-0.420509 0.388748 0.228023 0
0.477712 -0.041635 -0.006490 0
-0.068089 0.436888 0.058653 0
-0.175548 0.136881 0.149852 0
-0.512034 0.184162 0.514649 0
-0.173776 -0.516900 -0.097689 0
0.184455 -0.214652 -0.293116 0
0.053831 0.535435 -0.162831 0
0.263720 -0.436931 -0.227974 0
-0.001266 0.374260 0.032596 2
0.319378 -0.298908 -0.254031 0
-0.164043 -0.317799 -0.032547 0
-0.332528 -0.095351 0.123795 0
-0.240534 -0.190602 -0.045575 0
0.104330 0.350678 0.058653 2
-0.098237 -0.496015 -0.214945 0
0.553043 -0.163920 0.006539 0
0.104134 0.507932 -0.097689 0
0.321006 -0.086544 -0.149803 1
0.169329 -0.476642 -0.188888 0
0.549968 -0.325837 -0.097689 0
0.378865 -0.261451 -0.227974 0
0.110167 -0.184687 -0.227974 0
0.070742 0.569257 -0.162831 0
0.459694 -0.225544 -0.162831 0
0.014381 0.557974 -0.162831 0
0.285751 0.388187 0.214994 2
0.354750 0.370951 0.280136 0
-0.231557 -0.379345 0.123795 0
0.561551 -0.302673 -0.097689 0
0.376924 0.552554 0.293165 0
-0.131967 -0.250885 -0.175860 0
-0.273769 0.499932 0.006539 0
0.464840 0.099073 0.045624 0
-0.516906 0.027442 0.397392 0
0.489712 -0.017623 -0.006490 0
0.389406 -0.424684 -0.175860 0
0.055434 -0.048579 -0.136774 1
0.129449 0.492767 -0.006490 0
0.237533 0.498760 -0.006490 0
-0.150885 0.167290 0.188937 0
0.116824 -0.347139 -0.214945 0
-0.275606 0.416928 0.032596 0
-0.456402 0.298265 0.358307 0
0.217795 -0.134306 -0.201917 0
-0.201344 -0.435498 0.006539 0
-0.137531 0.110629 0.162880 0
-0.202999 -0.084733 0.045624 0
-0.420509 0.388748 0.228023 0
-0.240534 -0.178785 -0.045575 0
0.407189 -0.015916 0.032596 1
0.003099 0.546705 -0.162831 0
0.141813 -0.193338 -0.293116 0
0.132106 -0.332742 -0.227974 0
-0.086654 -0.129733 0.019567 1
0.141813 -0.193338 -0.293116 0
0.523534 -0.247810 -0.110718 0
-0.117219 0.301262 0.045624 2
0.218159 -0.177482 -0.319173 0
-0.018450 0.456287 0.071681 0
-0.202999 0.387041 0.045624 0
0.211111 -0.161353 -0.293116 0
-0.224600 0.327188 0.110766 2
0.266182 0.381660 0.214994 2
0.577185 -0.188061 0.006539 0
-0.164043 -0.317799 -0.032547 0
-0.248038 0.527462 -0.019518 0
0.182292 0.557271 -0.071632 0
-0.299995 0.325481 0.032596 0
-0.250422 0.428315 0.019567 0
-0.359053 0.410192 0.136823 0
0.036921 0.574885 -0.162831 0
-0.369815 0.221371 0.058653 0
-0.527668 0.411170 0.423449 0
0.172977 -0.260956 -0.254031 0
0.328940 -0.071365 -0.136774 1
0.583699 -0.388218 -0.058604 0
-0.361073 -0.359868 0.293165 0
-0.105272 -0.024502 0.110766 0
-0.092726 0.502877 -0.149803 0
0.118114 0.549727 -0.136774 0
-0.288778 0.405424 0.045624 0
-0.215597 0.498760 -0.071632 0
0.478155 0.574924 0.592819 0
-0.488999 0.292103 0.449506 0
-0.167587 -0.207500 -0.110718 0
0.121723 -0.206718 -0.280088 0
0.122335 -0.170681 -0.214945 0
0.144392 -0.054871 -0.214945 1
0.236295 -0.420489 -0.227974 0
-0.316594 0.040549 0.084709 0
-0.214359 0.142640 0.162880 0
-0.282655 0.448314 0.045624 0
0.263720 -0.436931 -0.227974 0
0.498258 -0.103924 -0.071632 0
0.375634 -0.017623 -0.006490 1
-0.130391 -0.018222 0.110766 0
0.348418 -0.385729 -0.214945 0
0.098128 -0.231225 -0.241002 0
-0.030827 -0.094465 0.071681 1
-0.254409 0.021892 0.084709 0
-0.049393 -0.119219 0.071681 1
-0.280752 0.507176 0.019567 0
-0.173776 -0.198458 -0.097689 0
0.140445 -0.239263 -0.254031 0
0.374371 -0.025062 -0.045575 1
0.407867 0.297092 0.241051 0
-0.092726 -0.424267 -0.097689 0
-0.053262 -0.197364 -0.162831 0
0.045128 -0.192739 -0.214945 0
0.276866 0.410883 0.149852 0
-0.306028 -0.466180 0.188937 0
-0.150924 -0.171828 -0.084661 0
0.223345 -0.472551 -0.201917 0
0.103587 -0.280303 -0.241002 0
-0.234345 -0.505226 0.058653 0
-0.042227 -0.025935 0.123795 0
0.073622 -0.389377 -0.201917 0
-0.336449 0.145663 0.097738 0
0.116824 -0.347139 -0.214945 0
0.306271 -0.328052 -0.267059 0
0.042757 0.455362 0.058653 0
-0.389253 -0.382967 0.306193 0
0.197210 -0.454337 -0.188888 0
-0.396002 -0.409923 0.306193 0
-0.037850 0.325481 0.032596 2
0.549968 -0.325837 -0.097689 0
0.486559 -0.378941 -0.071632 0
0.085855 0.461525 0.058653 0
0.313007 -0.166942 -0.319173 0
0.061232 0.418413 0.058653 2
0.160938 -0.132078 -0.214945 1
0.117684 0.388227 0.071681 2
0.292669 -0.046872 -0.149803 1
0.279628 0.422140 0.123795 0
0.382057 -0.105813 -0.097689 0
-0.048611 -0.507050 -0.214945 0
-0.336449 0.445643 0.097738 0
0.111313 0.587888 -0.149803 0
-0.459959 0.073576 0.332250 0
-0.233576 0.149050 0.162880 0
-0.098211 -0.431446 -0.227974 0
-0.103813 -0.511363 -0.201917 0
0.129501 0.566821 -0.136774 0
0.263720 -0.436931 -0.227974 0
0.223084 -0.242182 -0.358258 0
-0.336449 0.383145 0.097738 0
-0.248194 -0.009194 0.084709 0
0.450014 0.037175 0.123795 0
0.480344 -0.009819 0.032596 0
-0.021838 -0.236684 -0.241002 0
-0.025447 -0.144364 -0.175860 1
-0.181410 -0.503976 -0.045575 0
-0.123499 0.375315 0.058653 2
0.177472 -0.363672 -0.214945 0
-0.565216 0.248809 0.579791 0
0.319026 0.566638 0.175909 0
0.354789 -0.311871 -0.267059 0
-0.211454 -0.029323 0.097738 0
0.407867 0.297092 0.241051 0
-0.185853 0.503372 -0.084661 0
0.077986 0.483999 0.032596 0
-0.250487 -0.366721 0.123795 0
-0.299565 -0.362760 0.188937 0
0.160756 0.487868 0.006539 0
0.065414 -0.307571 -0.241002 0
0.247265 -0.365652 -0.227974 0
-0.086433 -0.030782 0.110766 0
0.219840 -0.371124 -0.227974 0
0.577185 -0.182029 0.006539 0
0.399946 -0.119037 -0.123746 0
-0.270278 0.105809 0.136823 0
0.300877 -0.311871 -0.267059 0
0.374293 0.371654 0.123795 0
-0.032743 -0.247588 -0.241002 0
0.045128 -0.170681 -0.214945 0
0.148561 -0.338227 -0.227974 0
0.212245 -0.117669 -0.201917 1
0.337956 0.577413 0.214994 0
-0.392875 0.329455 0.214994 0
-0.436807 -0.126280 0.254079 0
0.334334 0.408838 0.110766 0
-0.186452 -0.010575 0.097738 0
-0.374492 -0.393416 0.293165 0
-0.565594 0.444692 0.397392 0
-0.151445 0.218531 0.214994 0
0.007633 -0.186719 -0.188888 1
-0.298953 0.343396 0.019567 0
-0.185996 -0.002979 0.084709 0
0.480487 -0.192660 -0.097689 0
-0.099058 0.048731 0.136823 0
0.368182 -0.185039 -0.254031 0
-0.264753 -0.290048 0.149852 0
0.497021 0.500792 0.697047 0
-0.340032 0.004343 0.136823 0
-0.160448 0.307580 0.058653 2
0.169772 0.351903 0.097738 2
-0.215532 0.193151 0.188937 0
0.353095 0.552646 0.228023 0
0.514531 -0.308080 -0.123746 0
-0.478616 -0.067718 0.319222 0
0.104330 0.350678 0.058653 2
-0.135602 -0.127622 0.045624 1
0.113567 -0.381860 -0.188888 0
-0.317701 -0.016815 0.097738 0
-0.246383 0.213072 0.162880 0
-0.513636 0.404147 0.423449 0
0.543754 -0.137706 -0.006490 0
-0.537778 0.423833 0.397392 0
0.389406 -0.430287 -0.175860 0
0.122335 -0.165157 -0.214945 0
-0.130391 -0.018222 0.110766 0
-0.203898 -0.531075 -0.071632 0
0.197210 -0.437609 -0.188888 0
-0.321688 0.115932 0.071681 0
0.099978 0.582220 -0.149803 0
-0.227297 -0.203396 -0.071632 0
-0.128932 -0.133746 0.006539 1
0.258261 -0.164402 -0.332201 0
-0.214646 0.392552 0.032596 0
-0.271294 -0.486752 0.058653 0
0.397444 -0.011213 0.045624 1
0.349395 -0.344221 -0.267059 0
0.483706 -0.164701 -0.058604 0
0.153890 -0.212073 -0.280088 0
0.398786 -0.080524 -0.071632 0
0.170488 -0.349197 -0.227974 0
-0.195833 -0.123662 0.019567 0
-0.130573 0.018244 0.123795 0
-0.309363 -0.245452 0.149852 0
0.379074 0.324700 0.306193 0
-0.218164 0.443832 -0.019518 0
0.300877 -0.311871 -0.267059 0
-0.249627 -0.103572 0.006539 0
-0.048963 -0.073072 0.097738 0
-0.410333 -0.146123 0.254079 0
0.203216 0.322172 0.175909 2
0.289686 -0.222027 -0.332201 0
-0.323955 0.058177 0.097738 0
-0.104178 -0.176323 -0.123746 1
0.431383 -0.209011 -0.188888 0
-0.179352 0.301587 0.071681 2
0.326361 -0.032124 -0.084661 1
-0.137101 0.067752 0.136823 0
0.077986 0.483999 0.032596 0
0.016948 -0.245009 -0.227974 0
-0.170649 0.212277 0.201966 0
-0.189775 -0.105461 0.019567 0
-0.057432 -0.123531 -0.058604 1
-0.166610 0.375315 0.058653 2
-0.192224 0.320400 0.084709 2
0.303457 0.601945 0.201966 0
0.517775 -0.334202 -0.110718 0
-0.154598 -0.094465 0.071681 1
0.274677 -0.475326 -0.227974 0
0.395320 -0.195657 -0.227974 0
0.408961 -0.140990 -0.162831 0
-0.170284 0.225462 0.188937 0
0.118726 0.407470 0.084709 2
-0.151445 0.192422 0.214994 0
0.386774 -0.471066 -0.188888 0
-0.315499 0.431533 0.071681 0
-0.306028 0.206076 0.188937 0
-0.133257 -0.435850 -0.097689 0
-0.350207 0.452796 0.110766 0
-0.310379 0.065433 0.084709 0
0.359844 -0.107572 -0.123746 0
-0.048859 -0.228554 -0.227974 0
-0.250422 0.428315 0.019567 0
-0.237159 0.283230 0.110766 2
-0.433316 0.037031 0.280136 0
-0.068089 0.430738 0.058653 2
0.497021 0.500792 0.697047 0
-0.316594 -0.077606 0.084709 0
0.162346 -0.034495 -0.201917 1
0.535051 -0.316926 -0.110718 0
0.217795 -0.422639 -0.201917 0
-0.009096 -0.175567 -0.188888 1
-0.504933 0.334849 0.462535 0
-0.288778 -0.139882 0.045624 0
-0.218320 0.270671 0.110766 2
-0.141973 0.387627 0.058653 2
0.282246 -0.473958 -0.214945 0
0.247786 -0.211552 -0.332201 0
-0.488999 0.292103 0.449506 0
-0.575052 0.357297 0.501620 0
-0.298953 0.101926 0.097738 0
-0.571899 0.321742 0.527677 0
0.197210 -0.437609 -0.188888 0
-0.340032 0.010688 0.136823 0
-0.161464 0.051923 0.097738 0
-0.180642 0.088546 0.110766 0
0.174905 -0.482218 -0.188888 0
-0.042814 -0.516913 -0.201917 0
-0.179352 0.301587 0.071681 2
-0.234345 -0.505226 0.058653 0
0.116824 -0.159646 -0.214945 0
0.079693 0.381478 0.058653 2
0.240073 0.316414 0.214994 2
-0.218320 0.258111 0.110766 2
0.384351 -0.184687 -0.227974 0
0.461935 0.231585 0.214994 0
0.420101 -0.280967 -0.214945 0
0.389406 -0.424684 -0.175860 0
-0.351979 -0.394015 0.267108 0
0.577185 -0.188061 0.006539 0
0.400779 -0.156480 -0.201917 0
0.558424 -0.225245 -0.019518 0
0.217795 -0.422639 -0.201917 0
-0.098628 -0.409376 -0.045575 0
-0.064389 0.519879 -0.149803 0
-0.147589 -0.131739 0.032596 1
0.111300 -0.176192 -0.214945 0
-0.218320 0.258111 0.110766 2
0.143598 0.382598 0.084709 2
-0.148956 -0.054311 0.097738 0
0.110167 -0.091468 -0.227974 1
0.315104 0.531943 0.149852 0
-0.370388 0.308544 0.123795 0
-0.361073 -0.359868 0.293165 0
-0.024978 0.443050 0.058653 2
-0.129479 0.436054 0.045624 0
0.143076 -0.075013 -0.227974 1
-0.132397 -0.511610 -0.149803 0
0.022433 -0.234039 -0.227974 0
