0.500726 0.545215 0.203511 0
-0.441299 -0.012038 0.300794 0
0.505843 -0.451697 0.008946 0
0.119359 -0.737221 -0.068880 0
0.455198 -0.765686 -0.010510 0
-0.550411 0.347790 0.242424 0
-0.537414 0.042168 0.222968 0
-0.067501 0.853445 -0.302358 0
0.647078 -0.721636 0.067316 0
0.214327 -0.304800 -0.166162 0
0.275362 0.628061 -0.185619 0
-0.125501 -0.219055 -0.224532 1
0.357235 0.389836 0.534272 2
0.199501 -0.430334 -0.380183 0
0.229425 0.612866 -0.205075 0
0.303282 0.567999 0.203511 2
-0.473558 0.286308 0.242424 0
0.049997 -0.503568 -0.263445 0
-0.486185 -0.085175 0.261881 0
0.521409 0.175172 0.164599 0
-0.296679 0.161164 0.281337 0
-0.299345 -0.871237 -0.029967 0
0.136559 -0.249524 -0.205075 1
0.511933 -0.347313 -0.010510 0
-0.323957 0.386937 0.300794 0
-0.431474 0.557823 0.164599 0
-0.592865 0.431298 0.203511 0
-0.216090 -0.358617 -0.166162 0
0.570420 0.508229 0.222968 0
0.100234 -0.195513 -0.243988 1
0.611220 -0.560050 -0.010510 0
0.391381 -0.141658 -0.010510 1
-0.383377 0.091101 0.184055 0
0.008185 -0.574234 -0.185619 0
-0.082366 -0.627642 -0.205075 0
0.487048 -0.197887 0.067316 0
0.363947 0.574225 0.184055 0
0.483566 -0.389845 -0.010510 0
-0.377482 0.481126 0.125685 2
0.487924 -0.142747 0.086772 0
0.462300 -0.248026 -0.010510 0
-0.551520 0.752914 0.164599 0
-0.509339 0.059173 0.203511 0
0.209521 -0.667450 -0.205075 0
-0.489668 -0.635405 0.047860 0
0.090253 0.642148 0.028403 0
-0.514008 0.775405 0.164599 0
0.545107 0.128846 0.184055 0
-0.496886 -0.722142 0.047860 0
0.489656 -0.104379 0.125685 0
-0.132096 -0.186116 -0.224532 1
0.323731 0.381450 0.534272 2
0.391945 0.800173 0.028403 0
-0.664232 -0.063715 0.339707 0
0.418367 0.653569 -0.068880 0
-0.288546 -0.193315 0.125685 1
0.647078 -0.721636 0.067316 0
-0.590492 0.526051 0.417533 0
0.307660 -0.173975 -0.107792 1
0.370251 0.783013 0.008946 0
0.348829 -0.329121 -0.205075 0
-0.285297 -0.179403 0.222968 1
0.355931 0.602923 -0.010510 0
-0.205564 -0.240263 -0.185619 1
-0.365030 0.112347 0.203511 0
0.335288 0.638704 -0.146706 0
0.637428 -0.282581 0.203511 0
-0.322031 -0.844232 0.008946 0
0.211583 -0.825904 -0.107792 0
-0.137953 0.795815 -0.302358 0
-0.548038 -0.100643 0.261881 0
-0.496614 0.340105 0.242424 0
0.050308 -0.541411 -0.205075 0
-0.342888 0.009617 0.242424 0
-0.083591 0.805310 -0.321814 0
-0.509514 -0.772554 0.067316 0
0.501602 -0.168780 0.067316 0
-0.372131 -0.772340 -0.049423 0
0.342195 -0.355660 -0.205075 0
0.060970 -0.188976 -0.243988 1
0.076847 -0.362294 -0.205075 0
0.169713 -0.222986 -0.205075 1
0.364589 0.513093 0.320251 2
-0.509202 -0.297660 -0.010510 0
-0.104994 0.695108 -0.010510 0
0.450042 -0.165550 0.047860 1
-0.476476 0.107639 0.164599 0
-0.189182 0.706140 -0.302358 0
-0.035475 0.866267 -0.302358 0
-0.339016 -0.843687 -0.010510 0
0.067021 -0.765569 -0.029967 0
-0.402931 -0.664318 0.047860 0
0.611726 0.023061 0.261881 0
0.474052 -0.116325 0.106229 0
0.535592 -0.528628 0.028403 0
0.420896 0.483986 0.378620 0
-0.588838 0.440014 0.242424 0
0.256606 0.769140 -0.224532 0
-0.296776 -0.121053 0.242424 0
0.077625 -0.794268 0.008946 0
-0.498132 0.585607 -0.049423 0
-0.645534 0.369796 0.106229 0
-0.289091 0.048043 0.242424 0
-0.620591 0.742971 0.145142 0
0.006259 0.604577 0.008946 2
-0.056780 -0.182419 -0.243988 1
0.594935 -0.308497 0.145142 0
-0.450502 0.401588 0.242424 2
0.024003 0.873700 -0.263445 0
-0.489571 -0.328751 -0.029967 0
-0.089000 -0.276063 -0.205075 1
0.348829 -0.593613 -0.146706 0
0.393579 0.578914 0.145142 0
-0.269479 0.631388 0.067316 0
0.402276 -0.347138 -0.185619 0
0.518257 0.458186 0.106229 0
0.201874 -0.193509 -0.185619 1
-0.064524 -0.466542 -0.321814 0
0.095837 -0.845030 0.047860 0
0.149731 -0.393016 -0.380183 0
0.205902 0.626835 -0.263445 0
0.168137 0.535604 0.047860 2
0.348829 -0.283768 -0.107792 0
0.321201 0.782799 -0.088336 0
-0.115675 0.877416 -0.243988 0
0.288300 0.609830 -0.166162 0
-0.112056 -0.360504 -0.185619 0
-0.273351 0.098942 0.281337 0
0.519307 0.407016 0.125685 0
0.138018 -0.186116 -0.224532 1
0.001492 -0.614314 -0.185619 0
0.104631 -0.823121 0.028403 0
0.131053 0.642089 -0.302358 0
0.543920 0.392754 0.164599 0
0.461560 -0.779656 -0.029967 0
0.600227 -0.629199 0.028403 0
0.168487 -0.307057 -0.185619 1
-0.589032 0.775405 0.164599 0
0.628147 -0.293885 0.184055 0
0.529561 -0.743836 0.047860 0
0.141773 -0.287017 -0.185619 1
0.362644 -0.198159 -0.088336 1
0.012835 -0.278359 -0.224532 1
0.149731 -0.393016 -0.380183 0
0.647876 -0.077081 0.320251 0
-0.664232 -0.063715 0.339707 0
0.527265 -0.772865 0.008946 0
0.491582 -0.408873 0.008946 0
-0.383377 0.159043 0.184055 0
0.240496 -0.282153 -0.146706 0
0.425332 0.618800 -0.068880 0
0.469382 0.567474 -0.010510 0
0.218899 0.659308 -0.263445 0
0.572560 -0.144440 0.145142 0
-0.423963 0.490309 0.164599 0
0.307660 -0.812187 -0.107792 0
0.539153 -0.699067 0.086772 0
0.490531 0.519241 0.145142 0
0.443408 -0.125139 0.067316 1
-0.350904 0.612866 0.106229 0
0.420896 0.483986 0.378620 0
-0.372637 0.119935 0.203511 0
0.116597 0.728068 -0.282901 0
-0.019910 0.546188 -0.010510 2
0.488838 -0.345367 -0.049423 0
0.564330 -0.765666 0.028403 0
-0.709896 0.132932 0.359163 0
0.418834 0.592611 -0.049423 0
0.530689 -0.183333 0.067316 0
-0.132096 -0.373851 -0.185619 0
0.411830 -0.737338 -0.049423 0
-0.291290 0.660476 0.067316 0
0.224386 -0.449012 -0.380183 0
-0.214981 0.607904 0.047860 0
-0.281406 0.447719 0.242424 2
-0.445735 0.256092 0.222968 0
-0.523659 0.735500 0.145142 0
-0.597768 -0.082451 0.300794 0
-0.185524 -0.420605 -0.185619 0
-0.301173 -0.336320 -0.146706 0
0.404825 -0.219367 -0.049423 1
-0.271483 -0.272755 -0.127249 1
0.335210 -0.300033 -0.127249 0
-0.108904 -0.528141 -0.205075 0
-0.438108 0.057441 0.222968 0
-0.340417 0.466300 0.125685 2
-0.365127 -0.779344 -0.049423 0
0.370387 0.807353 0.028403 0
-0.218833 -0.458876 -0.282901 0
0.641689 0.055009 0.339707 0
0.483566 -0.389845 -0.010510 0
0.209754 0.611212 0.086772 2
0.148447 -0.300384 -0.185619 1
-0.429372 0.636758 0.125685 0
-0.269479 0.616835 0.067316 0
-0.384622 0.210252 0.222968 0
0.460841 0.669601 -0.049423 0
0.039199 0.779666 -0.282901 0
-0.030339 -0.566529 -0.146706 0
-0.355710 -0.201914 -0.029967 1
-0.013645 0.786223 -0.321814 0
0.425332 0.597943 -0.068880 0
0.148856 0.715168 -0.282901 0
0.037039 -0.554680 -0.205075 0
-0.331545 0.224086 0.261881 0
0.669726 -0.347488 0.222968 0
-0.666255 -0.022000 0.320251 0
0.295674 0.530039 0.203511 2
-0.031895 -0.641028 -0.185619 0
-0.613645 0.534417 0.028403 0
0.334938 0.750929 -0.068880 0
0.635424 0.228464 0.359163 0
-0.055827 -0.362294 -0.205075 0
0.376827 -0.275363 -0.049423 0
-0.284830 0.175717 0.300794 0
-0.689720 0.391898 0.106229 0
0.348829 -0.579507 -0.127249 0
-0.022654 -0.329121 -0.205075 1
0.341027 0.480814 0.300794 2
-0.366683 0.332264 0.281337 0
0.023770 -0.408737 -0.205075 0
0.203898 0.729605 -0.224532 0
-0.020007 0.805310 -0.321814 0
-0.055827 -0.382198 -0.205075 0
0.460296 -0.050154 0.359163 0
0.637973 -0.722142 0.047860 0
0.282035 0.641428 -0.185619 0
-0.163577 -0.433953 -0.302358 0
-0.598235 0.407386 0.145142 0
0.263785 0.772740 -0.243988 0
-0.400538 -0.565887 0.008946 0
-0.331778 0.347829 0.300794 0
-0.055360 0.517821 -0.010510 2
0.648965 -0.395059 0.164599 0
-0.626914 -0.069221 0.320251 0
-0.175504 0.634968 0.028403 0
0.307932 -0.259116 -0.127249 0
-0.083591 0.805310 -0.321814 0
-0.035475 0.859847 -0.302358 0
0.321941 0.697249 -0.166162 0
-0.022654 -0.329121 -0.205075 1
0.417608 -0.072431 0.222968 1
-0.012809 0.510738 -0.010510 2
-0.590492 0.526051 0.417533 0
-0.601348 0.642342 0.106229 0
0.097257 0.753867 -0.282901 0
0.241955 -0.641028 -0.185619 0
-0.316972 -0.398970 -0.166162 0
0.376827 -0.275363 -0.049423 0
0.267034 -0.265946 -0.127249 0
0.244445 0.511789 0.145142 2
-0.431921 0.649697 0.106229 0
-0.381568 -0.588398 -0.010510 0
-0.670380 0.615123 0.047860 0
-0.410149 -0.201700 0.047860 1
-0.514008 0.085147 0.164599 0
-0.660263 0.347712 0.106229 0
-0.625358 0.069465 0.261881 0
-0.519670 0.301678 0.242424 0
0.540301 -0.560050 -0.010510 0
-0.525721 0.710888 0.125685 0
0.335385 0.690536 -0.166162 0
-0.020007 0.773518 -0.321814 0
-0.524806 -0.335794 -0.029967 0
-0.537414 -0.156483 0.222968 0
0.166931 0.782740 -0.263445 0
0.097451 0.627789 0.028403 0
-0.324599 0.552648 0.086772 0
-0.447525 0.030805 0.261881 0
0.029723 0.532004 -0.010510 2
0.228608 -0.340464 -0.185619 0
0.101771 -0.449343 -0.399640 0
-0.281133 0.473713 0.125685 2
0.146443 0.499473 0.047860 2
0.333926 0.593818 0.145142 0
-0.351118 0.293370 0.281337 0
-0.226888 0.818540 -0.243988 0
-0.089506 -0.234757 -0.243988 1
-0.445385 -0.794053 -0.010510 0
0.430644 -0.388638 -0.127249 0
-0.175231 -0.428621 -0.205075 0
-0.229535 -0.277911 -0.166162 1
0.067021 -0.765569 -0.029967 0
-0.050827 0.640260 0.008946 0
-0.172177 -0.327097 -0.185619 1
0.043674 -0.548046 -0.205075 0
-0.313431 -0.885343 -0.029967 0
0.001492 -0.600967 -0.185619 0
0.341066 0.526693 0.281337 2
-0.212393 -0.452417 -0.282901 0
-0.236675 0.571754 0.047860 2
-0.435131 0.317049 0.242424 0
0.645210 -0.476368 0.047860 0
0.667274 0.077209 0.359163 0
-0.150755 0.647401 0.008946 0
0.496154 0.384544 0.106229 0
0.321201 -0.764635 -0.088336 0
-0.630805 0.649697 0.106229 0
-0.393961 -0.162456 0.164599 1
0.647876 -0.077081 0.320251 0
-0.083591 0.773518 -0.321814 0
0.376477 -0.737007 -0.088336 0
0.607426 -0.665115 0.028403 0
0.280206 -0.825904 -0.107792 0
-0.457818 -0.354745 -0.068880 0
0.144595 -0.357411 -0.224532 0
-0.178850 -0.393892 -0.185619 0
-0.670380 0.593448 0.047860 0
-0.445385 -0.815319 -0.010510 0
0.610169 -0.113368 0.242424 0
-0.013645 0.786223 -0.321814 0
-0.125501 -0.561646 -0.224532 0
-0.664232 -0.063715 0.339707 0
-0.519670 0.270937 0.242424 0
0.157786 -0.350815 -0.224532 0
0.474052 -0.116325 0.106229 0
-0.053045 -0.251995 -0.224532 1
-0.043881 -0.668092 -0.146706 0
0.131053 0.642089 -0.302358 0
-0.013645 0.767156 -0.321814 0
-0.586698 0.394194 0.261881 0
-0.304462 0.200038 0.281337 0
0.095019 -0.627681 -0.185619 0
0.261723 -0.405449 -0.380183 0
0.269233 0.685828 -0.205075 0
-0.238193 0.702268 -0.282901 0
-0.542998 0.433885 0.300794 0
-0.136474 0.604577 0.008946 2
0.005422 0.690847 -0.321814 0
0.362644 -0.198159 -0.088336 1
-0.519534 -0.043344 0.300794 0
-0.519534 -0.012038 0.300794 0
0.076847 -0.362294 -0.205075 0
0.143194 -0.229620 -0.205075 1
0.280206 -0.805319 -0.107792 0
-0.285725 -0.413932 -0.185619 0
0.457961 -0.176057 0.067316 1
-0.412075 -0.793742 -0.029967 0
0.244445 0.511789 0.145142 2
-0.030611 -0.195513 -0.243988 1
-0.327518 0.132582 0.242424 0
0.008457 0.489453 -0.010510 2
-0.611894 0.094155 0.242424 0
0.258804 0.557823 0.164599 2
0.014859 -0.620988 -0.185619 0
-0.272689 -0.444109 -0.243988 0
-0.276736 0.558640 0.067316 2
0.389182 -0.392238 -0.166162 0
0.498722 -0.373190 0.008946 0
0.503528 0.657071 0.106229 0
0.433387 -0.814872 -0.029967 0
0.582852 -0.135373 0.184055 0
0.519307 0.407016 0.125685 0
0.074065 -0.182419 -0.243988 1
0.318652 0.581774 0.184055 0
0.520124 -0.216176 0.008946 0
0.077080 -0.436988 -0.399640 0
-0.034094 -0.808237 -0.010510 0
-0.082366 -0.408737 -0.205075 0
0.240496 -0.255069 -0.146706 1
-0.346410 -0.125917 0.222968 0
-0.506498 0.115149 0.164599 0
-0.394195 -0.375019 -0.127249 0
-0.384622 0.210252 0.222968 0
-0.466651 -0.460764 -0.010510 0
-0.229437 0.651273 0.047860 0
-0.498988 0.167681 0.164599 0
-0.319832 0.124897 0.242424 0
-0.065108 0.654541 0.008946 0
0.275362 0.628061 -0.185619 0
-0.537609 0.474491 0.339707 0
0.348829 -0.253435 -0.088336 0
0.096848 -0.737338 -0.049423 0
-0.054504 -0.855439 -0.068880 0
-0.229535 -0.277911 -0.166162 1
0.307660 -0.729828 -0.107792 0
-0.360107 -0.347741 -0.127249 0
0.266490 -0.791602 -0.107792 0
-0.504163 0.196788 0.184055 0
-0.289091 0.048043 0.242424 0
0.369706 -0.577289 -0.068880 0
0.061613 -0.848104 -0.185619 0
0.264797 0.477662 0.222968 2
0.529561 -0.526974 0.047860 0
0.676963 -0.696285 0.145142 0
0.505843 -0.451697 0.008946 0
0.002951 -0.453176 -0.302358 0
0.362196 -0.340464 -0.185619 0
-0.285297 -0.164110 0.222968 1
-0.161456 0.838153 -0.243988 0
0.165646 -0.821935 -0.029967 0
-0.470717 0.386470 0.261881 0
-0.041176 0.539106 -0.010510 2
-0.482430 -0.685992 0.047860 0
-0.317283 0.625863 0.086772 0
0.498353 -0.053481 0.320251 0
0.673442 -0.392024 0.184055 0
-0.312147 -0.097997 0.242424 0
-0.509514 -0.772554 0.067316 0
0.241955 -0.661068 -0.185619 0
-0.292885 -0.061983 0.261881 0
-0.511712 -0.027681 0.300794 0
-0.547940 0.799823 0.125685 0
-0.498209 0.679173 0.106229 0
0.282502 0.665943 -0.205075 0
-0.442136 -0.310365 -0.049423 0
-0.066217 -0.581394 -0.224532 0
0.475647 0.615356 -0.029967 0
0.267034 -0.225048 -0.127249 1
-0.432057 0.394194 0.261881 2
0.397510 0.695303 -0.068880 0
-0.458187 0.416958 0.242424 0
-0.043706 0.625999 0.008946 0
-0.299345 -0.871237 -0.029967 0
0.000500 0.844184 -0.282901 0
0.110293 0.636817 0.047860 0
-0.610084 0.618528 0.086772 0
-0.233426 0.825078 -0.243988 0
0.209521 -0.667450 -0.205075 0
0.505843 -0.480240 0.008946 0
0.175900 0.661293 -0.302358 0
-0.009851 0.795815 -0.302358 0
0.511894 -0.074727 0.125685 0
-0.062462 -0.368929 -0.205075 0
0.222849 0.525603 0.125685 2
0.498897 0.527821 0.164599 0
-0.678046 -0.097919 0.359163 0
-0.486185 -0.085175 0.261881 0
0.061535 0.649327 0.028403 0
0.083482 -0.295948 -0.205075 1
-0.016019 -0.309217 -0.205075 1
-0.199474 -0.497575 -0.282901 0
0.410604 -0.434750 -0.107792 0
0.202886 -0.674085 -0.205075 0
-0.028607 -0.853357 -0.107792 0
0.504481 0.295841 0.125685 0
-0.625358 0.069465 0.261881 0
0.020540 0.561753 0.008946 2
0.118250 0.867960 -0.224532 0
-0.119177 0.560372 -0.010510 2
0.070212 -0.594469 -0.205075 0
0.404475 0.702249 -0.068880 0
0.098483 -0.568222 -0.224532 0
0.659316 0.101082 0.359163 0
-0.135287 0.851247 -0.243988 0
-0.278312 -0.238668 -0.127249 1
-0.595434 0.625863 0.086772 0
-0.366781 -0.758292 0.047860 0
-0.680069 -0.055796 0.339707 0
-0.344678 -0.166815 0.145142 1
0.244153 0.811984 -0.243988 0
-0.346410 -0.125917 0.222968 0
0.572560 -0.144440 0.145142 0
0.156677 -0.736696 -0.107792 0
-0.168597 -0.203082 -0.205075 1
-0.405344 -0.736929 0.028403 0
0.371769 -0.064785 0.222968 1
-0.418204 -0.130684 0.203511 1
-0.604092 0.420421 0.067316 0
-0.445735 0.256092 0.222968 0
-0.369330 0.439469 0.222968 2
0.545107 0.128846 0.184055 0
-0.598547 0.065087 0.222968 0
-0.538562 0.728048 0.145142 0
0.465218 -0.154246 0.067316 1
-0.456164 -0.130684 0.203511 1
0.446832 -0.275363 -0.049423 0
-0.161962 -0.229620 -0.205075 1
0.493917 -0.294877 -0.088336 0
0.023770 -0.315852 -0.205075 1
-0.370069 0.584887 0.125685 0
-0.354737 0.247297 0.261881 0
-0.565782 -0.105682 0.242424 0
-0.636876 -0.004217 0.300794 0
-0.538562 0.728048 0.145142 0
0.261411 -0.324977 -0.166162 0
-0.351138 -0.324938 -0.107792 0
0.415468 0.397910 0.514815 2
-0.416453 0.557823 0.164599 0
-0.118924 -0.251995 -0.224532 1
-0.125131 -0.574857 -0.302358 0
-0.200719 0.851247 -0.243988 0
-0.131552 -0.562054 -0.302358 0
-0.366781 -0.758292 0.047860 0
0.155120 -0.293710 -0.185619 1
-0.155327 -0.276063 -0.205075 1
-0.529690 0.490309 0.339707 0
0.284195 0.606231 0.028403 0
-0.543290 0.518930 0.008946 0
-0.410597 -0.123096 0.203511 1
-0.056780 -0.182419 -0.243988 1
0.147435 0.737271 -0.263445 0
-0.558097 0.309364 0.242424 0
0.197866 -0.832772 -0.107792 0
0.545107 0.204337 0.184055 0
-0.374466 -0.064396 0.281337 0
-0.467799 -0.033285 0.281337 0
-0.411064 0.596289 -0.088336 0
0.435041 -0.191038 0.028403 0
-0.308217 0.042168 0.222968 0
-0.500466 -0.487380 0.008946 0
0.067508 -0.221682 -0.243988 1
0.600227 -0.736929 0.028403 0
0.412666 0.751844 -0.010510 0
0.637078 0.259808 0.378620 0
-0.299928 -0.189190 0.145142 1
-0.387366 -0.354551 -0.127249 0
0.097451 0.627789 0.028403 0
-0.451319 -0.150452 0.184055 1
-0.030611 -0.228219 -0.243988 1
0.527810 0.347732 0.145142 0
-0.604033 0.287728 0.164599 0
0.590401 -0.420897 0.086772 0
0.417608 0.554068 0.222968 0
-0.598235 0.407386 0.145142 0
0.187807 0.464821 0.086772 2
0.188800 0.551364 0.067316 2
0.266314 0.520311 0.164599 2
-0.046449 -0.462826 -0.224532 0
-0.652908 0.325610 0.106229 0
0.565108 -0.010209 0.145142 0
0.333926 0.593818 0.145142 0
-0.394195 -0.375019 -0.127249 0
-0.412075 -0.793742 -0.029967 0
0.037234 0.741726 -0.321814 0
0.252753 -0.757281 -0.107792 0
-0.358901 0.394486 0.281337 2
0.333556 0.561715 0.222968 2
0.404825 0.718592 -0.049423 0
-0.211421 0.476943 0.028403 2
-0.467799 -0.033285 0.281337 0
0.020540 0.561753 0.008946 2
-0.471729 0.563174 -0.068880 0
-0.421142 -0.457359 -0.049423 0
0.196076 0.580451 0.067316 2
-0.419255 -0.166815 0.145142 1
-0.136474 0.604577 0.008946 2
-0.589538 0.456805 0.067316 0
-0.448576 0.074368 0.203511 0
-0.557143 0.649697 0.106229 0
-0.164394 0.821731 -0.263445 0
0.355698 0.615220 -0.107792 0
-0.482430 -0.671536 0.047860 0
-0.284013 0.667753 0.067316 0
0.403366 -0.409087 -0.127249 0
0.073092 -0.842831 -0.166162 0
-0.351138 -0.212362 -0.049423 1
-0.284830 0.175717 0.300794 0
-0.627011 0.513929 0.047860 0
0.061613 -0.841411 -0.185619 0
0.237674 0.547823 0.125685 2
0.539153 -0.713698 0.086772 0
0.314294 -0.149810 -0.088336 1
-0.323821 -0.054239 0.261881 0
-0.445735 0.256092 0.222968 0
-0.237492 -0.423290 -0.224532 0
0.010520 -0.362294 -0.205075 0
-0.688766 0.340300 0.125685 0
0.138018 -0.186116 -0.224532 1
-0.405344 -0.736929 0.028403 0
0.428912 0.475970 0.378620 0
-0.251131 0.485017 0.047860 2
-0.519534 -0.012038 0.300794 0
0.474830 -0.254369 -0.049423 0
0.640910 -0.151794 0.242424 0
0.049083 0.483246 0.008946 2
-0.588838 0.440014 0.242424 0
0.641689 0.055009 0.339707 0
-0.365030 0.112347 0.203511 0
-0.464783 0.556228 -0.068880 0
-0.288916 0.277825 0.281337 0
0.267034 -0.279585 -0.127249 0
-0.005182 -0.647721 -0.185619 0
-0.247006 -0.214444 -0.146706 1
0.275362 0.628061 -0.185619 0
0.591861 -0.085117 0.203511 0
-0.122154 -0.282698 -0.205075 1
0.180472 0.472137 0.086772 2
-0.211421 0.476943 0.028403 2
-0.543290 0.518930 0.008946 0
0.110662 -0.392179 -0.360727 0
-0.350904 0.620240 0.106229 0
-0.205564 -0.240263 -0.185619 1
-0.178850 -0.360504 -0.185619 0
0.527810 0.347732 0.145142 0
0.435586 -0.143856 0.047860 1
-0.623431 0.318236 0.106229 0
0.230262 0.562648 0.125685 2
0.413483 -0.600461 0.028403 0
0.632544 -0.459752 0.067316 0
0.545107 0.204337 0.184055 0
0.558473 -0.404087 0.047860 0
0.498897 -0.072431 0.164599 0
0.239036 -0.812187 -0.107792 0
0.147435 0.743769 -0.263445 0
-0.634775 -0.037740 0.320251 0
-0.090810 0.524922 -0.010510 2
0.341981 -0.276919 -0.107792 0
0.274155 -0.411675 -0.380183 0
-0.144899 -0.620501 -0.263445 0
0.046203 -0.836099 -0.166162 0
-0.680069 -0.055796 0.339707 0
-0.430014 -0.333888 -0.068880 0
0.195201 -0.320424 -0.185619 0
-0.279207 -0.201895 0.008946 1
-0.082366 -0.309217 -0.205075 1
-0.077249 0.786223 -0.321814 0
0.050308 -0.541411 -0.205075 0
0.008633 -0.202050 -0.243988 1
0.117531 0.528386 0.047860 2
0.207595 -0.264448 -0.166162 1
-0.676820 0.529534 0.067316 0
0.162319 -0.757728 -0.088336 0
-0.289091 0.055729 0.242424 0
-0.450502 -0.494521 0.008946 0
0.267871 0.420772 0.417533 2
-0.419761 0.409273 0.242424 2
0.307932 -0.259116 -0.127249 0
0.390564 -0.702452 -0.068880 0
-0.595434 0.450170 0.086772 0
0.049997 -0.503568 -0.263445 0
-0.300570 0.080380 0.222968 0
-0.377482 0.666410 0.125685 0
-0.421123 0.453439 0.184055 0
0.088326 -0.320424 -0.185619 1
-0.446650 -0.248921 0.106229 1
-0.672151 0.126239 0.339707 0
0.488800 0.502392 0.106229 0
-0.197042 0.584693 0.028403 0
0.160899 0.564536 0.047860 2
-0.056780 -0.182419 -0.243988 1
-0.581152 0.424643 0.242424 0
0.369414 0.683843 -0.107792 0
-0.292651 0.316543 0.300794 0
0.037039 -0.554680 -0.205075 0
0.070212 -0.607738 -0.205075 0
-0.611368 0.434975 0.067316 0
0.074065 -0.182419 -0.243988 1
0.528413 -0.758487 0.028403 0
0.084766 -0.837364 -0.146706 0
0.209754 0.603896 0.086772 2
0.501602 -0.168780 0.067316 0
-0.535041 -0.205592 0.242424 1
-0.519670 0.270937 0.242424 0
0.275362 0.728262 -0.185619 0
-0.111589 -0.668092 -0.146706 0
-0.331778 0.363472 0.300794 0
-0.514923 -0.559992 0.086772 0
0.153797 -0.324977 -0.166162 1
0.348829 0.627050 -0.127249 0
0.056495 0.841207 -0.263445 0
0.230981 0.590783 0.106229 2
0.107043 -0.847539 -0.088336 0
0.404475 0.702249 -0.068880 0
0.605500 0.480036 0.281337 0
-0.412075 -0.286472 -0.029967 0
0.168040 -0.834581 -0.068880 0
-0.426901 -0.270051 0.028403 0
-0.109177 -0.594333 -0.282901 0
0.203762 -0.813004 -0.088336 0
0.049083 0.547492 0.008946 2
-0.608703 0.296153 0.106229 0
0.236838 -0.349453 -0.380183 0
0.227771 -0.156853 -0.166162 1
0.348829 -0.579507 -0.127249 0
-0.132096 -0.373851 -0.185619 0
0.307932 -0.286394 -0.127249 0
-0.491127 0.599596 -0.049423 0
0.144342 -0.668131 -0.127249 0
0.530689 -0.183333 0.067316 0
-0.218931 -0.380544 -0.185619 0
0.231079 0.785815 -0.243988 0
-0.579654 0.166592 0.184055 0
-0.296679 0.145598 0.281337 0
-0.373007 -0.712959 0.106229 0
-0.359543 -0.194462 0.047860 1
0.455801 0.515856 0.222968 0
-0.575627 0.248465 0.222968 0
0.118250 0.867960 -0.224532 0
-0.454354 -0.307602 -0.029967 0
0.418367 -0.292173 -0.068880 0
0.078715 -0.594585 -0.224532 0
-0.243893 0.615123 0.047860 0
0.334938 0.750929 -0.068880 0
0.617952 0.450735 0.339707 0
0.144595 -0.357411 -0.224532 0
0.630482 0.120947 0.300794 0
-0.269479 0.595005 0.067316 0
-0.652908 0.384544 0.106229 0
-0.059621 -0.245419 -0.224532 1
0.165646 -0.821935 -0.029967 0
0.077625 0.497528 0.008946 2
0.593417 -0.297076 0.125685 0
-0.638899 0.075594 0.281337 0
0.088618 -0.852248 0.047860 0
-0.592865 0.431298 0.203511 0
0.363753 -0.092238 0.145142 1
0.015559 -0.801136 -0.010510 0
0.521233 -0.607641 0.028403 0
-0.678046 -0.097919 0.359163 0
-0.429100 -0.523063 0.008946 0
0.520124 -0.216176 0.008946 0
-0.029288 -0.402102 -0.205075 0
0.212945 -0.387568 -0.399640 0
-0.456164 -0.130684 0.203511 1
0.628147 -0.293885 0.184055 0
-0.184804 -0.429886 -0.224532 0
0.269233 -0.342390 -0.205075 0
-0.579246 0.693902 0.106229 0
-0.383377 0.128846 0.184055 0
-0.604092 0.420421 0.067316 0
0.052098 0.786126 -0.282901 0
0.559796 -0.176057 0.067316 0
-0.523386 0.532004 -0.010510 0
-0.086510 0.568894 0.008946 2
0.397840 -0.163371 -0.049423 1
-0.523386 -0.283476 -0.010510 0
-0.438711 -0.377782 -0.088336 0
-0.056780 -0.182419 -0.243988 1
-0.543290 0.518930 0.008946 0
-0.445735 0.256092 0.222968 0
0.295402 0.795056 -0.185619 0
-0.555353 0.822062 0.125685 0
-0.557143 0.657071 0.106229 0
0.514035 -0.406519 0.028403 0
-0.063337 -0.450666 -0.243988 0
-0.466651 -0.460764 -0.010510 0
0.267034 -0.225048 -0.127249 1
0.434477 0.775872 0.008946 0
0.065601 -0.833725 -0.088336 0
0.006259 0.604577 0.008946 2
-0.463771 0.545215 0.203511 0
-0.309968 0.655145 0.086772 0
0.083073 0.520039 0.028403 2
-0.060166 -0.681770 -0.127249 0
-0.368279 0.098650 0.184055 0
0.627466 0.435422 0.359163 0
-0.009384 -0.342390 -0.205075 0
0.156677 -0.853357 -0.107792 0
-0.634775 -0.037740 0.320251 0
0.393579 0.578914 0.145142 0
-0.385459 -0.338674 -0.107792 0
-0.300629 0.108125 0.261881 0
-0.645534 0.671799 0.106229 0
-0.553349 -0.072178 0.281337 0
-0.462993 0.371002 0.261881 0
0.348829 -0.593613 -0.146706 0
0.376107 -0.627233 -0.127249 0
-0.331915 0.589265 0.086772 0
0.307660 -0.173975 -0.107792 1
-0.427076 -0.713698 0.086772 0
0.211447 0.622263 -0.243988 0
-0.477177 -0.765666 0.028403 0
0.404105 0.644638 -0.088336 0
-0.625358 0.069465 0.261881 0
-0.200525 0.644035 0.047860 0
0.418834 -0.730353 -0.049423 0
-0.378591 -0.345542 -0.107792 0
-0.546034 0.742971 0.145142 0
-0.271483 -0.300033 -0.127249 1
0.534406 -0.551606 0.008946 0
-0.419761 0.355476 0.242424 0
0.598632 -0.515923 0.008946 0
-0.351118 -0.025502 0.281337 0
-0.554906 -0.145880 0.203511 0
-0.548038 -0.247540 0.261881 1
0.369142 -0.627467 -0.146706 0
0.355464 -0.375564 -0.205075 0
0.048265 -0.634355 -0.185619 0
0.147435 0.743769 -0.263445 0
-0.005182 -0.594274 -0.185619 0
-0.283624 0.835020 -0.224532 0
-0.434159 0.124021 0.145142 0
-0.086510 0.568894 0.008946 2
-0.393417 -0.622972 0.008946 0
-0.476126 -0.271024 0.106229 1
0.362741 -0.229581 -0.068880 1
0.049997 -0.503568 -0.263445 0
-0.478695 0.590997 -0.068880 0
-0.367423 -0.264350 -0.068880 1
-0.273720 -0.128738 0.242424 0
0.355659 -0.593146 -0.127249 0
0.504851 -0.779870 -0.010510 0
-0.105363 -0.340464 -0.185619 1
0.532012 -0.286472 -0.029967 0
-0.578954 0.355534 0.261881 0
0.527265 -0.772865 0.008946 0
-0.137953 -0.465978 -0.302358 0
0.482710 -0.786699 -0.029967 0
-0.589947 0.480814 0.300794 0
0.482710 -0.793742 -0.029967 0
0.069025 0.678123 -0.321814 0
-0.583273 0.279012 0.222968 0
0.139205 0.600666 0.047860 2
-0.442817 0.301678 0.242424 0
-0.409157 -0.319976 -0.068880 0
0.656281 -0.159480 0.242424 0
0.024509 0.709915 -0.321814 0
0.237616 0.798909 -0.243988 0
-0.374466 -0.064396 0.281337 0
0.487924 0.398941 0.086772 0
0.023770 -0.355660 -0.205075 0
0.362196 -0.340464 -0.185619 0
-0.511985 0.332420 0.242424 0
0.677372 -0.324568 0.222968 0
-0.330417 -0.412414 -0.166162 0
-0.289383 -0.208277 -0.107792 1
-0.309968 0.640494 0.086772 0
-0.534360 0.159043 0.184055 0
-0.129334 0.490387 0.008946 2
-0.429372 0.636758 0.125685 0
-0.236675 0.578992 0.047860 2
0.023770 -0.408737 -0.205075 0
0.205902 0.626835 -0.263445 0
0.428912 0.475970 0.378620 0
-0.511712 0.003605 0.300794 0
0.578689 -0.772846 0.028403 0
-0.229437 0.651273 0.047860 0
-0.486185 -0.851372 0.008946 0
0.074065 -0.385233 -0.243988 0
-0.358278 0.509746 0.106229 2
-0.300570 0.080380 0.222968 0
-0.279207 -0.201895 0.008946 1
-0.419255 -0.166815 0.145142 1
0.557637 -0.122065 0.145142 0
0.148447 -0.333771 -0.185619 0
0.138835 -0.436988 -0.399640 0
-0.276736 0.565917 0.067316 2
0.435586 -0.158312 0.047860 1
-0.414138 -0.471348 -0.049423 0
0.545107 0.128846 0.184055 0
-0.399896 0.217899 0.222968 0
0.611220 -0.531683 -0.010510 0
0.238355 0.598137 0.106229 2
-0.193579 0.504668 0.008946 2
0.020540 0.640260 0.008946 0
0.178741 0.733477 -0.243988 0
-0.067501 -0.465978 -0.302358 0
-0.374466 -0.879156 -0.010510 0
-0.598099 0.593448 0.047860 0
0.209521 -0.667450 -0.205075 0
0.274350 -0.701946 -0.146706 0
0.453836 0.662596 -0.049423 0
0.212945 -0.387568 -0.399640 0
0.561489 0.195874 0.203511 0
0.594935 -0.308497 0.145142 0
0.061535 0.649327 0.028403 0
0.010520 -0.534776 -0.205075 0
-0.598547 0.378337 0.222968 0
-0.626914 -0.069221 0.320251 0
-0.038666 -0.772612 -0.029967 0
-0.353881 -0.186660 0.086772 1
0.116597 0.786126 -0.282901 0
-0.431921 0.649697 0.106229 0
-0.464783 -0.844232 0.008946 0
-0.537570 0.539106 -0.010510 0
0.143194 -0.229620 -0.205075 1
-0.379136 -0.247365 -0.049423 1
0.489656 -0.104379 0.125685 0
-0.292943 0.065087 0.222968 0
0.602484 0.132582 0.242424 0
-0.059621 -0.258591 -0.224532 1
0.483079 -0.569506 0.145142 0
-0.457818 -0.354745 -0.068880 0
-0.165017 0.497528 0.008946 2
-0.089506 -0.221682 -0.243988 1
0.116597 0.799026 -0.282901 0
0.241955 -0.647721 -0.185619 0
-0.608061 0.211069 0.203511 0
-0.060166 -0.681770 -0.127249 0
0.511933 -0.226760 -0.010510 0
0.127862 -0.384922 -0.341271 0
-0.670088 -0.105877 0.359163 0
0.030871 0.697210 -0.321814 0
-0.492956 -0.589254 0.086772 0
-0.457818 -0.354745 -0.068880 0
0.207595 -0.291356 -0.166162 1
-0.216090 -0.338441 -0.166162 0
0.335560 -0.342390 -0.205075 0
0.303029 -0.352527 -0.243988 0
0.084591 -0.709398 -0.068880 0
-0.573467 0.293993 0.242424 0
-0.296679 0.161164 0.281337 0
-0.125131 -0.574857 -0.302358 0
-0.233465 -0.336320 -0.146706 0
0.314975 -0.674863 -0.146706 0
0.335210 -0.300033 -0.127249 0
-0.080303 -0.446755 -0.302358 0
0.567073 -0.423388 0.067316 0
-0.529009 0.130150 0.164599 0
-0.487703 -0.590694 0.067316 0
-0.477138 -0.373365 -0.049423 0
0.600227 -0.650737 0.028403 0
-0.362111 -0.410799 -0.146706 0
-0.625902 0.427698 0.067316 0
-0.592865 0.203481 0.203511 0
-0.303372 0.828424 -0.224532 0
0.148447 -0.300384 -0.185619 1
0.136559 -0.262794 -0.205075 1
-0.532570 -0.255264 0.261881 1
0.645210 -0.599255 0.047860 0
0.029723 0.532004 -0.010510 2
-0.307905 0.845040 -0.205075 0
0.627174 -0.573028 0.008946 0
0.112394 -0.723310 -0.068880 0
0.587483 -0.330872 0.145142 0
-0.381334 -0.313030 -0.068880 0
-0.598547 0.065087 0.222968 0
-0.351138 -0.324938 -0.107792 0
-0.288001 0.851675 -0.205075 0
0.627174 -0.573028 0.008946 0
-0.278312 -0.225048 -0.127249 1
0.487924 0.398941 0.086772 0
0.273844 -0.272755 -0.127249 0
-0.233426 0.825078 -0.243988 0
0.293203 -0.139187 -0.068880 1
0.362196 -0.353811 -0.185619 0
-0.441727 -0.706383 0.086772 0
0.067021 -0.765569 -0.029967 0
-0.053959 -0.471076 -0.263445 0
-0.374466 -0.850789 -0.010510 0
0.255964 0.705732 -0.205075 0
0.148447 -0.300384 -0.185619 1
0.131053 0.693318 -0.302358 0
0.208568 -0.327097 -0.185619 0
0.056223 0.576034 0.008946 2
-0.205564 -0.240263 -0.185619 1
0.223666 0.828424 -0.224532 0
0.001375 0.496555 -0.010510 2
-0.203366 -0.438603 -0.263445 0
-0.057150 -0.772340 -0.049423 0
-0.482430 -0.671536 0.047860 0
0.557131 -0.449615 0.028403 0
0.033167 -0.839640 -0.107792 0
-0.200525 0.644035 0.047860 0
-0.467799 -0.033285 0.281337 0
-0.038569 -0.440646 -0.185619 0
-0.125501 -0.561646 -0.224532 0
0.209754 -0.799813 -0.068880 0
-0.537784 0.402249 0.281337 0
-0.251092 -0.465316 -0.282901 0
-0.345632 0.453439 0.184055 2
0.256606 0.769140 -0.224532 0
-0.377929 0.378726 0.261881 2
0.262598 0.679212 -0.205075 0
-0.021058 -0.553649 -0.166162 0
0.204715 -0.846489 -0.107792 0
-0.532570 0.378726 0.261881 0
0.335560 -0.342390 -0.205075 0
-0.431201 -0.730236 -0.010510 0
-0.300570 0.072734 0.222968 0
-0.069875 -0.208588 -0.243988 1
0.072139 -0.258591 -0.224532 1
0.379045 -0.074980 0.184055 1
-0.476476 0.107639 0.164599 0
0.210669 -0.806078 -0.088336 0
-0.395751 -0.857871 -0.010510 0
0.576685 0.180698 0.203511 0
-0.265685 -0.387218 -0.185619 0
0.418834 -0.730353 -0.049423 0
-0.296796 0.821848 -0.224532 0
-0.176379 -0.581258 -0.302358 0
0.561567 -0.574234 -0.010510 0
0.575303 -0.074980 0.184055 0
-0.205934 -0.536274 -0.282901 0
0.607426 -0.492711 0.028403 0
0.061613 -0.841411 -0.185619 0
-0.333530 -0.736929 0.028403 0
-0.279207 -0.201895 0.008946 1
0.455899 0.790134 0.008946 0
-0.592865 0.112347 0.203511 0
-0.498890 0.464471 0.281337 0
-0.473558 0.347790 0.242424 0
0.138972 0.665398 -0.321814 0
0.516973 -0.012408 0.378620 0
-0.189863 0.591872 0.028403 0
0.144595 -0.357411 -0.224532 0
0.656456 -0.410060 0.164599 0
0.469382 -0.737318 -0.010510 0
-0.443926 -0.326942 -0.068880 0
-0.176379 -0.459577 -0.302358 0
0.085311 0.881132 -0.224532 0
-0.522141 -0.164110 0.222968 0
-0.687988 -0.047877 0.339707 0
0.321571 -0.211409 -0.127249 1
-0.065108 0.604577 0.008946 2
0.335113 -0.208277 -0.107792 1
0.362468 -0.306843 -0.127249 0
-0.278312 -0.279585 -0.127249 1
0.515085 -0.635405 0.047860 0
-0.192198 -0.260303 -0.185619 1
0.308477 0.663628 -0.166162 0
-0.339269 -0.015579 0.261881 0
0.078715 -0.594585 -0.224532 0
0.131987 0.485017 0.047860 2
-0.360477 -0.250439 -0.068880 1
0.059647 -0.654512 -0.166162 0
-0.216090 -0.358617 -0.166162 0
0.258804 0.557823 0.164599 2
-0.192198 -0.260303 -0.185619 1
0.375913 -0.437883 -0.146706 0
-0.157896 0.815233 -0.263445 0
-0.278312 -0.238668 -0.127249 1
-0.419761 0.355476 0.242424 0
0.403736 -0.427882 -0.107792 0
0.052098 0.799026 -0.282901 0
-0.331545 0.224086 0.261881 0
0.372313 0.535584 0.300794 2
-0.399176 -0.414165 -0.107792 0
0.593047 -0.657916 0.028403 0
0.045775 -0.271763 -0.224532 1
0.089416 -0.406110 -0.399640 0
-0.043706 0.625999 0.008946 0
0.276860 -0.345990 -0.243988 0
0.507867 -0.729380 0.047860 0
0.426169 -0.061983 0.261881 0
-0.125501 -0.561646 -0.224532 0
0.095019 -0.340464 -0.185619 0
0.591491 -0.508782 0.008946 0
-0.083728 0.510738 -0.010510 2
-0.390012 -0.033285 0.281337 0
-0.419119 -0.800785 -0.029967 0
-0.202004 -0.465978 -0.302358 0
-0.486360 -0.271218 0.145142 1
-0.414138 -0.471348 -0.049423 0
0.010520 -0.362294 -0.205075 0
0.243044 -0.455218 -0.380183 0
-0.585005 0.703475 0.125685 0
0.014859 -0.620988 -0.185619 0
-0.686023 -0.113854 0.359163 0
-0.424878 -0.412317 -0.088336 0
-0.372131 -0.219367 -0.049423 1
0.217984 0.635357 -0.243988 0
-0.125501 -0.245419 -0.224532 1
-0.064524 -0.466542 -0.321814 0
0.402276 -0.347138 -0.185619 0
-0.556190 0.505680 0.028403 0
0.126909 -0.849543 -0.166162 0
0.369142 -0.627467 -0.146706 0
-0.590900 0.271385 0.222968 0
0.376283 -0.668073 -0.107792 0
-0.251131 0.485017 0.047860 2
0.180472 0.472137 0.086772 2
0.233725 -0.248299 -0.146706 1
0.188527 0.875217 -0.185619 0
0.335113 -0.208277 -0.107792 1
0.266820 0.578914 0.145142 2
-0.367384 -0.864972 -0.010510 0
-0.092016 -0.447339 -0.185619 0
0.296122 -0.344239 -0.224532 0
0.376827 -0.275363 -0.049423 0
0.301122 -0.238668 -0.127249 1
0.085311 0.874536 -0.224532 0
0.124749 0.578992 0.047860 2
0.516934 0.561715 0.222968 0
0.397840 -0.779344 -0.049423 0
0.052098 0.786126 -0.282901 0
0.138835 -0.424633 -0.399640 0
-0.059621 -0.245419 -0.224532 1
-0.020007 0.805310 -0.321814 0
0.070212 -0.368929 -0.205075 0
-0.311874 -0.153468 0.203511 1
-0.464783 -0.829951 0.008946 0
-0.419761 0.416958 0.242424 2
0.150276 -0.369902 -0.302358 0
0.024509 0.709915 -0.321814 0
-0.200525 0.644035 0.047860 0
0.230981 0.590783 0.106229 2
0.503528 0.657071 0.106229 0
-0.351138 -0.212362 -0.049423 1
0.519307 0.407016 0.125685 0
-0.561112 0.410032 0.281337 0
-0.620221 0.551500 0.436990 0
-0.291932 -0.231858 -0.127249 1
-0.037168 -0.215145 -0.243988 1
0.181854 -0.313731 -0.185619 1
0.063578 -0.587834 -0.205075 0
0.348829 0.627050 -0.127249 0
-0.590900 0.271385 0.222968 0
0.348829 -0.579507 -0.127249 0
0.532012 -0.286472 -0.029967 0
0.648965 -0.395059 0.164599 0
0.643323 -0.507089 0.028403 0
-0.429100 -0.523063 0.008946 0
0.206914 -0.349219 -0.282901 0
0.562948 -0.779986 0.008946 0
0.241955 -0.641028 -0.185619 0
0.266820 0.586366 0.145142 2
-0.519261 0.076002 0.184055 0
0.520124 -0.216176 0.008946 0
-0.055827 -0.382198 -0.205075 0
-0.161456 0.838153 -0.243988 0
-0.385848 -0.743447 0.067316 0
0.211583 -0.825904 -0.107792 0
0.559796 -0.336086 0.067316 0
-0.292651 0.332186 0.300794 0
0.244153 0.805446 -0.243988 0
0.348849 0.473752 0.320251 2
-0.277008 0.136590 0.300794 0
0.348829 -0.593613 -0.146706 0
0.210494 0.749372 -0.224532 0
0.273338 -0.777866 -0.107792 0
0.269233 -0.342390 -0.205075 0
0.691050 -0.196603 0.281337 0
0.074065 -0.202050 -0.243988 1
0.058538 0.824825 -0.282901 0
-0.514008 0.775405 0.164599 0
0.149731 -0.393016 -0.380183 0
0.276801 0.435948 0.378620 2
0.138018 -0.205883 -0.224532 1
0.694708 -0.336261 0.242424 0
-0.008003 0.647401 0.008946 0
-0.505914 -0.507089 0.028403 0
-0.300629 0.108125 0.261881 0
-0.492956 -0.589254 0.086772 0
-0.350904 0.539223 0.106229 2
-0.276736 0.565917 0.067316 2
-0.316077 -0.069707 0.261881 0
-0.125501 -0.245419 -0.224532 1
-0.409916 -0.843687 -0.010510 0
0.527810 0.444684 0.145142 0
0.404475 0.702249 -0.068880 0
-0.226888 0.838153 -0.243988 0
0.239036 -0.819055 -0.107792 0
-0.617400 0.333062 0.086772 0
0.097451 0.534417 0.028403 2
-0.431474 0.557823 0.164599 0
-0.555353 0.822062 0.125685 0
-0.336312 -0.837091 0.008946 0
-0.138673 -0.212479 -0.224532 1
-0.296231 -0.215145 -0.107792 1
0.439828 -0.268358 -0.049423 0
0.397510 0.695303 -0.068880 0
-0.548038 -0.100643 0.261881 0
0.403366 -0.409087 -0.127249 0
-0.207257 0.864322 -0.243988 0
0.328653 -0.594002 -0.166162 0
0.223666 0.755968 -0.224532 0
0.241235 -0.163585 -0.166162 1
-0.346410 -0.125917 0.222968 0
0.188527 -0.200183 -0.185619 1
0.281121 -0.695176 -0.146706 0
0.659316 0.180698 0.359163 0
-0.155327 -0.269428 -0.205075 1
-0.216090 -0.338441 -0.166162 0
0.054355 0.620609 0.028403 0
-0.487936 -0.262210 -0.010510 0
0.321941 0.697249 -0.166162 0
0.267579 -0.173819 -0.146706 1
0.455899 -0.237578 0.008946 0
-0.278312 -0.265946 -0.127249 1
0.233725 -0.234757 -0.146706 1
0.090253 0.563135 0.028403 2
0.437454 -0.381829 -0.127249 0
0.272891 0.492060 0.203511 2
0.015559 0.517821 -0.010510 2
-0.089506 -0.221682 -0.243988 1
0.372722 0.459315 0.359163 2
0.095019 -0.340464 -0.185619 0
-0.514008 0.085147 0.164599 0
0.160432 0.821731 -0.263445 0
-0.182781 -0.485182 -0.302358 0
-0.122154 -0.282698 -0.205075 1
0.079376 -0.850789 -0.010510 0
0.002951 -0.453176 -0.302358 0
-0.388650 -0.836605 -0.010510 0
-0.178850 -0.393892 -0.185619 0
0.273338 -0.832772 -0.107792 0
-0.083591 -0.447455 -0.321814 0
0.036825 0.503637 -0.010510 2
0.570420 0.523502 0.222968 0
-0.254847 -0.402102 -0.205075 0
-0.326331 -0.837500 0.028403 0
-0.452467 -0.786971 -0.010510 0
-0.045262 -0.587601 -0.185619 0
-0.147195 -0.447455 -0.321814 0
-0.370069 0.473713 0.125685 2
0.045775 -0.265187 -0.224532 1
0.370387 0.807353 0.028403 0
0.121461 0.828230 -0.263445 0
0.395583 -0.320424 -0.185619 0
0.212945 -0.387568 -0.399640 0
-0.588838 0.332420 0.242424 0
-0.272689 0.798909 -0.243988 0
-0.509514 -0.547053 0.067316 0
-0.331778 0.363472 0.300794 0
0.028225 -0.661068 -0.185619 0
0.064998 0.773226 -0.282901 0
0.419748 0.581638 -0.010510 0
0.060970 -0.208588 -0.243988 1
-0.353181 -0.158001 0.184055 1
-0.414138 -0.758351 -0.049423 0
0.602387 -0.174267 0.145142 0
-0.487936 -0.290578 -0.010510 0
0.109281 -0.772612 -0.029967 0
-0.057150 -0.772340 -0.049423 0
0.248551 -0.342021 -0.360727 0
-0.537609 0.474491 0.339707 0
-0.086510 0.576034 0.008946 2
0.608515 0.458011 0.320251 0
0.348829 -0.283768 -0.107792 0
-0.086510 0.576034 0.008946 2
0.425332 0.618800 -0.068880 0
0.047896 -0.234757 -0.243988 1
-0.361703 0.149139 0.222968 0
-0.510895 0.703475 0.125685 0
-0.035923 -0.322486 -0.205075 1
-0.419119 -0.490785 -0.029967 0
-0.532472 0.442271 0.320251 0
-0.265588 0.535604 0.047860 2
0.461560 -0.251237 -0.029967 0
0.252753 -0.764149 -0.107792 0
0.243044 -0.455218 -0.380183 0
-0.494143 -0.168663 0.203511 0
-0.443926 -0.361711 -0.068880 0
-0.550411 0.286308 0.242424 0
0.404825 0.718592 -0.049423 0
0.156677 -0.736696 -0.107792 0
-0.477138 -0.373365 -0.049423 0
0.386361 -0.087432 0.164599 1
0.542772 -0.341884 0.028403 0
0.288300 0.609830 -0.166162 0
-0.212238 -0.220223 -0.185619 1
0.241955 -0.667761 -0.185619 0
-0.552707 0.225545 0.222968 0
-0.438711 -0.377782 -0.088336 0
-0.626914 -0.069221 0.320251 0
0.303282 0.567999 0.203511 2
0.418367 0.681391 -0.068880 0
0.469382 0.567474 -0.010510 0
-0.008003 0.647401 0.008946 0
0.610169 -0.113368 0.242424 0
0.115060 -0.313731 -0.185619 1
0.590401 -0.420897 0.086772 0
0.282035 -0.327097 -0.185619 0
0.542772 -0.614820 0.028403 0
0.355561 -0.311532 -0.166162 0
-0.126279 0.666741 -0.010510 0
0.535281 0.370107 0.145142 0
0.348829 -0.253435 -0.088336 0
0.023770 -0.408737 -0.205075 0
-0.317283 0.625863 0.086772 0
0.163078 -0.236255 -0.205075 1
0.244445 0.511789 0.145142 2
-0.468655 0.531148 0.222968 0
-0.345632 0.453439 0.184055 2
0.487924 0.398941 0.086772 0
-0.214981 0.607904 0.047860 0
0.355464 -0.395468 -0.205075 0
-0.473753 -0.276394 -0.010510 0
0.185278 0.844709 -0.243988 0
0.487924 0.398941 0.086772 0
-0.627011 0.513929 0.047860 0
0.528919 0.160171 0.164599 0
-0.360477 -0.236527 -0.068880 1
0.673578 -0.201155 0.261881 0
-0.407133 -0.744342 -0.049423 0
-0.346410 -0.125917 0.222968 0
0.267034 -0.265946 -0.127249 0
-0.482527 -0.300559 -0.029967 0
-0.009384 -0.375564 -0.205075 0
-0.207257 0.864322 -0.243988 0
-0.392308 0.658997 0.125685 0
-0.550820 -0.035503 0.300794 0
0.548667 -0.794268 0.008946 0
-0.421959 -0.530204 0.008946 0
0.645074 0.267805 0.378620 0
-0.372637 0.081956 0.203511 0
-0.686023 -0.113854 0.359163 0
-0.089000 -0.269428 -0.205075 1
-0.585277 0.051584 0.203511 0
-0.272806 0.506692 0.047860 2
0.551235 -0.187244 0.047860 0
0.600227 -0.629199 0.028403 0
0.212945 -0.387568 -0.399640 0
0.548667 -0.794268 0.008946 0
0.667274 0.172740 0.359163 0
0.076847 -0.282698 -0.205075 1
0.341572 0.595005 0.067316 0
0.462300 0.730558 -0.010510 0
0.252753 -0.757281 -0.107792 0
-0.585277 0.059173 0.203511 0
0.423309 -0.316007 -0.146706 0
0.542772 -0.341884 0.028403 0
-0.652908 0.384544 0.106229 0
-0.340417 0.466300 0.125685 2
-0.172177 -0.327097 -0.185619 1
-0.387366 -0.354551 -0.127249 0
0.028264 -0.215145 -0.243988 1
-0.150755 0.776592 -0.302358 0
-0.296679 0.161164 0.281337 0
0.426344 -0.800785 -0.029967 0
-0.656332 -0.079552 0.339707 0
-0.516790 -0.619782 0.067316 0
0.645074 0.267805 0.378620 0
-0.366683 0.332264 0.281337 0
0.491582 -0.722901 0.008946 0
0.221059 -0.311532 -0.166162 0
-0.678046 -0.097919 0.359163 0
-0.339269 -0.015579 0.261881 0
-0.308353 0.115849 0.261881 0
0.030404 -0.574565 -0.205075 0
0.280206 -0.743564 -0.107792 0
0.528919 0.160171 0.164599 0
0.155120 -0.293710 -0.185619 1
-0.530001 -0.064396 0.281337 0
-0.015143 0.618858 0.008946 2
-0.383377 -0.150452 0.184055 1
-0.461398 -0.441463 -0.029967 0
-0.465873 -0.090312 0.242424 0
0.425332 0.618800 -0.068880 0
0.241235 -0.163585 -0.166162 1
0.519307 0.407016 0.125685 0
0.210669 -0.806078 -0.088336 0
0.355795 -0.785901 -0.068880 0
0.293203 -0.139187 -0.068880 1
0.335113 -0.180843 -0.107792 1
-0.445385 -0.850789 -0.010510 0
0.176445 0.627789 0.028403 2
0.002095 -0.221682 -0.243988 1
0.239036 -0.819055 -0.107792 0
-0.394195 -0.375019 -0.127249 0
0.649608 0.142077 0.339707 0
-0.393417 -0.622972 0.008946 0
0.508781 -0.257404 -0.068880 0
0.514035 -0.406519 0.028403 0
0.348829 0.727542 -0.088336 0
-0.354737 -0.007855 0.261881 0
0.215436 0.503365 0.125685 2
-0.575627 0.248465 0.222968 0
0.509871 -0.142747 0.086772 0
0.383151 -0.592581 -0.107792 0
-0.498988 0.152661 0.164599 0
-0.510720 0.551947 -0.029967 0
0.169713 -0.430801 -0.399640 0
0.199501 -0.368112 -0.380183 0
-0.450502 -0.494521 0.008946 0
-0.365030 0.066780 0.203511 0
-0.160775 -0.549174 -0.282901 0
0.315209 -0.641067 -0.166162 0
-0.596523 0.032673 0.242424 0
0.189617 -0.349025 -0.205075 0
-0.365127 -0.779344 -0.049423 0
0.121461 0.841207 -0.263445 0
0.641689 0.055009 0.339707 0
0.201874 -0.253630 -0.185619 1
-0.529009 0.092638 0.164599 0
-0.555353 0.822062 0.125685 0
-0.346098 -0.872055 -0.010510 0
-0.137953 -0.472379 -0.302358 0
-0.292651 0.316543 0.300794 0
0.348829 -0.290636 -0.107792 0
-0.160775 -0.549174 -0.282901 0
-0.445385 -0.794053 -0.010510 0
0.321941 -0.627623 -0.166162 0
-0.341799 -0.451424 -0.146706 0
-0.483345 -0.056613 0.281337 0
-0.214806 0.693318 -0.302358 0
-0.414138 -0.471348 -0.049423 0
-0.423963 -0.154966 0.164599 1
0.380505 0.490309 0.339707 2
-0.288916 0.277825 0.281337 0
-0.083728 0.673842 -0.010510 0
0.528919 0.160171 0.164599 0
-0.652908 0.384544 0.106229 0
-0.181088 0.857784 -0.243988 0
0.556372 0.071099 0.242424 0
-0.350904 0.546577 0.106229 0
0.578047 0.500582 0.222968 0
-0.479045 -0.837091 0.008946 0
0.307660 -0.812187 -0.107792 0
-0.422815 0.248465 0.222968 0
0.623516 -0.469149 0.047860 0
-0.487936 -0.290578 -0.010510 0
-0.589538 0.456805 0.067316 0
0.116597 0.805466 -0.282901 0
-0.226888 0.838153 -0.243988 0
0.460101 -0.452105 -0.068880 0
-0.686023 -0.113854 0.359163 0
-0.309968 0.655145 0.086772 0
0.026027 -0.284935 -0.224532 1
-0.457643 -0.744303 0.008946 0
0.088618 -0.852248 0.047860 0
-0.402834 -0.276394 -0.010510 0
-0.269693 0.023061 0.261881 0
-0.089000 -0.269428 -0.205075 1
-0.489571 -0.328751 -0.029967 0
-0.548038 -0.100643 0.261881 0
-0.586698 0.394194 0.261881 0
-0.473558 0.478460 0.242424 0
0.362644 -0.170531 -0.088336 1
-0.541909 0.174141 0.184055 0
0.323731 0.381450 0.534272 2
0.630482 0.120947 0.300794 0
-0.083728 0.510738 -0.010510 2
-0.400402 -0.736170 0.067316 0
-0.350904 0.546577 0.106229 0
-0.451319 0.211887 0.184055 0
0.108464 -0.373637 -0.263445 0
-0.236675 0.622360 0.047860 0
-0.042558 -0.315852 -0.205075 1
0.652623 -0.350932 0.203511 0
0.052098 0.805466 -0.282901 0
0.157786 -0.350815 -0.224532 0
-0.638899 0.075594 0.281337 0
-0.366781 -0.758292 0.047860 0
0.605500 0.480036 0.281337 0
-0.530468 -0.311844 -0.010510 0
-0.125131 -0.574857 -0.302358 0
-0.384622 0.210252 0.222968 0
-0.125501 -0.219055 -0.224532 1
-0.509339 0.059173 0.203511 0
-0.300473 0.426064 0.300794 0
0.097451 -0.859038 0.028403 0
-0.313431 -0.885343 -0.029967 0
-0.514008 0.085147 0.164599 0
-0.271483 -0.272755 -0.127249 1
-0.355340 -0.363403 -0.146706 0
-0.351118 0.340047 0.281337 0
-0.212393 -0.445977 -0.282901 0
0.555808 -0.544465 0.008946 0
0.511894 0.488539 0.125685 0
0.207595 -0.291356 -0.166162 1
0.551235 -0.375174 0.047860 0
-0.571872 0.671799 0.106229 0
-0.350904 0.620240 0.106229 0
0.168390 -0.399223 -0.380183 0
0.223666 0.755968 -0.224532 0
-0.308314 0.379115 0.300794 0
0.266490 -0.791602 -0.107792 0
0.138972 0.665398 -0.321814 0
0.474830 -0.254369 -0.049423 0
-0.404332 0.519241 0.145142 0
-0.155327 -0.269428 -0.205075 1
-0.232959 0.512859 0.028403 2
-0.182781 -0.485182 -0.302358 0
0.301356 0.450735 0.339707 2
-0.109177 -0.587892 -0.282901 0
0.280206 -0.805319 -0.107792 0
-0.317283 0.574614 0.086772 0
0.060970 -0.188976 -0.243988 1
0.673578 -0.170220 0.261881 0
0.294293 -0.218219 -0.127249 1
-0.296231 -0.215145 -0.107792 1
0.463759 -0.226955 0.028403 0
0.460296 -0.050154 0.359163 0
-0.197042 0.584693 0.028403 0
-0.148693 -0.408737 -0.205075 0
-0.480407 -0.004217 0.300794 0
-0.301173 -0.336320 -0.146706 0
0.064998 0.760307 -0.282901 0
0.001492 -0.427298 -0.185619 0
0.513918 0.220195 0.164599 0
0.369142 -0.309236 -0.146706 0
-0.498209 0.671799 0.106229 0
0.376477 -0.702472 -0.088336 0
-0.456164 0.514844 0.203511 0
0.593047 -0.657916 0.028403 0
-0.323685 -0.425859 -0.166162 0
0.124846 -0.212479 -0.224532 1
-0.300570 0.080380 0.222968 0
-0.550411 0.286308 0.242424 0
-0.383377 -0.150452 0.184055 1
-0.186575 -0.574993 -0.282901 0
-0.630805 0.657071 0.106229 0
-0.368279 0.098650 0.184055 0
-0.082366 -0.375564 -0.205075 0
-0.216090 -0.358617 -0.166162 0
-0.216090 -0.338441 -0.166162 0
0.024003 0.873700 -0.263445 0
0.594935 -0.308497 0.145142 0
0.486173 0.434411 0.047860 0
-0.311874 -0.153468 0.203511 1
-0.131552 -0.427551 -0.302358 0
0.201524 0.487663 0.106229 2
0.498722 -0.373190 0.008946 0
-0.301173 -0.336320 -0.146706 0
0.452922 -0.036417 0.378620 0
0.015559 0.517821 -0.010510 2
-0.296231 -0.215145 -0.107792 1
0.034801 -0.228219 -0.243988 1
-0.532122 0.211069 0.203511 0
-0.506673 -0.048831 0.281337 0
-0.599831 0.710888 0.125685 0
-0.064524 0.818035 -0.321814 0
-0.428905 -0.025502 0.281337 0
0.535592 -0.528628 0.028403 0
0.368870 -0.367178 -0.185619 0
-0.198891 -0.213549 -0.185619 1
-0.319832 0.124897 0.242424 0
0.023770 -0.561315 -0.205075 0
0.241235 -0.163585 -0.166162 1
0.100234 -0.228219 -0.243988 1
-0.597768 -0.043344 0.300794 0
-0.118924 -0.251995 -0.224532 1
0.188527 -0.200183 -0.185619 1
0.069025 0.703572 -0.321814 0
0.323731 0.381450 0.534272 2
0.390836 -0.226371 -0.049423 1
-0.522141 -0.164110 0.222968 0
0.111655 -0.238823 -0.224532 1
0.462300 0.744742 -0.010510 0
-0.181088 0.870878 -0.243988 0
0.204715 -0.846489 -0.107792 0
0.433932 -0.779870 -0.010510 0
0.302737 0.486145 0.242424 2
0.074065 -0.202050 -0.243988 1
-0.465873 0.324734 0.242424 0
0.244153 0.792371 -0.243988 0
0.322485 -0.396946 -0.224532 0
0.667274 0.093124 0.359163 0
-0.263992 -0.484676 -0.282901 0
-0.021058 -0.553649 -0.166162 0
-0.343355 0.402249 0.281337 0
-0.402834 -0.744420 -0.010510 0
-0.362656 0.570061 0.125685 0
0.261411 -0.318264 -0.166162 0
0.231487 -0.393755 -0.399640 0
-0.030611 -0.195513 -0.243988 1
0.169499 -0.357099 -0.302358 0
0.033167 -0.839640 -0.107792 0
-0.676820 0.529534 0.067316 0
-0.443926 -0.375622 -0.068880 0
0.386361 -0.087432 0.164599 1
-0.623431 0.318236 0.106229 0
0.294293 -0.163682 -0.127249 1
-0.341799 -0.451424 -0.146706 0
-0.413574 -0.142903 0.184055 1
-0.200719 0.851247 -0.243988 0
-0.465873 -0.097997 0.242424 0
0.321571 -0.231858 -0.127249 1
0.412238 -0.765569 -0.029967 0
-0.009384 -0.342390 -0.205075 0
0.287075 -0.798451 -0.107792 0
0.301764 -0.620891 -0.166162 0
0.392217 0.817529 0.047860 0
0.107958 -0.412278 -0.399640 0
-0.304462 0.254477 0.281337 0
-0.431921 0.649697 0.106229 0
0.551235 -0.758292 0.047860 0
-0.599286 0.484141 0.028403 0
-0.674116 -0.029880 0.320251 0
-0.486360 -0.271218 0.145142 1
-0.404390 -0.082626 0.242424 0
-0.115539 -0.295948 -0.205075 1
0.186796 -0.807829 -0.029967 0
0.560205 0.151494 0.184055 0
0.588942 -0.027409 0.164599 0
0.455801 0.515856 0.222968 0
-0.300473 0.300881 0.300794 0
-0.331778 0.363472 0.300794 0
-0.031623 -0.864194 -0.029967 0
0.162319 -0.757728 -0.088336 0
-0.592865 0.203481 0.203511 0
-0.109177 -0.594333 -0.282901 0
0.539153 -0.684416 0.086772 0
-0.570082 0.180698 0.203511 0
-0.053959 -0.471076 -0.263445 0
-0.452467 -0.786971 -0.010510 0
-0.316135 0.371294 0.300794 0
-0.319832 0.124897 0.242424 0
0.212945 -0.387568 -0.399640 0
-0.122154 -0.402102 -0.205075 0
-0.548038 -0.247540 0.261881 1
0.110157 0.792566 -0.282901 0
-0.300629 0.108125 0.261881 0
-0.377929 0.262746 0.261881 0
0.070212 -0.594469 -0.205075 0
-0.012809 -0.864972 -0.010510 0
0.461560 -0.779656 -0.029967 0
0.529561 -0.743836 0.047860 0
0.369414 -0.578865 -0.107792 0
-0.089000 -0.276063 -0.205075 1
0.100234 -0.195513 -0.243988 1
-0.043706 -0.175881 -0.243988 1
0.364589 0.513093 0.320251 2
0.237655 -0.381401 -0.399640 0
0.552656 0.415693 0.184055 0
0.411421 0.639677 -0.068880 0
-0.397794 -0.735665 0.086772 0
0.144595 -0.357411 -0.224532 0
0.630482 0.120947 0.300794 0
-0.111589 -0.668092 -0.146706 0
0.609060 -0.649861 0.047860 0
0.269233 0.685828 -0.205075 0
-0.364855 -0.331806 -0.107792 0
0.308477 0.663628 -0.166162 0
0.290363 -0.354142 -0.263445 0
-0.125131 -0.574857 -0.302358 0
0.527810 0.288078 0.145142 0
0.607426 -0.665115 0.028403 0
-0.589947 0.480814 0.300794 0
0.008633 -0.202050 -0.243988 1
0.034801 -0.228219 -0.243988 1
-0.374369 -0.299119 -0.068880 0
-0.288001 0.851675 -0.205075 0
0.376283 -0.668073 -0.107792 0
0.027680 0.625999 0.008946 0
-0.192198 -0.287017 -0.185619 1
0.596160 -0.226974 0.067316 0
0.124749 0.622360 0.047860 0
0.194150 -0.721773 -0.166162 0
0.438037 -0.311221 -0.107792 0
-0.506673 0.021155 0.281337 0
0.156677 -0.736696 -0.107792 0
-0.358278 0.649697 0.106229 0
-0.548038 -0.092899 0.261881 0
-0.552707 -0.125917 0.222968 0
0.199501 -0.430334 -0.380183 0
0.483079 -0.569506 0.145142 0
-0.063337 -0.450666 -0.243988 0
0.375913 -0.437883 -0.146706 0
-0.109177 -0.587892 -0.282901 0
-0.089000 -0.269428 -0.205075 1
-0.276736 0.565917 0.067316 2
0.524969 -0.230107 -0.029967 0
-0.341623 -0.772612 -0.029967 0
-0.182781 0.731764 -0.302358 0
-0.456125 -0.415352 -0.049423 0
0.369414 0.683843 -0.107792 0
0.355737 -0.730100 -0.088336 0
0.274155 -0.411675 -0.380183 0
0.565692 -0.194462 0.047860 0
0.145334 0.671761 -0.321814 0
0.074065 -0.202050 -0.243988 1
-0.542998 0.433885 0.300794 0
-0.511985 0.317049 0.242424 0
-0.115072 0.625999 0.008946 0
-0.500272 -0.252540 0.086772 1
0.578047 0.340144 0.222968 0
0.605772 -0.523063 0.008946 0
-0.428672 0.460988 0.184055 0
0.029723 0.532004 -0.010510 2
-0.344678 -0.166815 0.145142 1
-0.145268 0.867960 -0.224532 0
0.362196 -0.353811 -0.185619 0
0.404825 -0.814347 -0.049423 0
-0.381334 -0.313030 -0.068880 0
0.654355 -0.467029 0.067316 0
-0.435131 0.317049 0.242424 0
0.070212 -0.594469 -0.205075 0
-0.400402 -0.736170 0.067316 0
0.659316 0.101082 0.359163 0
-0.195135 -0.222986 -0.205075 1
0.649608 0.031252 0.339707 0
-0.552707 0.225545 0.222968 0
-0.105363 -0.340464 -0.185619 1
0.163078 -0.236255 -0.205075 1
0.322485 -0.377178 -0.224532 0
0.376477 -0.702472 -0.088336 0
0.126403 -0.175881 -0.243988 1
-0.462818 -0.521448 0.028403 0
0.103697 0.779666 -0.282901 0
-0.392308 0.644171 0.125685 0
0.178741 0.733477 -0.243988 0
-0.292301 -0.857151 -0.029967 0
-0.090810 0.524922 -0.010510 2
0.163078 -0.236255 -0.205075 1
0.023770 -0.355660 -0.205075 0
0.515085 -0.635405 0.047860 0
-0.138673 -0.192711 -0.224532 1
-0.348900 -0.281063 -0.088336 0
-0.496614 0.608313 -0.029967 0
-0.086510 0.576034 0.008946 2
0.081653 -0.333771 -0.185619 1
0.645308 -0.437902 0.125685 0
-0.155327 -0.269428 -0.205075 1
-0.473558 0.501516 0.242424 0
-0.638899 0.083376 0.281337 0
0.023770 -0.355660 -0.205075 0
0.380874 0.451960 0.378620 2
0.603943 -0.162456 0.164599 0
0.504481 0.355125 0.125685 0
0.110020 -0.276063 -0.205075 1
-0.558836 0.633178 0.086772 0
0.446190 0.674446 -0.068880 0
0.363208 0.821712 0.028403 0
-0.576678 0.456708 0.281337 0
0.039199 0.811925 -0.282901 0
-0.412075 -0.286472 -0.029967 0
-0.247006 -0.214444 -0.146706 1
-0.358901 0.394486 0.281337 2
-0.292651 0.183538 0.300794 0
-0.148382 -0.535710 -0.243988 0
-0.361703 0.034521 0.222968 0
-0.505914 -0.507089 0.028403 0
0.056223 0.568894 0.008946 2
0.034801 -0.195513 -0.243988 1
0.489656 -0.104379 0.125685 0
0.335113 -0.791602 -0.107792 0
0.090116 -0.355660 -0.205075 0
-0.489668 -0.635405 0.047860 0
-0.212238 -0.220223 -0.185619 1
-0.284830 0.175717 0.300794 0
0.069025 0.690847 -0.321814 0
-0.082366 -0.375564 -0.205075 0
-0.438964 0.572824 0.164599 0
-0.222219 0.600666 0.047860 0
-0.613645 0.534417 0.028403 0
-0.509514 -0.547053 0.067316 0
-0.632031 0.633178 0.086772 0
0.199501 -0.430334 -0.380183 0
0.280206 -0.825904 -0.107792 0
0.321571 0.729293 -0.127249 0
-0.043706 0.625999 0.008946 0
-0.522141 -0.164110 0.222968 0
0.504851 -0.758604 -0.010510 0
0.049083 0.483246 0.008946 2
-0.284830 0.175717 0.300794 0
0.274155 -0.393016 -0.380183 0
0.274350 -0.688405 -0.146706 0
0.155120 -0.293710 -0.185619 1
-0.447525 0.030805 0.261881 0
-0.276736 0.587728 0.067316 0
-0.335086 -0.315599 -0.088336 0
-0.220351 0.811984 -0.243988 0
0.561489 0.195874 0.203511 0
0.355464 -0.415372 -0.205075 0
0.422959 -0.096966 0.125685 1
-0.337148 -0.392238 -0.166162 0
-0.393417 -0.622972 0.008946 0
-0.617400 0.333062 0.086772 0
0.131053 0.642089 -0.302358 0
0.634918 -0.123835 0.261881 0
-0.270432 -0.436462 -0.224532 0
0.076847 -0.362294 -0.205075 0
-0.009851 0.802216 -0.302358 0
-0.083728 0.673842 -0.010510 0
-0.402834 -0.829503 -0.010510 0
-0.409916 -0.843687 -0.010510 0
-0.296796 0.821848 -0.224532 0
0.532012 -0.286472 -0.029967 0
0.100234 -0.169344 -0.243988 1
0.590401 -0.406266 0.086772 0
0.314528 0.752466 -0.107792 0
0.063578 -0.587834 -0.205075 0
0.116597 0.805466 -0.282901 0
0.518257 0.458186 0.106229 0
-0.652908 0.325610 0.106229 0
-0.342246 -0.145880 0.203511 1
0.619508 0.276210 0.359163 0
-0.181088 0.870878 -0.243988 0
-0.270432 0.854788 -0.224532 0
0.362468 -0.306843 -0.127249 0
0.315209 -0.573825 -0.166162 0
-0.355340 -0.363403 -0.146706 0
-0.186438 0.540351 0.008946 2
0.466269 -0.343227 -0.088336 0
-0.476476 0.107639 0.164599 0
0.094455 0.697210 -0.321814 0
0.077625 -0.794268 0.008946 0
0.026299 0.850624 -0.282901 0
0.194014 0.644210 -0.282901 0
0.199501 -0.430334 -0.380183 0
0.308204 -0.654550 -0.146706 0
0.150276 -0.369902 -0.302358 0
-0.602302 0.385497 0.184055 0
-0.478442 0.409662 0.261881 0
0.530689 -0.183333 0.067316 0
0.287075 -0.784734 -0.107792 0
-0.619774 0.499473 0.047860 0
0.548667 -0.794268 0.008946 0
0.531837 -0.691751 0.086772 0
0.523510 0.537627 0.203511 0
0.136092 -0.846489 -0.107792 0
0.656573 0.299305 0.417533 0
-0.519670 0.270937 0.242424 0
-0.090810 0.546188 -0.010510 2
-0.272806 0.506692 0.047860 2
0.530826 -0.247365 -0.049423 0
0.072139 -0.258591 -0.224532 1
0.391381 -0.141658 -0.010510 1
-0.450502 0.424643 0.242424 2
-0.585277 0.150307 0.203511 0
-0.739995 0.139703 0.378620 0
0.023770 -0.581199 -0.205075 0
0.564057 0.078785 0.242424 0
-0.304462 0.238931 0.281337 0
-0.314715 -0.349862 -0.146706 0
0.637078 0.259808 0.378620 0
0.143194 -0.229620 -0.205075 1
-0.353297 -0.470453 -0.127249 0
0.067508 -0.221682 -0.243988 1
-0.004442 -0.208588 -0.243988 1
-0.296796 0.821848 -0.224532 0
-0.082366 -0.408737 -0.205075 0
-0.537414 -0.133564 0.222968 0
-0.313431 -0.885343 -0.029967 0
0.086225 0.731764 -0.302358 0
0.175161 -0.273670 -0.185619 1
-0.381568 -0.212576 -0.010510 1
-0.625358 0.069465 0.261881 0
0.635424 0.228464 0.359163 0
0.370387 0.807353 0.028403 0
-0.285297 -0.179403 0.222968 1
0.049997 -0.503568 -0.263445 0
-0.100791 0.633120 0.008946 0
-0.613645 0.534417 0.028403 0
-0.384622 -0.110644 0.222968 0
-0.144354 0.763790 -0.302358 0
-0.372637 0.074368 0.203511 0
0.039199 0.811925 -0.282901 0
0.503528 0.767545 0.106229 0
-0.385848 -0.743447 0.067316 0
-0.104818 -0.552987 -0.146706 0
0.049083 0.483246 0.008946 2
-0.429100 -0.523063 0.008946 0
0.275362 0.628061 -0.185619 0
-0.645534 0.369796 0.106229 0
0.097451 0.627789 0.028403 0
0.348829 -0.281063 -0.088336 0
0.328108 -0.156717 -0.088336 1
-0.214981 0.607904 0.047860 0
-0.131552 -0.562054 -0.302358 0
-0.216090 -0.338441 -0.166162 0
0.348829 -0.709243 -0.107792 0
0.570420 0.508229 0.222968 0
0.455198 -0.765686 -0.010510 0
-0.409157 -0.319976 -0.068880 0
0.074065 -0.241314 -0.243988 1
0.151190 -0.418465 -0.399640 0
-0.043881 -0.668092 -0.146706 0
-0.288546 -0.193315 0.125685 1
0.462300 0.744742 -0.010510 0
-0.218833 -0.458876 -0.282901 0
0.505843 -0.451697 0.008946 0
-0.265588 0.535604 0.047860 2
-0.005182 -0.433972 -0.185619 0
0.308477 0.663628 -0.166162 0
-0.638899 0.075594 0.281337 0
0.052098 0.786126 -0.282901 0
0.418367 0.681391 -0.068880 0
0.287075 -0.798451 -0.107792 0
0.163078 -0.203082 -0.205075 1
-0.112056 -0.320424 -0.185619 1
0.605033 -0.435548 0.086772 0
-0.491127 0.599596 -0.049423 0
-0.165017 0.497528 0.008946 2
0.328789 -0.320424 -0.185619 0
0.341572 0.595005 0.067316 0
-0.029288 -0.402102 -0.205075 0
0.056943 -0.349025 -0.205075 0
-0.407133 -0.296356 -0.049423 0
0.479772 -0.190610 0.067316 0
0.496154 0.384544 0.106229 0
0.235281 -0.654395 -0.185619 0
-0.511985 0.278622 0.242424 0
0.131053 0.642089 -0.302358 0
-0.365633 0.495018 0.106229 2
-0.131552 -0.478780 -0.302358 0
-0.498988 0.167681 0.164599 0
0.450042 -0.201700 0.047860 0
-0.316972 -0.365329 -0.166162 0
0.492496 -0.715391 0.028403 0
-0.547940 0.799823 0.125685 0
-0.233426 0.825078 -0.243988 0
-0.568895 0.448925 0.281337 0
0.348849 0.586366 0.145142 0
-0.504163 0.196788 0.184055 0
-0.487936 -0.290578 -0.010510 0
0.496154 -0.536177 0.106229 0
-0.068396 -0.723310 -0.068880 0
-0.372637 0.081956 0.203511 0
0.063578 -0.587834 -0.205075 0
-0.428905 -0.048831 0.281337 0
0.109281 -0.772612 -0.029967 0
0.267034 -0.279585 -0.127249 0
0.488800 0.502392 0.106229 0
-0.504163 0.196788 0.184055 0
0.384746 -0.126404 0.028403 1
0.131053 0.706140 -0.302358 0
0.209754 -0.799813 -0.068880 0
-0.366683 0.332264 0.281337 0
0.204715 -0.846489 -0.107792 0
0.010520 -0.362294 -0.205075 0
-0.126279 0.666741 -0.010510 0
-0.370069 0.525603 0.125685 2
0.190726 0.854788 -0.224532 0
0.242694 -0.627642 -0.205075 0
-0.216090 -0.203938 -0.166162 1
-0.451319 0.211887 0.184055 0
-0.030611 -0.228219 -0.243988 1
-0.625902 0.427698 0.067316 0
0.261411 -0.318264 -0.166162 0
-0.632031 0.376975 0.086772 0
0.290363 -0.360640 -0.263445 0
0.089416 -0.418465 -0.399640 0
0.578689 -0.485532 0.028403 0
0.070212 -0.368929 -0.205075 0
-0.091277 -0.559758 -0.146706 0
0.487048 -0.212440 0.067316 0
0.110662 -0.392179 -0.360727 0
0.126403 0.851247 -0.243988 0
-0.067501 0.853445 -0.302358 0
-0.604033 0.362752 0.164599 0
0.528413 -0.758487 0.028403 0
0.124846 -0.212479 -0.224532 1
-0.397794 -0.002174 0.281337 0
-0.017478 -0.844679 0.028403 0
-0.213794 0.844709 -0.243988 0
-0.418204 -0.130684 0.203511 1
-0.239963 0.805446 -0.243988 0
0.487924 -0.142747 0.086772 0
-0.496886 -0.722142 0.047860 0
-0.043706 0.590296 0.008946 2
-0.112056 -0.393892 -0.185619 0
-0.519670 0.301678 0.242424 0
-0.331778 0.363472 0.300794 0
0.355561 -0.311532 -0.166162 0
0.047156 0.613430 0.028403 2
0.294293 -0.163682 -0.127249 1
0.010520 -0.382198 -0.205075 0
-0.564692 0.568894 0.008946 0
0.405195 -0.194871 -0.029967 1
0.677372 -0.362761 0.222968 0
-0.064154 -0.744342 -0.049423 0
0.083073 0.520039 0.028403 2
0.145334 0.671761 -0.321814 0
0.535592 -0.492711 0.028403 0
0.294410 0.464471 0.281337 2
-0.270432 -0.436462 -0.224532 0
0.649608 0.047090 0.339707 0
-0.310785 -0.178489 0.125685 1
-0.402834 -0.744420 -0.010510 0
0.656573 0.299305 0.417533 0
-0.144354 -0.446755 -0.302358 0
-0.222219 0.600666 0.047860 0
-0.626914 -0.069221 0.320251 0
-0.089000 -0.276063 -0.205075 1
0.110293 0.636817 0.047860 0
0.314294 0.775892 -0.088336 0
-0.573467 0.024987 0.242424 0
0.307932 -0.688580 -0.127249 0
-0.506673 -0.048831 0.281337 0
0.492263 -0.067431 0.184055 0
-0.419761 0.293993 0.242424 0
0.266820 0.586366 0.145142 2
-0.342888 0.140267 0.242424 0
-0.414138 -0.758351 -0.049423 0
-0.456164 -0.130684 0.203511 1
-0.321175 0.772078 -0.205075 0
0.684415 -0.688833 0.145142 0
-0.083591 -0.447455 -0.321814 0
0.508781 -0.264350 -0.068880 0
0.295402 0.795056 -0.185619 0
-0.445385 -0.794053 -0.010510 0
-0.019910 0.524922 -0.010510 2
-0.460756 -0.592037 0.047860 0
0.363013 0.773109 -0.010510 0
-0.327518 0.132582 0.242424 0
-0.557007 0.143945 0.184055 0
0.429535 -0.358617 -0.166162 0
0.300791 0.766183 -0.107792 0
0.559796 -0.336086 0.067316 0
0.560205 0.302457 0.184055 0
-0.308353 0.115849 0.261881 0
-0.377929 0.378726 0.261881 2
-0.272689 -0.444109 -0.243988 0
0.153797 -0.324977 -0.166162 1
-0.061080 0.840643 -0.302358 0
-0.352325 -0.751055 0.047860 0
-0.300473 0.300881 0.300794 0
0.435586 -0.143856 0.047860 1
0.160899 0.586210 0.047860 2
-0.540313 0.371002 0.261881 0
0.029723 0.532004 -0.010510 2
-0.540313 0.371002 0.261881 0
0.236838 0.670321 -0.224532 0
0.362468 -0.306843 -0.127249 0
0.235281 -0.654395 -0.185619 0
-0.385459 -0.338674 -0.107792 0
-0.131552 -0.562054 -0.302358 0
-0.296231 -0.318089 -0.107792 0
0.497750 -0.460764 -0.010510 0
0.475647 -0.448506 -0.029967 0
0.516973 -0.012408 0.378620 0
0.640910 -0.151794 0.242424 0
-0.393397 0.386470 0.261881 2
-0.309968 -0.297504 -0.107792 0
0.222557 -0.340736 -0.341271 0
-0.178850 -0.293710 -0.185619 1
-0.638899 0.083376 0.281337 0
-0.491127 0.599596 -0.049423 0
-0.552707 0.217899 0.222968 0
0.450042 -0.201700 0.047860 0
0.466269 -0.343227 -0.088336 0
-0.202004 -0.472379 -0.302358 0
-0.392308 0.658997 0.125685 0
-0.429372 0.636758 0.125685 0
0.474752 -0.053481 0.320251 0
-0.264673 -0.313653 -0.127249 1
0.588884 -0.241528 0.067316 0
-0.377929 0.425130 0.261881 2
-0.331915 0.589265 0.086772 0
0.228608 -0.340464 -0.185619 0
-0.236675 0.578992 0.047860 2
0.179928 0.808734 -0.263445 0
0.121733 -0.347138 -0.185619 0
-0.395751 -0.857871 -0.010510 0
0.650794 -0.369376 0.184055 0
0.001492 -0.427298 -0.185619 0
-0.517763 -0.314645 -0.029967 0
-0.419119 -0.800785 -0.029967 0
-0.383902 -0.744420 -0.029967 0
0.237674 0.540410 0.125685 2
0.417608 -0.072431 0.222968 1
-0.141144 -0.730353 -0.049423 0
0.037039 -0.402102 -0.205075 0
0.449400 -0.212596 0.028403 0
0.559796 -0.176057 0.067316 0
-0.551520 0.752914 0.164599 0
-0.429372 0.636758 0.125685 0
0.489656 -0.104379 0.125685 0
-0.112056 -0.320424 -0.185619 1
-0.370069 0.525603 0.125685 2
0.099027 0.648491 -0.302358 0
-0.358901 -0.041067 0.281337 0
0.417608 0.554068 0.222968 0
-0.592865 0.241441 0.203511 0
-0.693981 -0.089962 0.359163 0
0.564057 0.055729 0.242424 0
-0.397794 -0.002174 0.281337 0
-0.136474 0.654541 0.008946 0
0.571509 -0.471173 0.028403 0
0.637973 -0.606493 0.047860 0
0.284195 0.606231 0.028403 0
-0.365944 0.194064 0.242424 0
-0.470717 -0.069707 0.261881 0
0.514035 -0.392160 0.028403 0
-0.366683 0.316699 0.281337 0
0.335560 -0.388833 -0.205075 0
-0.354737 -0.077451 0.261881 0
0.117531 0.528386 0.047860 2
-0.045262 -0.587601 -0.185619 0
-0.476301 -0.125917 0.222968 0
0.028225 -0.661068 -0.185619 0
0.572929 -0.714924 0.047860 0
-0.041176 0.539106 -0.010510 2
0.482710 -0.434420 -0.029967 0
-0.524806 -0.335794 -0.029967 0
0.328108 -0.156717 -0.088336 1
0.111655 -0.238823 -0.224532 1
0.572560 -0.144440 0.145142 0
0.362644 -0.170531 -0.088336 1
-0.681996 0.017341 0.320251 0
-0.627011 0.521148 0.047860 0
0.208568 -0.233589 -0.185619 1
-0.555762 0.363258 0.261881 0
