-0.050898 -0.010238 0.176000 0
-0.045495 -0.040117 0.150000 0
-0.043379 -0.038001 0.150000 0
-0.017854 -0.027969 0.155000 1
-0.027697 -0.031925 0.153000 1
-0.043153 -0.051009 0.161000 0
0.001968 -0.045841 0.167000 0
-0.025757 0.011031 0.166000 2
-0.021222 -0.029047 0.153000 1
-0.022634 0.011421 0.166000 2
-0.052617 -0.054795 0.161000 0
-0.016678 -0.060424 0.165000 0
-0.057870 -0.046660 0.163000 0
-0.015973 0.017491 0.151000 0
-0.054724 -0.009357 0.175000 0
-0.036569 -0.028513 0.154000 1
0.003581 -0.047980 0.169000 0
-0.044780 0.017270 0.178000 0
-0.056090 -0.038610 0.168000 0
-0.041756 -0.056335 0.160000 0
0.017580 0.011523 0.202000 0
0.010998 -0.027147 0.187000 0
-0.017161 -0.035957 0.146000 0
-0.014576 -0.023830 0.159000 1
-0.017739 -0.052412 0.154000 0
-0.017772 0.013929 0.168000 0
-0.032878 -0.032431 0.152000 1
-0.020537 0.012744 0.168000 2
-0.045697 -0.016881 0.172000 0
-0.025052 -0.035754 0.148000 0
-0.017048 -0.043410 0.148000 0
-0.043364 -0.023214 0.174000 0
-0.040973 -0.023900 0.157000 1
-0.015501 -0.033498 0.157000 0
-0.005263 0.012514 0.160000 0
-0.050771 0.011730 0.183000 0
-0.053833 -0.050375 0.159000 0
-0.042621 -0.024723 0.176000 0
-0.021864 -0.034165 0.155000 1
-0.003720 0.008799 0.176000 0
-0.016136 -0.031451 0.156000 0
-0.016573 -0.035884 0.150000 0
0.004583 -0.007799 0.177000 0
0.005832 -0.041927 0.177000 0
-0.039612 -0.024114 0.156000 1
-0.006979 -0.026669 0.165000 1
-0.012128 -0.048427 0.172000 0
-0.051631 0.009845 0.180000 0
-0.024819 -0.029047 0.153000 1
-0.050409 -0.049940 0.160000 0
-0.005039 -0.053828 0.165000 0
-0.030886 -0.024051 0.151000 1
-0.041545 -0.031613 0.155000 0
-0.053901 -0.020467 0.175000 0
-0.036987 0.012972 0.171000 0
-0.056337 -0.047426 0.163000 0
-0.015769 -0.026682 0.156000 1
-0.047611 -0.025423 0.162000 1
-0.024657 -0.027785 0.152000 1
-0.010449 0.011363 0.171000 2
-0.035960 -0.056309 0.161000 0
0.015115 -0.008772 0.189000 0
-0.017490 -0.054210 0.155000 0
-0.051763 0.013048 0.172000 0
-0.008784 0.005132 0.178000 2
-0.028045 -0.027602 0.151000 1
0.013636 -0.022750 0.187000 0
-0.046948 -0.035486 0.156000 0
-0.008169 -0.034454 0.158000 0
-0.042991 -0.056357 0.159000 0
-0.033173 0.019691 0.170000 0
-0.056753 -0.048659 0.162000 0
-0.015501 -0.033498 0.157000 0
-0.013586 -0.049063 0.170000 0
-0.022362 -0.061600 0.164000 0
-0.005263 -0.033386 0.160000 0
-0.039210 -0.033724 0.153000 0
-0.028565 -0.050183 0.162000 0
0.009140 -0.028162 0.185000 0
0.001239 0.003811 0.175000 0
-0.021591 -0.061214 0.164000 0
0.015292 0.000121 0.197000 0
-0.037881 -0.041724 0.152000 0
-0.010090 0.013557 0.159000 0
-0.026270 0.021041 0.151000 0
-0.011585 -0.050001 0.159000 0
-0.048648 0.022622 0.171000 0
-0.015106 -0.037322 0.153000 0
-0.038441 -0.039764 0.150000 0
0.000781 -0.056544 0.165000 0
-0.015618 0.019621 0.151000 0
-0.018463 -0.048067 0.154000 0
-0.011809 -0.034236 0.157000 0
-0.032198 -0.054216 0.165000 0
0.007497 -0.039846 0.177000 0
-0.001173 -0.028563 0.167000 0
-0.045697 -0.016881 0.172000 0
-0.020636 -0.030323 0.154000 1
-0.034893 -0.029767 0.153000 1
-0.041260 -0.052145 0.161000 0
-0.043105 -0.015377 0.178000 0
-0.042720 -0.056746 0.158000 0
-0.006165 -0.060443 0.164000 0
-0.056753 -0.048659 0.162000 0
-0.015096 0.012025 0.169000 2
-0.052436 -0.001972 0.177000 0
-0.007995 -0.033041 0.162000 0
-0.049337 0.023159 0.172000 0
-0.052168 0.012643 0.172000 0
-0.007847 -0.049627 0.159000 0
-0.042617 -0.054114 0.159000 0
0.011499 -0.027735 0.188000 0
-0.055300 -0.035845 0.168000 0
-0.009027 -0.049768 0.167000 0
0.004886 0.001733 0.173000 0
-0.006990 -0.023348 0.175000 1
-0.004917 -0.049116 0.161000 0
0.012251 -0.020442 0.186000 0
-0.045234 -0.026821 0.159000 1
-0.001519 -0.051707 0.162000 0
0.003708 -0.005654 0.175000 0
0.007200 -0.011317 0.180000 0
-0.031091 -0.029572 0.152000 1
0.010763 -0.040336 0.183000 0
-0.042927 -0.010834 0.179000 0
-0.001272 0.004367 0.181000 0
-0.044105 0.021165 0.169000 0
-0.028777 -0.031565 0.153000 1
-0.016982 0.010374 0.168000 2
-0.017481 -0.037236 0.143000 0
-0.053875 -0.015979 0.171000 0
-0.044627 0.023426 0.171000 0
0.003708 -0.006477 0.175000 0
-0.052669 0.015384 0.171000 0
-0.026620 0.017986 0.169000 0
-0.008856 0.022616 0.157000 0
0.001566 -0.046738 0.166000 0
-0.030733 -0.033861 0.152000 0
-0.006238 0.007600 0.177000 2
-0.035960 -0.057066 0.161000 0
-0.047681 0.020370 0.169000 0
-0.021593 0.013846 0.167000 2
-0.006431 -0.033216 0.161000 0
-0.055300 -0.036635 0.168000 0
-0.000374 -0.050252 0.161000 0
-0.009655 -0.051173 0.158000 0
0.000409 0.007790 0.172000 0
-0.053268 -0.000724 0.177000 0
-0.053753 -0.055930 0.161000 0
-0.038993 -0.026875 0.155000 1
-0.053786 -0.014454 0.172000 0
-0.005568 0.017558 0.158000 0
-0.042720 -0.056746 0.158000 0
-0.026067 0.015114 0.168000 0
-0.040251 -0.054830 0.160000 0
-0.002088 0.007643 0.178000 0
-0.025757 0.011031 0.166000 2
-0.055319 -0.019013 0.173000 0
-0.019912 -0.049515 0.154000 0
-0.025757 0.011031 0.166000 2
-0.016472 -0.037908 0.143000 0
-0.011141 -0.052287 0.158000 0
-0.056542 -0.039559 0.167000 0
0.014904 -0.004397 0.192000 0
-0.014393 -0.031283 0.157000 0
-0.040087 -0.030885 0.155000 0
-0.042085 -0.004941 0.179000 0
0.007240 -0.045428 0.181000 0
0.000771 0.013131 0.163000 0
0.001197 -0.026919 0.169000 0
-0.051067 0.006069 0.181000 0
-0.022364 0.025302 0.151000 0
-0.043243 -0.056378 0.152000 0
-0.042927 -0.008308 0.179000 0
0.001980 -0.044931 0.168000 0
-0.015929 -0.046980 0.154000 0
-0.053692 0.008242 0.173000 0
-0.055088 -0.041025 0.165000 0
-0.012712 0.012820 0.169000 2
-0.014553 0.018911 0.151000 0
-0.018167 0.012349 0.168000 2
0.007624 -0.049410 0.180000 0
-0.000813 0.008290 0.174000 0
-0.045982 -0.027943 0.159000 0
-0.000762 -0.047810 0.163000 0
-0.020011 0.026184 0.152000 0
-0.017015 -0.051326 0.154000 0
-0.000381 -0.047332 0.164000 0
-0.057870 -0.048193 0.163000 0
0.001176 0.008689 0.166000 0
-0.018562 0.016299 0.168000 0
-0.042506 -0.001153 0.179000 0
-0.000767 -0.034992 0.164000 0
-0.055032 -0.027221 0.166000 0
-0.008221 -0.051123 0.159000 0
-0.044627 0.019003 0.171000 0
-0.012387 -0.061855 0.170000 0
0.012186 -0.013807 0.185000 0
-0.048904 -0.052949 0.160000 0
-0.034681 -0.043703 0.149000 0
-0.042621 -0.020998 0.176000 0
-0.048363 0.021290 0.170000 0
-0.055319 -0.019013 0.173000 0
-0.018463 -0.051688 0.154000 0
-0.039722 -0.029427 0.155000 1
-0.011564 -0.024194 0.164000 1
-0.045189 -0.032342 0.155000 0
-0.049217 0.023700 0.173000 0
-0.008439 -0.048950 0.171000 0
-0.027335 -0.026182 0.151000 1
-0.032878 -0.032431 0.152000 1
-0.046637 -0.004394 0.174000 0
-0.024495 -0.027247 0.151000 1
-0.041756 -0.056335 0.160000 0
-0.048123 -0.016477 0.172000 0
-0.040988 -0.036346 0.149000 0
-0.028489 0.010250 0.166000 2
-0.039794 0.002679 0.182000 0
-0.031448 -0.040652 0.152000 0
-0.009081 -0.030566 0.161000 0
-0.053753 -0.055930 0.161000 0
0.010998 -0.027147 0.187000 0
-0.044436 -0.018410 0.175000 0
-0.055954 -0.046277 0.163000 0
0.009042 -0.030009 0.183000 0
-0.033173 0.020091 0.170000 0
-0.024826 0.009801 0.165000 2
0.002375 -0.056782 0.168000 0
-0.008703 -0.027537 0.161000 1
-0.025912 -0.062334 0.167000 0
-0.029176 -0.062255 0.170000 0
-0.006979 -0.027057 0.165000 1
-0.031175 0.017293 0.170000 0
-0.054578 -0.026207 0.167000 0
-0.048088 0.006495 0.181000 0
-0.017603 -0.038512 0.144000 0
-0.039682 0.016882 0.174000 0
-0.004917 0.021299 0.161000 0
-0.048363 0.021290 0.170000 0
-0.048357 -0.031652 0.157000 0
-0.002088 0.007643 0.178000 0
-0.045189 -0.033071 0.155000 0
-0.011945 0.015303 0.154000 0
-0.036567 -0.046420 0.151000 0
-0.009702 0.009812 0.172000 2
-0.011564 -0.024194 0.164000 1
-0.006616 0.006729 0.176000 2
0.001613 -0.009143 0.171000 0
-0.020011 0.026184 0.152000 0
-0.029466 -0.025827 0.151000 1
-0.022922 0.022313 0.150000 0
-0.047851 -0.052992 0.159000 0
0.001992 -0.022547 0.169000 0
-0.046356 -0.028317 0.159000 0
-0.023785 0.023882 0.151000 0
0.012689 -0.023503 0.186000 0
0.004858 -0.000299 0.172000 0
0.013636 -0.022750 0.187000 0
-0.043348 -0.010413 0.179000 0
0.008282 -0.037966 0.176000 0
-0.018948 -0.033071 0.155000 0
-0.008439 -0.047744 0.171000 0
-0.044610 0.000952 0.179000 0
0.001239 0.005868 0.175000 0
-0.011141 -0.052287 0.158000 0
-0.055300 -0.035845 0.168000 0
0.001566 -0.046738 0.166000 0
0.001968 -0.045841 0.167000 0
-0.053381 0.012239 0.172000 0
0.014147 -0.002618 0.194000 0
-0.025391 0.023018 0.150000 0
-0.002777 0.010436 0.169000 0
-0.043449 0.017489 0.176000 0
-0.035612 -0.027608 0.153000 1
0.002039 -0.043421 0.173000 0
-0.038370 -0.055583 0.160000 0
-0.014301 0.013217 0.169000 0
-0.013163 -0.049187 0.160000 0
-0.043832 0.002665 0.181000 0
-0.029482 -0.061588 0.165000 0
-0.017854 -0.027969 0.155000 1
-0.047865 0.024655 0.174000 0
-0.006979 -0.026669 0.165000 1
0.003645 -0.045192 0.172000 0
0.001613 -0.040908 0.171000 0
-0.008171 0.003124 0.183000 2
-0.029496 -0.033364 0.153000 1
-0.027516 -0.032074 0.152000 1
0.013338 -0.008328 0.189000 0
-0.013032 0.025442 0.154000 0
-0.038939 0.008243 0.182000 0
0.002446 -0.043014 0.173000 0
-0.046283 -0.033436 0.155000 0
-0.037030 -0.043644 0.150000 0
-0.040251 -0.054830 0.160000 0
-0.036433 -0.045105 0.149000 0
-0.023785 0.024237 0.151000 0
-0.020862 -0.025090 0.153000 1
-0.033573 0.010497 0.170000 2
-0.044780 -0.001565 0.178000 0
-0.051547 -0.008894 0.174000 0
-0.030413 0.013534 0.168000 0
-0.004510 -0.034891 0.160000 0
-0.015465 0.025637 0.153000 0
-0.046494 -0.020467 0.175000 0
-0.044315 -0.042796 0.152000 0
-0.001994 -0.039070 0.170000 0
-0.051964 -0.051497 0.159000 0
-0.032198 -0.052664 0.165000 0
0.012689 -0.023503 0.186000 0
-0.007995 -0.033041 0.162000 0
-0.008171 0.003124 0.183000 2
0.005324 0.000516 0.174000 0
-0.034170 0.013217 0.169000 0
-0.001510 0.012213 0.161000 0
-0.028401 0.022816 0.151000 0
-0.034977 0.016591 0.171000 0
0.005832 -0.003637 0.177000 0
-0.054505 0.009056 0.173000 0
-0.022922 0.022313 0.150000 0
-0.054517 0.001357 0.177000 0
-0.030733 -0.041724 0.152000 0
-0.044733 -0.041449 0.151000 0
-0.005039 -0.053828 0.165000 0
-0.051103 -0.029051 0.161000 0
-0.039499 -0.055959 0.160000 0
-0.019550 -0.029599 0.154000 1
0.002333 0.012517 0.165000 0
0.006319 -0.053344 0.179000 0
-0.044780 -0.001565 0.178000 0
-0.052186 0.009370 0.179000 0
0.001239 0.005868 0.175000 0
-0.002613 0.016548 0.159000 0
0.006514 -0.036098 0.173000 0
0.011941 -0.044533 0.188000 0
-0.044766 0.022090 0.170000 0
-0.045495 -0.040117 0.150000 0
0.008282 -0.037966 0.176000 0
-0.031241 -0.042160 0.151000 0
-0.040251 -0.054830 0.160000 0
-0.046054 -0.022537 0.166000 1
-0.035737 -0.038507 0.152000 0
-0.059504 -0.034877 0.171000 0
-0.010090 0.013557 0.159000 0
-0.010661 -0.055135 0.162000 0
-0.047611 -0.025423 0.162000 1
-0.024092 -0.061917 0.168000 0
-0.004186 -0.050564 0.162000 0
-0.021083 -0.027427 0.152000 1
-0.026444 -0.029215 0.152000 1
-0.027335 -0.024051 0.151000 1
-0.051103 -0.029051 0.161000 0
-0.018463 -0.051688 0.154000 0
-0.050924 0.001373 0.179000 0
-0.016437 0.025112 0.152000 0
-0.051208 0.011961 0.180000 0
-0.047728 -0.008946 0.175000 0
-0.004595 -0.059691 0.163000 0
-0.048904 -0.051444 0.160000 0
-0.044780 -0.012447 0.178000 0
-0.002281 -0.053230 0.162000 0
-0.042546 -0.030350 0.156000 0
-0.033773 0.014012 0.169000 0
-0.055526 -0.041933 0.164000 0
-0.017151 -0.046013 0.152000 0
-0.040222 -0.003740 0.182000 0
0.002039 -0.003962 0.173000 0
0.000005 -0.021482 0.170000 0
-0.028231 -0.028857 0.152000 1
-0.040637 -0.042302 0.149000 0
0.003560 -0.036635 0.168000 0
-0.000400 0.008599 0.172000 0
-0.045772 -0.055279 0.157000 0
-0.008066 0.014402 0.156000 0
-0.045692 -0.028882 0.158000 0
-0.027516 -0.029929 0.152000 1
-0.052666 -0.005242 0.175000 0
-0.059787 -0.044360 0.163000 0
-0.004454 0.015329 0.158000 0
-0.022228 -0.033436 0.155000 1
-0.002744 -0.026600 0.167000 1
-0.005953 0.003516 0.181000 2
0.001169 -0.048008 0.165000 0
0.010389 -0.021087 0.184000 0
-0.025179 -0.061455 0.170000 0
-0.012178 -0.051218 0.157000 0
-0.011705 -0.057277 0.166000 0
-0.036585 0.010961 0.171000 0
-0.012308 0.020011 0.154000 0
0.000005 0.013432 0.162000 0
-0.007755 -0.025893 0.165000 1
-0.021591 -0.061214 0.164000 0
-0.005744 -0.032479 0.163000 0
-0.043668 -0.036479 0.151000 0
-0.016472 -0.037908 0.143000 0
-0.039358 -0.025418 0.155000 1
-0.003403 -0.048359 0.161000 0
-0.009892 0.003555 0.183000 2
-0.052064 -0.017386 0.173000 0
0.009956 0.004007 0.184000 0
-0.019542 -0.060458 0.163000 0
-0.012228 0.017362 0.153000 0
-0.007748 0.018924 0.157000 0
-0.035379 0.017395 0.171000 0
-0.008636 0.006280 0.175000 2
-0.058505 -0.040344 0.167000 0
-0.029466 -0.026537 0.151000 1
-0.051538 -0.047682 0.160000 0
-0.033235 -0.039222 0.152000 0
0.008564 -0.043968 0.182000 0
-0.009107 0.017225 0.155000 0
-0.007896 -0.033762 0.160000 0
-0.029054 -0.056051 0.167000 0
0.002039 -0.008030 0.173000 0
-0.043524 -0.004495 0.178000 0
-0.007412 -0.060400 0.166000 0
-0.037204 0.016283 0.172000 0
-0.016136 -0.031451 0.156000 0
-0.053706 -0.044850 0.162000 0
-0.016678 -0.060424 0.165000 0
-0.040427 -0.007975 0.181000 0
-0.039454 0.013937 0.173000 0
-0.059556 -0.035472 0.170000 0
-0.007148 0.011628 0.169000 0
-0.005940 0.014215 0.158000 0
0.004214 -0.015884 0.179000 0
-0.050786 -0.052197 0.160000 0
0.004583 -0.007799 0.177000 0
-0.003805 0.020288 0.162000 0
-0.054190 0.011834 0.172000 0
-0.011232 0.005519 0.177000 2
-0.024850 -0.026892 0.151000 1
-0.017603 -0.025215 0.156000 1
-0.053400 -0.026600 0.167000 0
0.004454 -0.024970 0.172000 0
0.011499 -0.027735 0.188000 0
-0.050861 -0.022945 0.169000 0
-0.014301 0.012423 0.169000 2
-0.036433 -0.045105 0.149000 0
-0.012587 0.017003 0.153000 0
-0.005295 0.012213 0.161000 0
-0.000381 -0.058515 0.164000 0
-0.046581 -0.045390 0.156000 0
-0.005756 0.010395 0.175000 0
0.001909 0.016479 0.162000 0
-0.041473 -0.008778 0.180000 0
-0.039626 -0.023456 0.159000 1
-0.053374 -0.055552 0.161000 0
-0.008799 0.017703 0.156000 0
-0.057870 -0.045127 0.163000 0
-0.009358 0.003941 0.181000 2
-0.017015 -0.050602 0.154000 0
-0.013575 0.014456 0.165000 0
-0.005940 0.014215 0.158000 0
0.001239 0.003399 0.175000 0
0.012005 -0.045214 0.189000 0
-0.028607 0.015999 0.169000 0
-0.005604 -0.035794 0.159000 0
-0.048088 0.007346 0.181000 0
-0.020309 -0.061991 0.163000 0
-0.004917 0.021299 0.161000 0
-0.010090 0.013557 0.159000 0
-0.007896 -0.050316 0.160000 0
-0.004211 -0.058541 0.163000 0
-0.051801 -0.031517 0.162000 0
-0.014026 -0.038041 0.153000 0
-0.030018 -0.030644 0.152000 1
0.000005 -0.027944 0.168000 0
-0.051631 0.009845 0.180000 0
-0.009250 -0.025351 0.164000 1
-0.055159 -0.021881 0.170000 0
-0.004623 0.011669 0.164000 0
-0.043105 0.008480 0.178000 0
-0.007813 0.008749 0.175000 2
0.005446 -0.045513 0.178000 0
-0.030018 -0.029215 0.152000 1
0.003645 -0.045192 0.172000 0
0.009420 0.001396 0.182000 0
-0.007896 -0.050316 0.160000 0
-0.016136 -0.031451 0.156000 0
-0.005394 -0.058129 0.164000 0
-0.029466 -0.025827 0.151000 1
-0.005394 -0.058129 0.164000 0
0.001239 0.003399 0.175000 0
0.002869 -0.017896 0.174000 0
-0.052977 0.011430 0.172000 0
-0.020022 0.010705 0.167000 2
-0.017265 -0.038851 0.144000 0
-0.037171 0.020091 0.170000 0
0.003222 -0.029650 0.171000 0
0.003560 -0.036240 0.168000 0
-0.051162 -0.049563 0.160000 0
-0.011583 0.018200 0.154000 0
-0.006616 0.007143 0.176000 2
-0.012627 -0.031854 0.158000 0
-0.044096 -0.031249 0.155000 0
-0.024819 -0.029047 0.153000 1
-0.028231 -0.030287 0.152000 1
-0.034170 0.013217 0.169000 0
-0.014301 0.013217 0.169000 0
0.003071 0.015814 0.163000 0
-0.037862 0.002264 0.183000 0
-0.039499 -0.055959 0.160000 0
0.008564 -0.044396 0.182000 0
-0.022634 0.011421 0.166000 2
0.001190 -0.038215 0.168000 0
0.006627 0.005074 0.176000 0
-0.030886 -0.026182 0.151000 1
-0.042085 -0.015884 0.179000 0
-0.030733 -0.034576 0.152000 0
-0.032734 -0.040559 0.153000 0
-0.006311 0.013472 0.158000 0
-0.054889 -0.048737 0.161000 0
-0.008587 0.009517 0.174000 2
-0.005526 -0.041771 0.168000 0
0.012251 -0.022191 0.186000 0
-0.036569 -0.028513 0.154000 1
-0.005100 -0.029349 0.167000 1
-0.001519 -0.051707 0.162000 0
-0.012228 -0.036242 0.153000 0
-0.053753 -0.055930 0.161000 0
-0.018167 0.012349 0.168000 2
-0.024370 -0.037977 0.142000 0
-0.005427 -0.031325 0.165000 0
-0.038821 0.011430 0.172000 0
-0.021073 0.009470 0.166000 2
-0.046637 -0.004394 0.174000 0
0.006627 0.005074 0.176000 0
-0.039153 0.007427 0.183000 0
-0.049661 0.027047 0.179000 0
-0.003137 -0.027385 0.167000 1
0.001176 -0.046348 0.166000 0
-0.044182 -0.017486 0.174000 0
-0.015096 0.012025 0.169000 2
-0.043590 0.007306 0.180000 0
-0.056149 -0.031312 0.167000 0
-0.039047 0.018412 0.173000 0
-0.034307 -0.041724 0.152000 0
-0.047023 -0.052197 0.160000 0
-0.047662 0.008623 0.181000 0
-0.044888 -0.014050 0.172000 0
-0.036569 -0.031047 0.154000 1
-0.033235 -0.023496 0.152000 1
-0.028777 -0.031565 0.153000 1
-0.040853 -0.002017 0.181000 0
0.015035 -0.019335 0.188000 0
-0.006616 0.007143 0.176000 2
-0.041712 -0.026853 0.157000 1
-0.015668 -0.050566 0.155000 0
-0.046609 -0.010713 0.177000 0
-0.054098 -0.018606 0.173000 0
0.000409 0.007790 0.172000 0
-0.024192 -0.034821 0.147000 0
-0.046948 -0.035486 0.156000 0
-0.011122 -0.064670 0.169000 0
-0.042991 -0.055609 0.159000 0
-0.011676 0.004007 0.184000 2
-0.003720 0.008799 0.176000 0
-0.057870 -0.045127 0.163000 0
-0.011658 0.023785 0.155000 0
-0.026618 -0.030846 0.153000 1
-0.045189 -0.033071 0.155000 0
0.011751 -0.018592 0.185000 0
-0.002281 -0.054373 0.162000 0
-0.005263 -0.033386 0.160000 0
-0.054724 -0.009769 0.175000 0
-0.000767 -0.056972 0.164000 0
-0.055954 -0.046277 0.163000 0
-0.013586 -0.049063 0.170000 0
-0.036325 -0.043291 0.150000 0
-0.001622 -0.022267 0.173000 1
-0.017377 0.009979 0.168000 2
-0.045031 0.014420 0.179000 0
-0.044366 0.022490 0.170000 0
-0.044690 -0.005272 0.176000 0
-0.014301 0.011230 0.169000 2
0.007040 0.009213 0.176000 0
-0.032069 -0.057126 0.155000 0
0.000823 0.007062 0.174000 0
-0.055991 -0.048278 0.162000 0
-0.020862 -0.025090 0.153000 1
-0.017377 0.008794 0.168000 2
-0.024333 0.019844 0.150000 0
-0.016545 0.026357 0.153000 0
-0.038697 -0.042160 0.151000 0
-0.046489 0.018383 0.169000 0
-0.050898 0.025766 0.176000 0
-0.007990 -0.024679 0.170000 1
-0.023686 -0.034529 0.155000 1
-0.027812 -0.057915 0.169000 0
0.001604 -0.028677 0.170000 0
-0.041556 0.014921 0.175000 0
-0.043863 -0.019343 0.176000 0
0.000781 0.009025 0.165000 0
-0.049480 0.011300 0.183000 0
-0.056753 -0.048659 0.162000 0
-0.016982 0.010374 0.168000 2
0.000407 -0.020402 0.171000 0
-0.024982 -0.030685 0.154000 1
-0.026620 0.017986 0.169000 0
-0.032734 -0.040559 0.153000 0
-0.002281 -0.055897 0.162000 0
-0.004917 0.021677 0.161000 0
0.003222 -0.029650 0.171000 0
-0.013829 -0.025326 0.159000 1
-0.045234 -0.026821 0.159000 1
-0.001935 -0.045292 0.165000 0
-0.020502 -0.028687 0.153000 1
-0.039861 0.012310 0.173000 0
-0.038265 -0.024324 0.155000 1
0.006107 -0.034471 0.173000 0
-0.040627 -0.012164 0.180000 0
-0.038640 0.015157 0.173000 0
-0.053028 0.000952 0.179000 0
-0.016397 -0.034894 0.155000 0
-0.009107 -0.034894 0.155000 0
-0.054510 -0.024389 0.168000 0
-0.038989 -0.053659 0.161000 0
0.002403 -0.025479 0.170000 0
-0.037030 -0.043644 0.150000 0
-0.041277 -0.032858 0.154000 0
-0.050216 0.007772 0.181000 0
-0.008486 0.020770 0.157000 0
0.000400 -0.026364 0.168000 0
-0.011513 -0.033340 0.158000 0
0.013197 -0.019672 0.187000 0
-0.003529 -0.027778 0.167000 1
-0.050409 -0.049940 0.160000 0
-0.033454 -0.057109 0.153000 0
0.006740 -0.051240 0.179000 0
-0.043927 -0.029068 0.157000 1
-0.045982 -0.027195 0.159000 0
0.001992 -0.030495 0.169000 0
0.013636 -0.018353 0.187000 0
-0.044112 -0.005718 0.177000 0
-0.034170 0.013217 0.169000 0
-0.044766 0.022090 0.170000 0
-0.009730 0.004343 0.180000 2
-0.047400 -0.027742 0.160000 0
-0.005744 -0.032479 0.163000 0
-0.041342 -0.023530 0.157000 1
-0.026620 0.017986 0.169000 0
-0.005940 0.014215 0.158000 0
-0.023133 -0.061986 0.164000 0
-0.034893 -0.029767 0.153000 1
-0.001187 -0.023342 0.169000 0
-0.034446 -0.054795 0.161000 0
-0.005039 -0.053828 0.165000 0
-0.003922 -0.029741 0.167000 0
-0.040853 -0.014359 0.181000 0
0.017580 0.011523 0.202000 0
-0.038993 -0.029062 0.155000 1
-0.048128 0.000109 0.178000 0
-0.051345 0.012737 0.179000 0
-0.039210 -0.033724 0.153000 0
-0.028045 -0.027602 0.151000 1
-0.018915 0.019361 0.149000 0
0.005898 -0.046189 0.179000 0
-0.000753 0.015620 0.161000 0
-0.019912 -0.049515 0.154000 0
-0.018948 -0.033071 0.155000 0
-0.024487 0.015904 0.168000 0
-0.031034 -0.045760 0.150000 0
-0.025912 0.013061 0.167000 2
-0.034067 -0.055552 0.161000 0
-0.029660 -0.054154 0.166000 0
-0.048939 0.003090 0.181000 0
0.004480 -0.049929 0.173000 0
-0.053593 -0.006030 0.174000 0
0.004026 -0.030052 0.171000 0
-0.038697 -0.040384 0.151000 0
-0.005295 0.012213 0.161000 0
-0.032198 -0.052664 0.165000 0
-0.010090 -0.052992 0.159000 0
-0.008595 -0.049254 0.159000 0
-0.008486 0.021139 0.157000 0
-0.015402 -0.034018 0.156000 0
0.001566 -0.046738 0.166000 0
-0.026496 -0.051766 0.161000 0
0.013636 -0.022750 0.187000 0
-0.020507 -0.036563 0.143000 0
-0.030733 -0.033861 0.152000 0
-0.057870 -0.048193 0.163000 0
-0.004134 -0.033762 0.160000 0
-0.018463 -0.051688 0.154000 0
-0.056720 -0.044743 0.163000 0
-0.009283 -0.050430 0.158000 0
-0.043105 0.008480 0.178000 0
-0.008169 -0.034454 0.158000 0
-0.026270 0.021751 0.151000 0
0.000823 -0.000712 0.174000 0
-0.050030 -0.020640 0.173000 0
-0.051162 -0.045425 0.160000 0
-0.030886 -0.026182 0.151000 1
0.004049 -0.028610 0.172000 0
-0.024092 0.019065 0.168000 0
-0.050971 -0.038611 0.163000 0
-0.046905 -0.020056 0.175000 0
-0.012876 -0.049470 0.166000 0
-0.043942 -0.007843 0.178000 0
-0.025367 -0.058058 0.166000 0
-0.025672 0.015509 0.168000 0
0.009956 -0.030606 0.184000 0
-0.039320 -0.035754 0.148000 0
-0.031805 -0.030287 0.152000 1
-0.005427 -0.031325 0.165000 0
-0.036404 0.028332 0.158000 0
-0.008703 -0.049116 0.161000 0
0.014438 -0.015193 0.186000 0
-0.039937 -0.041952 0.149000 0
-0.058253 -0.043210 0.163000 0
-0.016220 0.019138 0.150000 0
0.010502 -0.047995 0.186000 0
-0.031241 -0.042160 0.151000 0
-0.044366 0.019691 0.170000 0
-0.025344 -0.031772 0.154000 1
0.002039 0.006615 0.173000 0
-0.025706 -0.033220 0.154000 1
-0.051538 -0.046554 0.160000 0
-0.003403 -0.048359 0.161000 0
-0.006711 -0.042166 0.168000 0
-0.045556 -0.017793 0.173000 0
-0.030733 -0.033861 0.152000 0
0.001566 -0.046738 0.166000 0
-0.022569 0.020549 0.150000 0
-0.024586 -0.058448 0.166000 0
-0.029799 0.015602 0.169000 0
0.002417 0.002920 0.171000 0
-0.021864 -0.031978 0.155000 1
-0.011884 0.014586 0.158000 0
-0.043768 0.000531 0.179000 0
-0.017015 -0.051326 0.154000 0
-0.042447 -0.018620 0.177000 0
-0.005756 0.010395 0.175000 0
-0.046235 -0.015577 0.171000 0
-0.037853 -0.055552 0.161000 0
-0.012023 0.020505 0.155000 0
-0.025205 -0.025472 0.151000 1
-0.006616 0.006729 0.176000 2
-0.037862 0.006997 0.183000 0
-0.028147 -0.038017 0.146000 0
-0.044079 -0.016477 0.172000 0
-0.028231 -0.030287 0.152000 1
-0.015402 -0.034018 0.156000 0
-0.016684 0.023882 0.151000 0
0.008226 -0.027577 0.184000 0
-0.007755 -0.025893 0.165000 1
0.001613 -0.044125 0.171000 0
-0.045495 -0.040117 0.150000 0
-0.037293 -0.026340 0.154000 1
-0.014480 -0.052774 0.154000 0
-0.024586 -0.058448 0.166000 0
0.003624 -0.034877 0.171000 0
0.002803 -0.023480 0.170000 0
-0.006616 0.006729 0.176000 2
-0.002662 -0.047135 0.162000 0
-0.037994 -0.056335 0.160000 0
-0.042863 0.009265 0.177000 0
-0.024192 -0.035858 0.147000 0
-0.020770 -0.032342 0.155000 1
0.001980 -0.031895 0.168000 0
-0.015501 -0.033498 0.157000 0
-0.052774 0.009926 0.174000 0
-0.005953 0.003516 0.181000 2
0.003581 -0.047980 0.169000 0
-0.050729 -0.019941 0.174000 0
-0.037293 -0.027064 0.154000 1
-0.043348 -0.009571 0.179000 0
-0.041277 -0.032858 0.154000 0
-0.041338 -0.036696 0.149000 0
-0.026858 -0.057967 0.168000 0
-0.011884 0.014586 0.158000 0
-0.051350 -0.025969 0.168000 0
-0.041688 -0.041601 0.149000 0
0.014227 -0.007439 0.189000 0
-0.047315 -0.021734 0.172000 1
-0.009135 -0.062683 0.169000 0
-0.025912 0.013061 0.167000 2
-0.050724 -0.028673 0.161000 0
-0.054190 0.011834 0.172000 0
-0.030477 -0.044404 0.149000 0
-0.034893 -0.029767 0.153000 1
-0.038233 0.010683 0.173000 0
-0.006591 -0.028609 0.165000 1
-0.007322 -0.027279 0.164000 1
-0.045360 0.018421 0.177000 0
0.010880 -0.042952 0.185000 0
-0.014301 0.013217 0.169000 0
-0.005756 0.010395 0.175000 0
-0.054724 -0.009357 0.175000 0
-0.043019 0.019405 0.171000 0
-0.008486 0.020770 0.157000 0
-0.019237 0.017773 0.167000 0
-0.051631 0.009845 0.180000 0
-0.054578 -0.037202 0.167000 0
-0.037987 -0.039674 0.151000 0
-0.054724 -0.009357 0.175000 0
-0.048415 -0.012307 0.176000 0
-0.040627 -0.009201 0.180000 0
-0.051547 -0.019123 0.174000 0
0.010389 -0.021087 0.184000 0
-0.034175 0.029076 0.158000 0
-0.034893 -0.029767 0.153000 1
-0.058505 -0.040344 0.167000 0
-0.056149 -0.031312 0.167000 0
-0.017125 -0.030520 0.155000 1
-0.016608 -0.023900 0.157000 1
-0.012627 -0.031854 0.158000 0
-0.009702 0.010216 0.172000 2
-0.052852 -0.012377 0.177000 0
-0.049347 -0.035794 0.159000 0
-0.009758 0.009056 0.173000 2
0.007734 -0.033251 0.173000 0
0.005832 -0.041511 0.177000 0
-0.007322 -0.027279 0.164000 1
-0.011221 -0.035393 0.154000 0
-0.011884 0.014586 0.158000 0
-0.052878 -0.021454 0.173000 0
-0.040503 -0.023373 0.161000 1
-0.008169 -0.034454 0.158000 0
-0.019912 -0.049515 0.154000 0
-0.017377 0.009979 0.168000 2
-0.043832 0.006495 0.181000 0
-0.005295 0.022435 0.161000 0
-0.051208 0.011961 0.180000 0
-0.057104 -0.043977 0.163000 0
-0.017631 0.022665 0.150000 0
-0.013506 0.008846 0.169000 2
-0.024370 -0.037977 0.142000 0
-0.040650 0.003107 0.182000 0
-0.045556 -0.013725 0.173000 0
-0.014668 -0.034385 0.156000 0
-0.052020 -0.011545 0.177000 0
-0.040552 0.009626 0.176000 2
-0.012228 -0.035882 0.153000 0
-0.038722 0.006137 0.183000 0
-0.023662 0.010577 0.165000 2
-0.001877 0.017028 0.160000 0
0.008047 0.002227 0.180000 0
-0.044780 -0.012447 0.178000 0
-0.046228 -0.006849 0.174000 0
-0.013821 0.013929 0.168000 0
-0.017490 -0.031613 0.155000 1
-0.030594 0.016396 0.169000 0
0.005293 -0.035692 0.173000 0
-0.040637 -0.042302 0.149000 0
-0.056542 -0.039559 0.167000 0
-0.003846 0.003107 0.182000 2
-0.025915 -0.026537 0.151000 1
0.009956 0.004439 0.184000 0
0.001613 -0.009143 0.171000 0
-0.051547 -0.005621 0.174000 0
-0.056805 -0.051068 0.160000 0
-0.039047 0.015564 0.173000 0
-0.046082 -0.008123 0.175000 0
0.000412 0.007428 0.173000 0
-0.008432 0.015502 0.156000 0
-0.043279 -0.016123 0.177000 0
0.001566 -0.047519 0.166000 0
-0.032520 -0.036720 0.152000 0
-0.049217 0.024107 0.173000 0
-0.001510 0.012213 0.161000 0
0.003222 -0.028041 0.171000 0
-0.055756 -0.030920 0.167000 0
-0.047284 0.020768 0.169000 0
0.005832 -0.003637 0.177000 0
-0.027516 -0.029929 0.152000 1
-0.047611 -0.025423 0.162000 1
-0.049347 -0.055235 0.159000 0
-0.012308 0.022183 0.154000 0
-0.022569 0.020549 0.150000 0
-0.042863 -0.017372 0.177000 0
-0.051208 0.011961 0.180000 0
0.005865 -0.012029 0.178000 0
-0.038629 -0.030520 0.155000 0
0.003602 0.002103 0.170000 0
0.000400 -0.024389 0.168000 0
0.015059 -0.003074 0.194000 0
-0.048584 -0.022019 0.168000 0
-0.025205 -0.025472 0.151000 1
-0.001912 -0.057392 0.163000 0
-0.012867 -0.049116 0.161000 0
-0.001947 -0.044396 0.166000 0
-0.005568 0.016815 0.158000 0
0.002403 0.019691 0.170000 0
-0.043449 0.017489 0.176000 0
-0.018167 0.012349 0.168000 2
-0.024826 0.009801 0.165000 2
-0.015465 0.025637 0.153000 0
-0.022362 -0.061600 0.164000 0
-0.052344 0.007346 0.181000 0
-0.044182 -0.017486 0.174000 0
-0.004510 -0.034138 0.160000 0
-0.005295 0.022056 0.161000 0
-0.046817 -0.038865 0.152000 0
0.006740 -0.051240 0.179000 0
-0.056720 -0.044743 0.163000 0
-0.032374 0.019292 0.170000 0
0.000804 -0.039869 0.170000 0
-0.005526 -0.041771 0.168000 0
-0.044683 0.003090 0.181000 0
-0.001566 -0.026993 0.167000 0
-0.031175 0.017693 0.170000 0
-0.044206 -0.026281 0.158000 1
-0.008703 -0.027537 0.161000 1
-0.043942 -0.011192 0.178000 0
-0.030886 -0.036834 0.151000 0
0.004943 0.007103 0.175000 0
-0.013307 0.024558 0.153000 0
0.005766 0.005868 0.175000 0
-0.006316 -0.042561 0.168000 0
-0.042991 -0.056357 0.159000 0
-0.005921 -0.041376 0.168000 0
-0.036567 -0.046420 0.151000 0
-0.021222 -0.027968 0.153000 1
0.001232 0.000107 0.174000 0
-0.004134 -0.034514 0.160000 0
0.001604 -0.028677 0.170000 0
-0.035172 0.011697 0.170000 2
-0.044361 -0.012029 0.178000 0
-0.044627 0.023426 0.171000 0
0.001632 -0.004775 0.173000 0
-0.013506 0.009641 0.169000 2
-0.014301 0.013217 0.169000 0
-0.025899 -0.033364 0.153000 1
-0.008703 -0.030187 0.161000 1
-0.042991 -0.055609 0.159000 0
0.005354 0.004222 0.175000 0
-0.009589 -0.049863 0.170000 0
-0.046637 -0.014772 0.171000 0
-0.029623 0.013929 0.168000 0
-0.047183 -0.005589 0.173000 0
-0.012787 -0.061055 0.170000 0
-0.026625 0.022106 0.151000 0
-0.035845 -0.031772 0.154000 1
0.009140 -0.028162 0.185000 0
-0.002088 0.007643 0.178000 0
-0.008799 0.020271 0.156000 0
-0.001877 0.017028 0.160000 0
-0.016476 -0.062374 0.163000 0
-0.051312 -0.013549 0.176000 0
-0.051312 -0.013549 0.176000 0
-0.009225 0.022985 0.157000 0
0.002039 -0.043421 0.173000 0
-0.016437 0.025827 0.152000 0
-0.025912 0.013061 0.167000 2
-0.000381 -0.047332 0.164000 0
-0.028685 -0.036895 0.147000 0
-0.046581 -0.045390 0.156000 0
-0.047822 0.002650 0.180000 0
-0.050030 0.014344 0.173000 0
-0.003137 -0.026993 0.167000 1
-0.048079 0.016794 0.169000 0
-0.033235 -0.023496 0.152000 1
-0.037862 0.001833 0.183000 0
0.012251 -0.022191 0.186000 0
-0.053374 -0.055552 0.161000 0
-0.038629 -0.030520 0.155000 0
0.001566 -0.057277 0.166000 0
-0.003734 0.015052 0.159000 0
-0.005815 -0.058096 0.165000 0
-0.024140 -0.024407 0.151000 1
-0.005295 0.022435 0.161000 0
-0.052774 0.009926 0.174000 0
-0.021798 -0.047443 0.152000 0
-0.015131 -0.033129 0.157000 0
-0.007233 -0.032279 0.162000 0
-0.020726 0.026899 0.152000 0
-0.027159 0.026184 0.152000 0
-0.031241 -0.042160 0.151000 0
-0.037474 -0.052145 0.161000 0
-0.037484 -0.044404 0.149000 0
-0.001187 -0.023342 0.169000 0
0.003222 -0.029650 0.171000 0
-0.049661 0.027047 0.179000 0
-0.001131 -0.049873 0.161000 0
-0.031448 -0.040652 0.152000 0
-0.051067 0.006069 0.181000 0
-0.047004 0.017485 0.168000 0
-0.048904 -0.052949 0.160000 0
-0.047587 0.014391 0.184000 0
-0.039123 -0.050692 0.160000 0
-0.045260 -0.035393 0.154000 0
0.011010 -0.051526 0.180000 0
-0.011884 0.014586 0.158000 0
-0.002017 -0.022948 0.172000 1
-0.017490 -0.054210 0.155000 0
-0.046817 -0.038865 0.152000 0
-0.054421 -0.043594 0.163000 0
-0.006511 -0.032095 0.163000 0
-0.013307 0.024558 0.153000 0
-0.030886 -0.026182 0.151000 1
-0.007649 -0.035623 0.155000 0
0.012251 -0.020442 0.186000 0
-0.004454 0.014586 0.158000 0
-0.038292 0.004415 0.183000 0
0.003560 -0.036635 0.168000 0
-0.047046 -0.003166 0.174000 0
0.002770 -0.037425 0.168000 0
-0.024982 -0.030685 0.154000 1
-0.024981 -0.052523 0.161000 0
-0.001286 0.000973 0.183000 0
-0.014908 0.023172 0.151000 0
-0.044141 -0.040200 0.149000 0
0.001247 -0.018515 0.176000 0
0.000407 -0.020402 0.171000 0
0.003071 0.015814 0.163000 0
-0.001131 -0.049116 0.161000 0
-0.007278 -0.029412 0.163000 1
-0.005780 -0.061600 0.164000 0
0.009627 -0.028752 0.186000 0
-0.049967 -0.037759 0.161000 0
-0.047728 -0.008946 0.175000 0
-0.053374 -0.055552 0.161000 0
0.007734 -0.032030 0.173000 0
0.008092 -0.006699 0.181000 0
-0.045104 -0.007341 0.176000 0
-0.014668 -0.034385 0.156000 0
0.010276 -0.049531 0.182000 0
0.006777 -0.049833 0.180000 0
-0.024037 -0.036976 0.142000 0
-0.053753 -0.055930 0.161000 0
-0.040637 -0.040200 0.149000 0
-0.010280 -0.025804 0.162000 1
0.004454 -0.034676 0.172000 0
-0.013032 0.019649 0.154000 0
0.009042 -0.030009 0.183000 0
-0.030886 -0.026182 0.151000 1
-0.003720 0.008799 0.176000 0
-0.045165 -0.022281 0.170000 1
-0.005100 -0.029349 0.167000 1
0.001566 -0.056496 0.166000 0
0.010389 -0.021087 0.184000 0
-0.047004 0.017485 0.168000 0
-0.014762 -0.024638 0.157000 1
-0.004263 -0.043353 0.165000 0
0.008705 -0.025117 0.185000 0
-0.045088 -0.036834 0.151000 0
-0.016397 -0.049837 0.155000 0
-0.044112 -0.006551 0.177000 0
0.007708 -0.045251 0.182000 0
-0.014301 -0.025948 0.156000 1
-0.008856 0.022616 0.157000 0
-0.050030 -0.014538 0.173000 0
-0.037293 -0.026340 0.154000 1
0.009361 -0.034064 0.173000 0
-0.018957 0.011559 0.168000 2
0.010389 -0.018924 0.184000 0
-0.040222 -0.003740 0.182000 0
-0.056720 -0.044743 0.163000 0
-0.005780 -0.061600 0.164000 0
-0.043773 -0.022396 0.174000 0
-0.051918 0.008623 0.181000 0
-0.002295 -0.045893 0.163000 0
-0.048088 0.006495 0.181000 0
-0.009420 -0.059193 0.167000 0
-0.021798 -0.028142 0.152000 1
-0.014668 -0.034385 0.156000 0
-0.005100 -0.028563 0.167000 1
0.003708 -0.005654 0.175000 0
0.001169 -0.034041 0.165000 0
-0.045260 -0.035393 0.154000 0
-0.046054 -0.022537 0.166000 1
-0.054040 -0.024932 0.169000 0
-0.041342 -0.057863 0.157000 0
-0.028043 0.019065 0.168000 0
-0.025912 0.013061 0.167000 2
0.012251 -0.022191 0.186000 0
0.001566 -0.056496 0.166000 0
-0.025899 0.028155 0.153000 0
-0.040853 -0.002017 0.181000 0
-0.012533 0.006172 0.172000 2
-0.052055 0.002650 0.180000 0
-0.005526 -0.025969 0.168000 1
-0.045960 0.014582 0.181000 0
-0.011179 -0.024580 0.164000 1
-0.014301 0.012423 0.169000 2
-0.007473 0.013183 0.159000 0
-0.014574 -0.051295 0.155000 0
-0.001947 -0.044396 0.166000 0
-0.005921 -0.025574 0.168000 1
-0.050362 0.016493 0.170000 0
-0.045786 0.003963 0.182000 0
0.001613 -0.009947 0.171000 0
-0.057104 -0.045510 0.163000 0
-0.011294 0.018683 0.155000 0
-0.031034 -0.045760 0.150000 0
-0.041712 -0.026853 0.157000 1
-0.014698 0.013615 0.169000 0
-0.004263 -0.043353 0.165000 0
0.002869 -0.005212 0.174000 0
-0.010852 0.008147 0.171000 2
0.006319 -0.053344 0.179000 0
-0.054971 -0.037988 0.167000 0
0.009524 -0.023683 0.184000 0
-0.053684 0.005103 0.177000 0
-0.046609 -0.010713 0.177000 0
-0.035960 -0.056309 0.161000 0
0.014147 0.000575 0.194000 0
-0.031175 0.017293 0.170000 0
-0.030594 0.016396 0.169000 0
-0.042546 -0.030717 0.156000 0
0.010163 -0.050256 0.180000 0
-0.015402 -0.034018 0.156000 0
-0.014908 0.023527 0.151000 0
0.003645 -0.033059 0.172000 0
-0.023703 -0.037309 0.142000 0
-0.007614 -0.029994 0.162000 1
-0.014216 0.006819 0.168000 2
-0.018957 0.011559 0.168000 2
0.001613 -0.009143 0.171000 0
-0.053988 -0.000309 0.178000 0
-0.045104 -0.004031 0.176000 0
-0.025887 -0.036900 0.143000 0
-0.014842 -0.051688 0.154000 0
0.007666 -0.010103 0.181000 0
-0.058253 -0.043594 0.163000 0
-0.017125 -0.030156 0.155000 1
-0.002777 -0.024932 0.169000 1
-0.018562 0.013534 0.168000 0
-0.020667 -0.044754 0.149000 0
-0.011451 -0.058757 0.168000 0
-0.049741 -0.015263 0.172000 0
-0.007285 -0.035987 0.155000 0
-0.043167 -0.023080 0.170000 1
0.014227 -0.007439 0.189000 0
-0.036413 0.009626 0.176000 2
-0.020770 -0.032342 0.155000 1
0.003624 -0.031660 0.171000 0
-0.014908 0.023527 0.151000 0
-0.023697 0.019855 0.168000 0
-0.021985 0.013061 0.167000 2
-0.001923 -0.031135 0.164000 0
-0.020022 0.010705 0.167000 2
-0.053795 0.005902 0.176000 0
-0.044361 0.011829 0.178000 0
-0.044491 -0.039149 0.149000 0
-0.011513 -0.026653 0.158000 1
-0.018336 -0.024481 0.156000 1
-0.035172 0.012096 0.170000 2
-0.012587 0.022759 0.153000 0
-0.000379 -0.033245 0.163000 0
0.003090 0.015140 0.164000 0
-0.003551 -0.025179 0.168000 1
-0.023227 -0.046728 0.152000 0
-0.052450 -0.025726 0.169000 0
-0.044944 0.018005 0.177000 0
-0.038821 0.012643 0.172000 0
-0.040650 0.003107 0.182000 0
-0.041277 -0.032858 0.154000 0
-0.039722 -0.027969 0.155000 1
-0.002135 0.002679 0.182000 0
0.006777 -0.049833 0.180000 0
-0.014301 -0.025948 0.156000 1
0.006248 -0.003221 0.177000 0
0.002869 -0.017896 0.174000 0
-0.054924 -0.049563 0.160000 0
-0.006203 -0.056932 0.165000 0
-0.054421 -0.043594 0.163000 0
-0.049656 0.025353 0.176000 0
0.013197 -0.025389 0.187000 0
-0.029870 -0.051500 0.165000 0
0.007497 -0.030690 0.177000 0
0.001232 0.000107 0.174000 0
0.002803 0.002503 0.170000 0
-0.021073 0.008689 0.166000 2
0.013636 -0.018353 0.187000 0
-0.053598 -0.031135 0.164000 0
-0.057104 -0.045510 0.163000 0
-0.027709 0.010641 0.166000 2
-0.022378 0.013454 0.167000 2
-0.045960 0.014582 0.181000 0
0.000795 -0.055597 0.168000 0
-0.005604 -0.035420 0.159000 0
-0.020011 0.026184 0.152000 0
-0.004595 -0.056625 0.163000 0
-0.012834 -0.034752 0.156000 0
-0.024542 -0.036563 0.143000 0
-0.053473 -0.015174 0.171000 0
-0.058253 -0.043210 0.163000 0
-0.021591 -0.061214 0.164000 0
-0.054724 -0.009769 0.175000 0
0.006248 -0.003221 0.177000 0
-0.051961 -0.023880 0.170000 0
-0.019395 0.022313 0.150000 0
-0.021854 0.011031 0.166000 2
-0.039746 -0.052523 0.161000 0
-0.009420 -0.059193 0.167000 0
0.006664 0.003022 0.177000 0
-0.014024 -0.025746 0.157000 1
-0.007943 -0.024932 0.169000 1
-0.048452 0.013093 0.184000 0
-0.033592 -0.038150 0.152000 0
0.012515 -0.032944 0.190000 0
0.014076 -0.013077 0.187000 0
-0.044780 -0.001565 0.178000 0
-0.050786 -0.052197 0.160000 0
-0.024092 -0.061917 0.168000 0
-0.013426 -0.049276 0.168000 0
-0.043367 -0.033800 0.155000 0
-0.012533 0.006172 0.172000 2
0.005832 -0.041511 0.177000 0
-0.029054 -0.056051 0.167000 0
-0.017236 -0.024848 0.156000 1
-0.045617 -0.000309 0.178000 0
0.008564 -0.044396 0.182000 0
-0.034977 0.018601 0.171000 0
-0.050762 -0.021881 0.170000 0
0.004971 -0.045829 0.176000 0
-0.046228 -0.020760 0.174000 0
0.005293 -0.035692 0.173000 0
0.005263 -0.032250 0.172000 0
-0.008044 -0.027496 0.163000 1
-0.014301 0.013217 0.169000 0
-0.004454 0.015329 0.158000 0
0.001190 -0.038215 0.168000 0
-0.040816 -0.032707 0.155000 0
-0.018451 0.016595 0.167000 0
0.000005 -0.048576 0.163000 0
-0.026462 0.018275 0.168000 0
0.003259 -0.043827 0.173000 0
-0.031448 -0.040652 0.152000 0
-0.007649 -0.035623 0.155000 0
-0.043942 -0.007843 0.178000 0
0.001232 0.000107 0.174000 0
-0.050320 -0.018714 0.174000 0
-0.028401 -0.026892 0.151000 1
0.007160 -0.005362 0.179000 0
0.004026 -0.030052 0.171000 0
0.004480 -0.049929 0.173000 0
-0.014301 0.013217 0.169000 0
0.003090 0.010513 0.164000 0
0.007120 0.002620 0.178000 0
-0.042546 -0.030717 0.156000 0
-0.050898 -0.010238 0.176000 0
-0.023703 -0.037309 0.142000 0
-0.000753 0.015620 0.161000 0
-0.044096 -0.031249 0.155000 0
-0.048754 -0.026946 0.162000 0
-0.045189 -0.032342 0.155000 0
-0.040627 -0.009201 0.180000 0
0.003560 -0.036240 0.168000 0
-0.017864 0.018660 0.149000 0
-0.002281 -0.054373 0.162000 0
0.004943 0.007514 0.175000 0
-0.054889 -0.048737 0.161000 0
-0.001994 -0.039070 0.170000 0
0.013197 -0.025389 0.187000 0
-0.009645 -0.049352 0.171000 0
-0.052563 -0.044469 0.162000 0
-0.033235 -0.039222 0.152000 0
-0.050033 -0.029247 0.160000 0
-0.047328 0.013882 0.183000 0
0.005416 -0.006967 0.177000 0
-0.039794 -0.002884 0.182000 0
-0.048415 -0.001547 0.176000 0
-0.051162 -0.049563 0.160000 0
0.002039 -0.008030 0.173000 0
-0.055756 -0.025422 0.167000 0
-0.023942 -0.028500 0.152000 1
-0.032183 0.014410 0.169000 0
-0.028401 0.022816 0.151000 0
-0.021222 -0.029047 0.153000 1
-0.052774 0.009926 0.174000 0
-0.038231 -0.054795 0.161000 0
0.006664 0.010930 0.177000 0
-0.052901 0.003073 0.180000 0
-0.000376 0.011908 0.162000 0
-0.004211 -0.058158 0.163000 0
-0.042991 -0.055609 0.159000 0
-0.054098 0.008649 0.173000 0
-0.055036 -0.010238 0.176000 0
-0.025391 0.023371 0.150000 0
0.001566 -0.045957 0.166000 0
-0.004082 0.013843 0.158000 0
-0.008799 0.021371 0.156000 0
-0.042546 -0.030717 0.156000 0
-0.056821 -0.034071 0.169000 0
-0.009645 -0.049352 0.171000 0
-0.044112 -0.052992 0.159000 0
-0.027335 0.023882 0.151000 0
0.003708 -0.008534 0.175000 0
-0.056149 -0.039166 0.167000 0
-0.045772 -0.055279 0.157000 0
-0.053381 0.012239 0.172000 0
-0.043280 -0.029983 0.156000 0
-0.047498 0.012094 0.182000 0
-0.042927 0.007686 0.179000 0
-0.018451 0.007956 0.167000 2
-0.001510 0.012592 0.161000 0
-0.049624 -0.008030 0.173000 0
-0.002281 -0.046374 0.162000 0
0.001613 -0.001101 0.171000 0
-0.036413 0.009626 0.176000 2
0.014593 -0.012704 0.188000 0
-0.043379 -0.038001 0.150000 0
-0.048584 -0.022019 0.168000 0
-0.032388 -0.055430 0.164000 0
0.009956 0.005737 0.184000 0
-0.043279 -0.016123 0.177000 0
-0.043364 -0.023214 0.174000 0
-0.009533 0.014035 0.156000 0
-0.000383 -0.030549 0.165000 0
0.004506 -0.002348 0.174000 0
-0.015096 0.012025 0.169000 2
-0.022085 -0.051688 0.154000 0
-0.017377 0.009584 0.168000 2
-0.039047 0.015564 0.173000 0
-0.040853 -0.014359 0.181000 0
0.009091 -0.024116 0.184000 0
-0.043449 -0.019757 0.176000 0
-0.019550 -0.031047 0.154000 1
-0.011987 -0.049463 0.170000 0
-0.027154 -0.054992 0.165000 0
-0.025391 0.023018 0.150000 0
-0.041368 -0.057468 0.153000 0
-0.052436 -0.001972 0.177000 0
-0.048274 -0.005212 0.174000 0
-0.009107 0.016496 0.155000 0
-0.019237 0.008349 0.167000 2
0.005416 -0.006967 0.177000 0
-0.027690 0.024592 0.151000 0
0.005832 -0.041511 0.177000 0
0.004583 -0.007799 0.177000 0
-0.016032 -0.035258 0.155000 0
-0.019395 0.022313 0.150000 0
0.010502 -0.047995 0.186000 0
-0.049092 -0.004803 0.174000 0
-0.052313 0.000109 0.178000 0
-0.048403 -0.007216 0.173000 0
-0.043188 -0.029806 0.157000 0
-0.029054 -0.056051 0.167000 0
-0.038675 0.009983 0.175000 2
-0.009107 0.015767 0.155000 0
-0.044366 0.022490 0.170000 0
-0.052365 -0.018305 0.174000 0
-0.031241 -0.042160 0.151000 0
-0.009401 -0.049187 0.160000 0
-0.055036 -0.010238 0.176000 0
0.001613 -0.040908 0.171000 0
-0.033454 -0.058188 0.153000 0
-0.038939 0.001396 0.182000 0
-0.002613 0.013557 0.159000 0
-0.050513 -0.026893 0.164000 0
-0.024140 -0.024407 0.151000 1
-0.058756 -0.035872 0.170000 0
-0.007797 0.022388 0.158000 0
-0.006241 -0.054545 0.166000 0
-0.018583 -0.033436 0.155000 0
-0.011585 -0.050375 0.159000 0
-0.041409 -0.039582 0.148000 0
-0.005100 -0.028563 0.167000 1
-0.007278 -0.029412 0.163000 1
-0.017481 -0.037236 0.143000 0
-0.040853 -0.002017 0.181000 0
-0.002253 0.014395 0.160000 0
-0.007614 -0.029994 0.162000 1
-0.020698 -0.036976 0.142000 0
-0.033454 -0.058548 0.153000 0
0.002803 -0.029077 0.170000 0
-0.015035 -0.026315 0.156000 1
-0.010153 -0.031505 0.160000 0
-0.055300 -0.036240 0.168000 0
-0.006511 -0.031712 0.163000 0
-0.012834 -0.034752 0.156000 0
0.006283 -0.009517 0.178000 0
-0.006241 -0.054545 0.166000 0
-0.020636 -0.024529 0.154000 1
0.010502 -0.047995 0.186000 0
-0.012587 0.017003 0.153000 0
-0.046939 -0.051009 0.161000 0
0.007539 -0.030445 0.178000 0
0.003165 -0.037820 0.168000 0
-0.024370 -0.037977 0.142000 0
-0.005940 0.014215 0.158000 0
-0.034331 -0.045455 0.149000 0
-0.041380 -0.052573 0.160000 0
-0.043449 -0.019757 0.176000 0
-0.006616 0.006729 0.176000 2
-0.038640 0.015157 0.173000 0
-0.044460 -0.034894 0.155000 0
-0.044491 -0.039149 0.149000 0
-0.039153 0.007427 0.183000 0
-0.042621 -0.020584 0.176000 0
-0.051964 -0.051497 0.159000 0
-0.052168 -0.016477 0.172000 0
-0.008587 0.009517 0.174000 2
-0.009645 -0.047342 0.171000 0
-0.001900 -0.032279 0.162000 0
-0.014301 -0.025948 0.156000 1
-0.028099 0.012592 0.166000 2
-0.043768 0.000531 0.179000 0
0.002688 0.016198 0.163000 0
-0.010090 -0.027569 0.159000 1
-0.056821 -0.034866 0.169000 0
-0.038993 -0.026875 0.155000 1
-0.021722 0.015509 0.168000 0
-0.001877 0.016276 0.160000 0
-0.012387 0.009298 0.170000 2
0.005446 -0.045513 0.178000 0
-0.055300 -0.035845 0.168000 0
-0.012256 -0.027024 0.158000 1
-0.049347 -0.029812 0.159000 0
0.015035 -0.020220 0.188000 0
-0.017236 -0.055661 0.156000 0
0.013782 -0.009661 0.189000 0
-0.044780 0.017270 0.178000 0
-0.031803 -0.058015 0.167000 0
0.003222 -0.028041 0.171000 0
-0.044361 0.010573 0.178000 0
-0.025030 -0.061888 0.169000 0
-0.022512 0.016694 0.168000 0
-0.029776 -0.044754 0.149000 0
-0.001519 -0.033803 0.162000 0
-0.011179 -0.024580 0.164000 1
0.004886 0.001326 0.173000 0
0.001613 -0.040908 0.171000 0
-0.004595 -0.056625 0.163000 0
-0.005940 0.017187 0.158000 0
-0.009225 0.022985 0.157000 0
-0.030196 0.015204 0.169000 0
-0.000383 -0.030549 0.165000 0
-0.004917 -0.049873 0.161000 0
-0.045452 0.009790 0.179000 0
-0.034977 0.016993 0.171000 0
-0.021158 0.022665 0.150000 0
-0.043279 -0.016123 0.177000 0
-0.031803 -0.058015 0.167000 0
0.013636 -0.013516 0.187000 0
-0.049522 -0.000308 0.177000 0
-0.054924 -0.049563 0.160000 0
-0.014113 -0.047829 0.158000 0
-0.035845 -0.029237 0.154000 1
-0.051547 -0.008894 0.174000 0
-0.028917 -0.061600 0.164000 0
0.003090 0.010513 0.164000 0
-0.047557 0.026626 0.179000 0
-0.001935 -0.030161 0.165000 0
-0.013481 -0.051659 0.155000 0
0.008564 -0.043968 0.182000 0
-0.017866 -0.035291 0.152000 0
-0.041338 -0.036696 0.149000 0
0.006107 -0.031217 0.173000 0
-0.051208 0.011961 0.180000 0
-0.033454 -0.041639 0.153000 0
0.001162 0.009741 0.164000 0
-0.002281 -0.056659 0.162000 0
-0.050550 -0.020925 0.172000 0
-0.053593 -0.006030 0.174000 0
-0.046228 -0.020760 0.174000 0
-0.012834 -0.034752 0.156000 0
-0.024192 -0.034821 0.147000 0
-0.043863 -0.019343 0.176000 0
0.010389 -0.018924 0.184000 0
-0.040557 -0.043644 0.150000 0
-0.006203 -0.057708 0.165000 0
-0.024487 0.015904 0.168000 0
-0.026858 -0.057967 0.168000 0
-0.035845 -0.029237 0.154000 1
-0.012587 0.022759 0.153000 0
0.005324 0.000516 0.174000 0
-0.004623 0.011669 0.164000 0
-0.017854 -0.030885 0.155000 1
-0.039499 -0.057464 0.160000 0
-0.008439 -0.047744 0.171000 0
-0.001594 -0.023080 0.170000 0
-0.030413 0.013534 0.168000 0
-0.011513 -0.026653 0.158000 1
0.001169 -0.048008 0.165000 0
-0.029799 0.015602 0.169000 0
-0.055032 -0.040493 0.166000 0
-0.012460 -0.048950 0.171000 0
-0.027335 0.023882 0.151000 0
0.008282 -0.037966 0.176000 0
-0.014668 -0.034385 0.156000 0
-0.038441 -0.039764 0.150000 0
-0.024140 0.024592 0.151000 0
0.011315 -0.016852 0.185000 0
-0.040637 -0.042302 0.149000 0
-0.016700 -0.042018 0.148000 0
0.001169 -0.034041 0.165000 0
-0.002281 -0.055897 0.162000 0
-0.007070 0.005519 0.177000 2
-0.032482 0.027415 0.157000 0
-0.011212 -0.030560 0.159000 0
-0.025367 -0.058058 0.166000 0
-0.048528 -0.051821 0.160000 0
-0.041897 -0.004122 0.180000 0
-0.021073 0.009860 0.166000 2
0.014151 -0.012262 0.188000 0
-0.014024 -0.032021 0.157000 0
0.005324 0.003789 0.174000 0
-0.049624 -0.008030 0.173000 0
-0.037389 0.019807 0.171000 0
-0.044860 -0.052618 0.159000 0
-0.055756 -0.030920 0.167000 0
0.001183 -0.031312 0.167000 0
-0.005039 -0.053828 0.165000 0
-0.014216 0.006424 0.168000 2
0.014528 -0.003966 0.193000 0
-0.012308 -0.035031 0.154000 0
-0.048274 -0.005212 0.174000 0
-0.021135 -0.031613 0.155000 1
0.005416 -0.009048 0.177000 0
-0.002777 -0.024932 0.169000 1
-0.004510 0.018909 0.160000 0
0.006107 -0.031217 0.173000 0
-0.002281 -0.055897 0.162000 0
-0.014292 0.022968 0.152000 0
-0.033454 -0.058907 0.153000 0
0.015115 -0.008772 0.189000 0
-0.027335 0.023882 0.151000 0
-0.011141 -0.028139 0.158000 1
-0.007990 -0.049463 0.170000 0
-0.007614 -0.031137 0.162000 0
0.005766 0.008337 0.175000 0
-0.030886 -0.036834 0.151000 0
-0.001510 -0.048737 0.161000 0
-0.044315 -0.042796 0.152000 0
-0.001935 -0.045292 0.165000 0
-0.010725 -0.061094 0.169000 0
-0.057840 -0.043090 0.164000 0
-0.054642 -0.031905 0.166000 0
-0.054578 -0.026207 0.167000 0
-0.048904 -0.052573 0.160000 0
-0.003212 -0.040104 0.171000 0
0.014904 -0.004397 0.192000 0
-0.048128 0.000109 0.178000 0
-0.043835 -0.025538 0.158000 1
-0.030733 -0.033861 0.152000 0
-0.002990 0.005675 0.182000 0
-0.005977 0.020287 0.159000 0
0.009042 -0.030009 0.183000 0
-0.004454 0.015329 0.158000 0
-0.015973 0.022461 0.151000 0
-0.057840 -0.043090 0.164000 0
-0.054172 -0.048811 0.160000 0
-0.000379 -0.033245 0.163000 0
0.003222 -0.026031 0.171000 0
-0.028045 -0.027247 0.151000 1
-0.037474 -0.052145 0.161000 0
-0.010144 -0.023708 0.166000 1
-0.023430 0.026012 0.151000 0
0.002869 -0.005212 0.174000 0
-0.015618 0.019621 0.151000 0
-0.005102 0.003941 0.181000 2
-0.052055 0.008999 0.180000 0
-0.051547 -0.008894 0.174000 0
-0.056429 -0.050316 0.160000 0
-0.055422 -0.040883 0.166000 0
-0.043348 -0.002416 0.179000 0
-0.044733 -0.041449 0.151000 0
-0.053684 0.004271 0.177000 0
-0.014650 0.021538 0.152000 0
0.002098 -0.016214 0.178000 0
-0.043035 0.010868 0.176000 0
0.002803 -0.023480 0.170000 0
-0.048939 0.003516 0.181000 0
-0.052186 0.000531 0.179000 0
0.007160 -0.052082 0.179000 0
-0.020726 0.027257 0.152000 0
-0.058756 -0.035872 0.170000 0
0.010822 -0.042287 0.184000 0
-0.051547 -0.019123 0.174000 0
-0.044182 -0.017486 0.174000 0
-0.003424 -0.058944 0.162000 0
-0.006241 -0.054545 0.166000 0
-0.003043 -0.055516 0.162000 0
-0.049092 -0.004803 0.174000 0
-0.013821 0.013929 0.168000 0
-0.001994 -0.039070 0.170000 0
-0.020142 0.018275 0.168000 0
-0.023227 -0.046728 0.152000 0
-0.047587 0.014391 0.184000 0
-0.012387 -0.061855 0.170000 0
-0.009836 0.016132 0.155000 0
0.000405 -0.044267 0.170000 0
-0.000813 0.008290 0.174000 0
-0.024140 0.024592 0.151000 0
-0.002990 0.004819 0.182000 0
-0.003805 0.020288 0.162000 0
-0.040204 -0.011741 0.180000 0
-0.029482 -0.061588 0.165000 0
-0.022364 0.025302 0.151000 0
-0.046905 -0.020056 0.175000 0
-0.015618 0.021751 0.151000 0
-0.008066 0.015135 0.156000 0
0.011315 -0.016852 0.185000 0
-0.031175 0.017293 0.170000 0
-0.012178 -0.027591 0.157000 1
0.010389 -0.018924 0.184000 0
-0.010572 0.007022 0.173000 2
-0.050216 0.004793 0.181000 0
0.002361 -0.034846 0.167000 0
-0.008192 -0.059229 0.166000 0
-0.009225 0.023354 0.157000 0
-0.048415 -0.001547 0.176000 0
-0.017603 -0.025582 0.156000 1
-0.040637 -0.042302 0.149000 0
-0.009107 0.015767 0.155000 0
-0.030594 0.016396 0.169000 0
-0.053489 -0.004831 0.175000 0
-0.041263 -0.045055 0.150000 0
-0.051162 -0.054830 0.160000 0
-0.053400 -0.026600 0.167000 0
-0.001510 0.012592 0.161000 0
-0.009081 -0.032459 0.161000 0
-0.048754 -0.026946 0.162000 0
-0.021135 -0.042189 0.145000 0
-0.056805 -0.051068 0.160000 0
-0.017236 -0.055661 0.156000 0
-0.052313 0.000109 0.178000 0
-0.000753 0.015620 0.161000 0
-0.054040 -0.024932 0.169000 0
-0.003212 -0.040506 0.171000 0
-0.048584 -0.022019 0.168000 0
-0.030886 -0.026182 0.151000 1
-0.020726 0.027257 0.152000 0
-0.040674 0.019225 0.173000 0
-0.006979 -0.027057 0.165000 1
-0.041079 -0.029250 0.156000 0
0.005416 -0.018620 0.177000 0
-0.013655 -0.030545 0.157000 1
-0.039722 -0.028333 0.155000 1
-0.041338 -0.036696 0.149000 0
-0.015402 -0.034018 0.156000 0
-0.024819 -0.029047 0.153000 1
-0.034232 -0.057088 0.160000 0
-0.006391 0.011297 0.170000 0
-0.005789 0.009213 0.176000 0
-0.022720 -0.046065 0.151000 0
0.008548 -0.034878 0.173000 0
-0.026980 0.024947 0.151000 0
-0.025391 0.023018 0.150000 0
-0.047681 0.020370 0.169000 0
0.006740 -0.050398 0.179000 0
0.003708 -0.006477 0.175000 0
-0.001265 0.005613 0.180000 0
-0.044366 0.019691 0.170000 0
-0.050898 -0.010238 0.176000 0
-0.000771 0.010577 0.165000 0
-0.014576 -0.023830 0.159000 1
-0.006241 -0.054545 0.166000 0
0.001190 -0.038215 0.168000 0
-0.003551 -0.025179 0.168000 1
-0.008595 -0.049254 0.159000 0
-0.011141 -0.053030 0.158000 0
-0.008738 -0.049967 0.169000 0
-0.054578 -0.037202 0.167000 0
-0.025344 -0.033944 0.154000 1
-0.012308 0.020011 0.154000 0
-0.051354 -0.037844 0.163000 0
-0.010572 0.007022 0.173000 2
-0.035139 -0.050375 0.159000 0
-0.034173 -0.039840 0.153000 0
-0.046283 -0.033436 0.155000 0
-0.019542 -0.060458 0.163000 0
0.006740 -0.050398 0.179000 0
-0.030018 -0.030644 0.152000 1
-0.047284 0.020768 0.169000 0
-0.016587 0.012744 0.168000 2
-0.048754 -0.026946 0.162000 0
-0.050898 -0.002789 0.176000 0
-0.009225 0.022985 0.157000 0
-0.006711 -0.042166 0.168000 0
-0.002744 -0.026600 0.167000 1
-0.016608 -0.024269 0.157000 1
-0.045259 -0.004831 0.175000 0
-0.040733 0.018213 0.175000 0
-0.026258 0.027796 0.153000 0
-0.011658 -0.049940 0.160000 0
-0.031803 -0.058015 0.167000 0
-0.015618 0.021041 0.151000 0
-0.040451 -0.031249 0.155000 0
-0.003137 -0.027385 0.167000 1
-0.009225 0.023354 0.157000 0
-0.047315 -0.034385 0.156000 0
-0.038441 -0.043997 0.150000 0
-0.002281 -0.055897 0.162000 0
-0.052290 -0.048058 0.160000 0
-0.047179 -0.029996 0.158000 0
-0.047477 -0.053740 0.159000 0
-0.022569 0.020902 0.150000 0
0.002869 -0.007258 0.174000 0
-0.027709 0.010641 0.166000 2
-0.047315 -0.056027 0.156000 0
-0.020698 -0.036976 0.142000 0
0.000005 -0.029349 0.167000 0
-0.002281 -0.056659 0.162000 0
-0.047183 -0.021454 0.173000 0
-0.054510 -0.024389 0.168000 0
-0.038292 0.005276 0.183000 0
-0.054905 -0.023994 0.168000 0
-0.020502 -0.026529 0.153000 1
-0.041664 -0.012938 0.179000 0
-0.050320 -0.018714 0.174000 0
0.003645 -0.026588 0.172000 0
-0.053706 -0.044850 0.162000 0
-0.030886 -0.024051 0.151000 1
-0.018337 0.023018 0.150000 0
-0.031448 -0.040652 0.152000 0
0.008092 -0.006699 0.181000 0
-0.013586 -0.049063 0.170000 0
-0.052852 -0.012377 0.177000 0
-0.006591 -0.028609 0.165000 1
-0.015668 -0.050566 0.155000 0
0.004120 -0.017587 0.175000 0
-0.033454 -0.058548 0.153000 0
-0.049106 -0.000724 0.177000 0
0.000795 -0.055597 0.168000 0
-0.052774 0.009926 0.174000 0
-0.051482 -0.043816 0.161000 0
-0.032798 -0.046113 0.150000 0
0.001566 -0.047519 0.166000 0
-0.001900 -0.032279 0.162000 0
-0.048415 -0.012307 0.176000 0
-0.044733 -0.041449 0.151000 0
0.015035 -0.019335 0.188000 0
-0.020589 0.024592 0.151000 0
-0.054623 -0.010652 0.176000 0
-0.027812 0.018781 0.169000 0
-0.040733 0.018213 0.175000 0
-0.038742 -0.033220 0.154000 0
-0.017504 -0.040420 0.146000 0
-0.021985 0.012276 0.167000 2
-0.033813 -0.031925 0.153000 1
-0.014553 0.018911 0.151000 0
-0.045706 0.001803 0.180000 0
-0.046764 0.021690 0.170000 0
-0.046092 0.017986 0.169000 0
-0.030624 0.011883 0.167000 2
-0.043348 -0.009992 0.179000 0
-0.041897 -0.007508 0.180000 0
0.003165 -0.035845 0.168000 0
0.001613 -0.009947 0.171000 0
-0.053598 -0.031135 0.164000 0
-0.042621 -0.024723 0.176000 0
0.012689 -0.014319 0.186000 0
-0.013655 -0.030545 0.157000 1
0.004971 -0.045829 0.176000 0
-0.049624 -0.008030 0.173000 0
-0.049347 -0.055235 0.159000 0
-0.040222 -0.003740 0.182000 0
-0.003781 -0.047980 0.161000 0
-0.056753 -0.048659 0.162000 0
0.006177 0.006691 0.175000 0
-0.022569 0.020549 0.150000 0
-0.049938 0.002227 0.180000 0
-0.041473 -0.008778 0.180000 0
-0.006990 -0.023348 0.175000 1
-0.022592 -0.033071 0.155000 1
-0.012876 -0.049470 0.166000 0
-0.050030 -0.020233 0.173000 0
-0.042674 -0.042938 0.150000 0
-0.043768 0.000531 0.179000 0
-0.051918 0.008623 0.181000 0
-0.041078 0.005675 0.182000 0
-0.038370 -0.055583 0.160000 0
-0.000762 -0.031712 0.163000 0
-0.044361 0.013084 0.178000 0
-0.028231 -0.030287 0.152000 1
-0.004160 -0.047602 0.161000 0
0.005766 0.008337 0.175000 0
-0.010838 -0.026447 0.159000 1
-0.031091 -0.028500 0.152000 1
0.010763 -0.040336 0.183000 0
-0.011658 0.015038 0.155000 0
-0.028685 -0.036895 0.147000 0
0.004073 -0.021861 0.173000 0
-0.004315 -0.028171 0.167000 1
-0.015131 -0.033867 0.157000 0
0.009140 -0.028162 0.185000 0
-0.043243 -0.056378 0.152000 0
-0.009532 -0.064273 0.169000 0
-0.047004 0.017485 0.168000 0
-0.051801 -0.031517 0.162000 0
0.009524 -0.023683 0.184000 0
-0.047728 -0.001950 0.175000 0
-0.047822 0.002650 0.180000 0
-0.050463 0.017986 0.169000 0
-0.039367 0.007815 0.182000 0
-0.006979 -0.027057 0.165000 1
-0.030886 -0.026182 0.151000 1
-0.039669 -0.035058 0.148000 0
-0.032183 0.014410 0.169000 0
-0.021985 0.012276 0.167000 2
0.008844 -0.051661 0.179000 0
-0.026067 0.015114 0.168000 0
-0.002006 -0.042114 0.171000 0
-0.004186 -0.050564 0.162000 0
-0.044460 -0.032707 0.155000 0
0.001190 -0.038215 0.168000 0
0.014593 -0.012704 0.188000 0
-0.008686 -0.036117 0.154000 0
-0.054594 0.010621 0.172000 0
-0.004886 0.019662 0.160000 0
0.006514 -0.036098 0.173000 0
-0.005789 0.010040 0.176000 0
0.009420 0.001823 0.182000 0
-0.024850 -0.026892 0.151000 1
-0.016813 -0.044054 0.149000 0
0.006283 -0.041327 0.178000 0
-0.006311 0.013472 0.158000 0
-0.052436 -0.001972 0.177000 0
-0.005604 -0.035794 0.159000 0
-0.025706 -0.033220 0.154000 1
-0.047315 -0.043556 0.156000 0
0.003687 -0.042444 0.174000 0
-0.043590 0.007306 0.180000 0
-0.059020 -0.049726 0.163000 0
-0.006511 -0.031712 0.163000 0
-0.016136 -0.031451 0.156000 0
-0.028917 -0.061600 0.164000 0
-0.035972 -0.027248 0.153000 1
0.000400 -0.024389 0.168000 0
0.011499 -0.029945 0.188000 0
-0.029839 0.013061 0.167000 2
-0.017377 -0.049153 0.154000 0
-0.002281 -0.055897 0.162000 0
-0.010090 -0.052992 0.159000 0
-0.048274 -0.018305 0.174000 0
-0.011141 -0.029253 0.158000 1
0.000005 -0.048576 0.163000 0
-0.048357 -0.043466 0.157000 0
-0.001510 -0.048737 0.161000 0
-0.040853 -0.006699 0.181000 0
-0.036809 -0.041367 0.152000 0
-0.018167 0.011164 0.168000 2
-0.048225 -0.054114 0.159000 0
-0.039937 -0.041952 0.149000 0
-0.000781 -0.028956 0.167000 0
-0.046637 -0.014772 0.171000 0
-0.041263 -0.045055 0.150000 0
-0.007444 0.005902 0.176000 2
-0.022569 0.021607 0.150000 0
-0.042927 -0.010834 0.179000 0
-0.002986 0.012809 0.159000 0
-0.002006 -0.039702 0.171000 0
-0.010090 -0.052992 0.159000 0
-0.014301 -0.028149 0.156000 1
-0.017854 -0.030885 0.155000 1
-0.040988 -0.036346 0.149000 0
-0.043832 0.006495 0.181000 0
-0.048939 0.003090 0.181000 0
-0.038018 -0.057844 0.154000 0
-0.028057 -0.031206 0.153000 1
-0.053988 -0.000309 0.178000 0
-0.023785 -0.024051 0.151000 1
-0.020807 0.010312 0.167000 2
-0.009107 0.017225 0.155000 0
-0.016291 -0.047343 0.154000 0
-0.024140 -0.024762 0.151000 1
-0.025757 0.012202 0.166000 2
-0.020636 -0.030323 0.154000 1
-0.002777 0.010436 0.169000 0
-0.016684 0.024237 0.151000 0
-0.052365 0.011154 0.174000 0
-0.038624 -0.035406 0.148000 0
0.007160 -0.007466 0.179000 0
-0.010153 -0.031505 0.160000 0
-0.001557 -0.044786 0.166000 0
0.010389 -0.021087 0.184000 0
-0.052055 0.008999 0.180000 0
-0.014393 -0.031283 0.157000 0
0.007708 -0.045251 0.182000 0
-0.026270 0.021751 0.151000 0
-0.013426 -0.049276 0.168000 0
-0.040650 0.003535 0.182000 0
-0.008432 0.019170 0.156000 0
-0.045697 -0.016881 0.172000 0
0.000837 0.004271 0.177000 0
-0.010598 -0.058015 0.167000 0
-0.044460 -0.032707 0.155000 0
0.008548 -0.034878 0.173000 0
-0.004595 -0.059691 0.163000 0
-0.039669 -0.035058 0.148000 0
0.000771 0.013131 0.163000 0
-0.008221 -0.051123 0.159000 0
-0.003508 -0.043225 0.166000 0
-0.016220 0.019138 0.150000 0
-0.027335 0.023882 0.151000 0
-0.013109 0.010436 0.169000 2
-0.048274 -0.008485 0.174000 0
-0.040627 -0.012164 0.180000 0
-0.018689 0.018433 0.150000 0
0.002403 0.019691 0.170000 0
-0.007444 0.005902 0.176000 2
-0.015035 -0.049425 0.156000 0
-0.029111 0.023527 0.151000 0
-0.056880 -0.039005 0.168000 0
-0.006631 -0.055716 0.166000 0
0.011499 -0.027735 0.188000 0
-0.031805 -0.027785 0.152000 1
-0.009283 -0.050430 0.158000 0
-0.038535 -0.037047 0.149000 0
-0.015929 -0.046980 0.154000 0
-0.050924 0.001373 0.179000 0
-0.013506 0.008846 0.169000 2
-0.002990 0.005675 0.182000 0
-0.026625 0.022461 0.151000 0
-0.022033 -0.037643 0.142000 0
-0.022009 0.027787 0.151000 0
-0.014393 -0.031283 0.157000 0
-0.053692 0.009462 0.173000 0
-0.027876 0.014239 0.167000 2
-0.044900 0.019973 0.169000 0
-0.026067 0.015114 0.168000 0
-0.017039 0.024592 0.151000 0
0.013636 -0.022750 0.187000 0
0.014001 -0.031485 0.192000 0
-0.058065 -0.040190 0.168000 0
-0.028607 0.015999 0.169000 0
-0.044766 0.022090 0.170000 0
-0.023020 -0.029407 0.153000 1
-0.051350 -0.025969 0.168000 0
-0.017864 0.021113 0.149000 0
-0.019902 0.009079 0.166000 2
-0.000386 -0.035809 0.166000 0
-0.058253 -0.043210 0.163000 0
0.013636 -0.013516 0.187000 0
0.001992 -0.022547 0.169000 0
-0.052290 -0.048058 0.160000 0
-0.007233 -0.032279 0.162000 0
-0.049501 -0.006030 0.174000 0
-0.000785 -0.027549 0.168000 0
-0.051258 -0.024137 0.169000 0
0.006740 -0.051240 0.179000 0
-0.004595 -0.056625 0.163000 0
-0.045165 -0.022281 0.170000 1
-0.006241 -0.054545 0.166000 0
-0.059020 -0.049726 0.163000 0
-0.008743 -0.035258 0.155000 0
-0.013575 0.014456 0.165000 0
-0.034082 -0.042870 0.151000 0
-0.038725 0.009049 0.181000 0
-0.036094 -0.036720 0.152000 0
-0.050771 0.011730 0.183000 0
-0.009358 0.003941 0.181000 2
-0.054421 -0.043594 0.163000 0
0.015680 0.007249 0.202000 0
-0.040345 0.020276 0.165000 0
-0.001888 -0.049494 0.161000 0
0.000400 -0.024389 0.168000 0
-0.024140 -0.024407 0.151000 1
-0.048452 0.013093 0.184000 0
0.012962 -0.028476 0.190000 0
-0.024300 0.026899 0.152000 0
-0.009758 0.009056 0.173000 2
-0.050550 0.014665 0.172000 0
-0.021722 -0.052050 0.154000 0
-0.025520 0.013846 0.167000 2
-0.020636 -0.050602 0.154000 0
-0.009655 -0.051173 0.158000 0
-0.044096 -0.031249 0.155000 0
-0.026444 -0.029215 0.152000 1
0.005931 -0.048987 0.180000 0
0.000405 -0.044267 0.170000 0
-0.058065 -0.040190 0.168000 0
-0.010838 -0.031682 0.159000 0
-0.022592 -0.033800 0.155000 1
-0.004263 -0.043353 0.165000 0
-0.007990 -0.024679 0.170000 1
-0.044361 -0.001984 0.178000 0
-0.001613 -0.022543 0.172000 1
0.003645 -0.026588 0.172000 0
-0.017125 -0.026875 0.155000 1
-0.048754 -0.026946 0.162000 0
-0.024981 -0.052523 0.161000 0
-0.020698 -0.036976 0.142000 0
0.007120 0.002620 0.178000 0
-0.053861 -0.033857 0.166000 0
-0.042546 -0.030350 0.156000 0
-0.052344 0.006495 0.181000 0
0.006627 0.005074 0.176000 0
-0.041050 -0.012587 0.180000 0
-0.015501 -0.033498 0.157000 0
-0.053983 -0.041162 0.164000 0
-0.017854 -0.027969 0.155000 1
-0.035960 -0.057066 0.161000 0
-0.032163 -0.027070 0.152000 1
-0.050762 -0.021881 0.170000 0
-0.021222 -0.027968 0.153000 1
-0.047284 0.020768 0.169000 0
-0.049967 -0.037759 0.161000 0
-0.006511 -0.032095 0.163000 0
-0.035612 -0.027968 0.153000 1
-0.017161 -0.035957 0.146000 0
-0.049480 0.011300 0.183000 0
0.002403 0.019691 0.170000 0
-0.035612 -0.027608 0.153000 1
0.004886 -0.000707 0.173000 0
-0.022634 0.011812 0.166000 2
0.006664 0.003022 0.177000 0
-0.021073 0.008689 0.166000 2
-0.045960 0.014582 0.181000 0
-0.038640 0.015157 0.173000 0
0.007734 -0.035285 0.173000 0
-0.055300 -0.023204 0.168000 0
-0.045833 -0.015979 0.171000 0
-0.036783 -0.044754 0.149000 0
0.001613 -0.009143 0.171000 0
-0.007473 0.013183 0.159000 0
-0.052182 -0.042183 0.162000 0
-0.025672 0.015509 0.168000 0
-0.007748 0.019662 0.157000 0
-0.045260 -0.056395 0.154000 0
-0.001935 -0.045292 0.165000 0
-0.015618 0.017136 0.151000 0
-0.037656 -0.032134 0.154000 0
-0.028607 0.015999 0.169000 0
0.001968 -0.033276 0.167000 0
-0.040451 -0.031249 0.155000 0
-0.000379 -0.058541 0.163000 0
-0.044944 0.018005 0.177000 0
-0.041380 -0.052949 0.160000 0
-0.017481 -0.037236 0.143000 0
-0.017854 -0.025782 0.155000 1
0.000837 0.004271 0.177000 0
-0.038722 0.006137 0.183000 0
0.003708 -0.005654 0.175000 0
-0.021941 -0.048474 0.153000 0
-0.003403 -0.048359 0.161000 0
-0.030733 -0.041724 0.152000 0
-0.035737 -0.038507 0.152000 0
-0.031805 -0.027785 0.152000 1
-0.039794 -0.007164 0.182000 0
-0.052365 -0.018305 0.174000 0
-0.047183 -0.005589 0.173000 0
-0.003424 -0.058944 0.162000 0
-0.053537 -0.027445 0.165000 0
-0.051631 0.009845 0.180000 0
-0.012314 -0.060299 0.169000 0
-0.011809 -0.034236 0.157000 0
-0.052290 -0.055959 0.160000 0
-0.011950 -0.023808 0.164000 1
-0.034307 -0.041724 0.152000 0
-0.037484 -0.036346 0.149000 0
-0.036332 -0.025809 0.153000 1
-0.005295 0.012213 0.161000 0
-0.045833 -0.015979 0.171000 0
-0.033592 -0.038150 0.152000 0
-0.047428 -0.023037 0.164000 1
-0.007943 -0.024932 0.169000 1
0.001566 -0.056496 0.166000 0
-0.033454 -0.057109 0.153000 0
-0.041338 -0.036696 0.149000 0
-0.026266 -0.036204 0.147000 0
-0.022569 0.021607 0.150000 0
