0.417589 -0.201398 -0.047994 0
-0.611310 0.253719 0.354378 0
-0.127624 0.291315 0.056973 2
-0.303723 0.536919 0.161939 0
0.192454 -0.430733 -0.117971 0
-0.364639 0.292609 0.424356 0
0.353910 -0.212297 -0.100477 0
0.295618 0.087889 0.126951 1
-0.363257 0.505569 0.231917 0
0.191334 -0.205807 -0.240432 0
-0.354125 -0.186231 -0.135466 0
-0.536224 0.171898 0.336884 0
-0.403354 0.190074 0.406861 0
-0.127624 0.291315 0.056973 2
0.018069 0.317189 -0.013005 2
-0.545566 0.218590 0.336884 0
0.038153 -0.469885 -0.100477 0
-0.554174 0.041932 0.231917 0
-0.020016 -0.511435 -0.100477 0
0.048999 -0.268507 -0.135466 0
0.001782 -0.473647 -0.065488 0
0.304051 -0.252062 -0.135466 0
0.283512 -0.271569 -0.152960 0
0.393115 0.050311 0.091962 1
0.216299 0.016722 -0.082983 1
0.095237 -0.287943 -0.152960 0
0.553329 -0.145819 -0.100477 0
-0.517838 -0.027241 0.214423 0
0.066284 0.429468 -0.030499 0
-0.638952 0.311958 0.336884 0
0.018559 -0.456870 -0.065488 0
0.314250 0.321930 0.091962 2
0.074716 -0.194715 -0.222938 0
-0.024512 0.351251 -0.013005 2
0.378087 -0.433060 -0.135466 0
-0.015993 0.402334 -0.013005 0
0.377195 -0.241950 -0.170455 0
-0.136354 -0.071030 -0.100477 1
0.094712 -0.176696 -0.013005 0
0.071830 -0.403791 -0.047994 0
0.018559 -0.456870 -0.065488 0
-0.204443 -0.116550 -0.117971 0
-0.308884 0.489684 0.074467 0
-0.508968 -0.064942 0.179434 0
0.255171 -0.167354 -0.205444 0
-0.575832 0.515541 0.529322 0
-0.099091 0.426284 0.004490 0
0.097721 0.280836 0.004490 2
0.712738 0.161209 -0.047994 0
-0.050054 0.453418 -0.013005 0
-0.087072 -0.119787 -0.170455 0
-0.277622 -0.154128 -0.100477 0
0.523886 -0.028134 -0.030499 0
0.134232 -0.239921 -0.205444 0
0.357199 -0.287943 -0.152960 0
0.085703 -0.406521 -0.065488 0
0.208986 -0.422476 -0.117971 0
-0.462975 -0.335738 0.249412 0
-0.023393 0.524970 -0.065488 0
0.005228 -0.191549 -0.205444 0
0.477158 0.022583 0.144445 0
-0.591104 0.118015 0.266906 0
-0.121711 -0.196395 -0.187949 0
0.099401 0.467659 -0.082983 0
-0.460369 0.095062 0.406861 0
-0.003397 -0.287086 -0.100477 0
-0.064854 0.315055 0.004490 2
-0.151120 -0.450921 -0.082983 0
0.208951 0.058359 0.004490 1
0.216299 0.025067 -0.082983 1
-0.202746 -0.139661 -0.187949 0
0.586253 -0.192966 -0.047994 0
-0.278112 0.386887 0.144445 0
-0.159482 -0.016675 -0.082983 1
0.219395 -0.161144 -0.257927 0
-0.638952 0.265283 0.336884 0
-0.431870 -0.138418 0.039478 0
0.410644 0.041547 0.091962 1
0.692287 0.108585 -0.082983 0
0.167979 0.353210 -0.030499 0
-0.098916 -0.431695 -0.065488 0
-0.003397 -0.087650 -0.100477 1
0.483806 -0.379212 -0.222938 0
-0.024512 0.351251 -0.013005 2
-0.169594 -0.461576 -0.100477 0
0.040357 -0.220695 -0.187949 0
-0.247181 -0.128639 -0.135466 0
0.204332 -0.370185 -0.100477 0
0.295828 -0.515336 -0.135466 0
-0.517505 0.141178 0.354378 0
-0.451201 0.211453 0.389367 0
0.450496 0.063257 0.214423 0
0.499656 0.010249 0.161939 0
0.522066 -0.062458 -0.065488 0
-0.489532 0.321300 0.336884 0
-0.546301 0.498169 0.494334 0
0.183269 0.280836 0.004490 2
-0.305875 -0.271569 -0.152960 0
0.122843 -0.226818 -0.222938 0
-0.067076 0.436396 -0.013005 0
-0.582672 0.323225 0.319389 0
0.027079 -0.017322 -0.117971 1
0.123386 0.297945 0.004490 2
0.389948 -0.476218 -0.152960 0
0.057239 -0.284969 -0.135466 0
0.384437 -0.013788 0.021984 1
0.357199 -0.296131 -0.152960 0
-0.580695 -0.011129 0.179434 0
-0.144664 0.460783 -0.100477 0
0.205662 0.062348 0.074467 1
0.097721 0.280836 0.004490 2
0.353910 -0.212297 -0.100477 0
-0.166060 -0.406521 -0.065488 0
0.443918 -0.293192 -0.135466 0
0.405256 0.072319 0.214423 1
0.063397 -0.370062 -0.047994 0
-0.545566 0.311958 0.336884 0
0.327003 0.073404 0.109456 1
-0.090536 -0.372949 -0.065488 0
0.673131 0.138938 -0.065488 0
-0.264956 -0.173337 -0.152960 0
-0.230317 0.048142 -0.030499 1
-0.647209 0.130786 0.301895 0
0.094082 -0.414918 -0.065488 0
-0.451201 0.476371 0.389367 0
0.585431 -0.001524 0.004490 0
0.157850 0.400847 -0.082983 0
-0.292667 0.273628 0.196928 2
-0.268017 0.367311 0.161939 0
-0.341371 -0.108643 -0.047994 0
-0.517348 0.483474 0.424356 0
-0.205755 0.404154 0.056973 0
0.410644 0.041547 0.091962 1
-0.146029 0.508648 -0.187949 0
-0.107313 -0.389743 -0.065488 0
0.157272 -0.445586 -0.170455 0
-0.657618 0.190564 0.336884 0
-0.047343 -0.488622 -0.117971 0
-0.064854 0.315055 0.004490 2
-0.349191 0.031470 0.144445 1
-0.259095 0.526755 0.039478 0
0.254191 -0.037790 -0.100477 1
0.109757 0.040550 -0.117971 1
-0.111425 -0.062720 -0.100477 1
0.084950 -0.033854 -0.117971 1
0.109757 -0.066936 -0.117971 1
-0.069875 -0.453266 -0.100477 0
0.035354 0.483019 -0.065488 0
0.409769 -0.168194 -0.013005 0
0.131276 -0.054603 -0.135466 0
-0.157662 -0.423298 -0.065488 0
-0.022535 -0.108276 -0.117971 0
0.166159 0.306500 0.004490 2
0.381761 -0.369800 -0.152960 0
0.435311 -0.100071 -0.013005 0
-0.535979 0.069205 0.231917 0
0.481514 -0.078972 -0.030499 0
0.105191 -0.471915 -0.187949 0
-0.223319 0.000995 -0.047994 1
0.004913 -0.012861 -0.100477 1
-0.086495 -0.303706 -0.100477 0
0.080262 0.397331 -0.047994 0
0.398118 -0.377987 -0.152960 0
0.119274 0.415875 -0.065488 0
-0.144996 0.308669 0.056973 2
-0.029358 -0.445953 -0.047994 0
-0.581447 0.060108 0.231917 0
-0.127624 0.317346 0.056973 2
-0.238784 -0.028134 -0.030499 1
-0.361770 0.374868 0.266906 0
0.384228 -0.151154 -0.013005 0
0.398118 -0.377987 -0.152960 0
0.409769 -0.185216 -0.013005 0
-0.079952 -0.420656 -0.047994 0
0.266857 -0.414201 -0.117971 0
-0.128044 -0.004551 -0.100477 1
-0.121711 -0.139661 -0.187949 0
-0.344993 -0.182697 -0.117971 0
-0.046223 0.481672 -0.047994 0
0.464562 -0.087440 -0.030499 0
0.362884 -0.121344 -0.030499 0
0.001047 0.444916 -0.013005 0
0.550337 -0.066779 -0.082983 0
-0.098916 -0.431695 -0.065488 0
0.515646 -0.282677 -0.170455 0
-0.130021 -0.463815 -0.117971 0
-0.138296 -0.331522 -0.117971 0
-0.063875 -0.050386 -0.117971 1
0.197090 -0.301414 -0.135466 0
-0.206052 -0.234830 -0.222938 0
-0.138296 -0.331522 -0.117971 0
0.398118 -0.451656 -0.152960 0
0.269097 0.096742 0.126951 1
0.254279 0.282638 0.056973 2
0.299939 -0.240568 -0.117971 0
0.677977 0.078530 -0.100477 0
0.066284 -0.400992 -0.030499 0
0.365753 0.269114 0.161939 0
-0.490039 -0.013858 0.284400 0
-0.101593 0.247911 0.056973 2
-0.470865 0.349326 0.336884 0
-0.128044 -0.046100 -0.100477 1
0.700649 0.091878 -0.082983 0
0.196022 -0.336945 -0.100477 0
0.442886 -0.117075 -0.047994 0
0.520089 -0.087650 -0.100477 0
-0.033015 0.342731 -0.013005 2
-0.282555 -0.201241 -0.170455 0
0.087994 -0.087650 -0.100477 1
0.512724 -0.214257 -0.152960 0
0.060651 0.257568 -0.013005 2
-0.086495 -0.303706 -0.100477 0
0.082694 0.492711 -0.082983 0
0.057642 0.526107 -0.082983 0
-0.452846 -0.008050 0.301895 0
0.369865 -0.531781 -0.135466 0
0.269097 0.096742 0.126951 1
0.147738 -0.087510 -0.135466 0
0.187013 -0.218788 -0.222938 0
0.385330 -0.250103 -0.170455 0
0.681528 0.067001 0.144445 0
-0.245904 0.053216 -0.013005 1
-0.007473 -0.415128 -0.013005 0
0.035109 0.325691 -0.013005 2
-0.372144 -0.082559 0.021984 0
0.304051 -0.444956 -0.100477 0
0.147930 -0.184954 -0.257927 0
0.556250 -0.116550 -0.117971 0
-0.460666 0.239846 0.389367 0
0.066284 0.429468 -0.030499 0
0.084950 -0.009047 -0.117971 1
-0.119734 0.020379 -0.100477 1
-0.252780 -0.207679 -0.205444 0
0.242050 -0.546493 -0.117971 0
0.205399 0.342731 -0.013005 0
-0.084326 -0.442559 -0.082983 0
0.239059 0.453471 -0.205444 0
-0.480207 0.339984 0.336884 0
0.027079 0.040550 -0.117971 1
-0.162228 -0.204495 -0.187949 0
0.373573 -0.353425 -0.152960 0
-0.394852 -0.041044 0.109456 0
-0.479787 0.232673 0.371873 0
0.074349 -0.108538 -0.082983 0
-0.087072 -0.217528 -0.170455 0
0.406305 -0.443469 -0.152960 0
0.102480 -0.431695 -0.065488 0
0.240546 0.236767 0.074467 2
0.057239 -0.284969 -0.135466 0
-0.211458 0.286889 0.091962 2
-0.180213 0.501843 -0.205444 0
-0.457797 -0.086582 0.039478 0
0.225518 -0.348054 -0.117971 0
0.084950 -0.323247 -0.117971 0
-0.146029 0.508648 -0.187949 0
-0.114224 0.398905 0.021984 0
0.299520 -0.015887 -0.047994 1
-0.153674 0.273943 0.056973 2
0.188867 -0.531781 -0.135466 0
0.137294 0.249066 -0.013005 2
0.018069 0.317189 -0.013005 2
0.168924 0.530674 -0.152960 0
0.547241 -0.028886 -0.065488 0
-0.123776 -0.112194 -0.135466 0
-0.545322 0.363934 0.284400 0
0.677977 0.078530 -0.100477 0
-0.072150 0.065357 -0.117971 1
-0.403354 0.532178 0.406861 0
-0.041534 0.410854 -0.013005 0
0.525582 -0.027084 0.126951 0
0.445563 -0.415198 -0.187949 0
-0.450869 0.503662 0.406861 0
0.504554 -0.304301 -0.152960 0
0.009549 0.359753 -0.013005 0
0.197999 -0.266390 -0.170455 0
0.084950 -0.033854 -0.117971 1
-0.101593 0.265266 0.056973 2
-0.576042 0.534190 0.546817 0
0.435311 -0.176696 -0.013005 0
-0.138296 -0.331522 -0.117971 0
-0.201224 -0.434214 -0.082983 0
0.074349 -0.108538 -0.082983 0
0.103424 0.506111 -0.152960 0
-0.184534 -0.091831 -0.082983 1
0.071375 0.510625 -0.100477 0
0.112924 0.485713 -0.100477 0
0.006960 0.285419 -0.030499 2
0.114009 0.372034 -0.047994 0
0.040777 0.027674 -0.135466 1
0.406078 -0.034746 0.039478 1
0.068418 -0.314990 -0.117971 0
0.203510 -0.089679 -0.257927 0
0.140985 0.515523 -0.170455 0
-0.293664 -0.060656 0.039478 1
-0.119734 0.028688 -0.100477 1
-0.330437 -0.222444 -0.152960 0
0.275342 -0.287943 -0.152960 0
0.066284 -0.451831 -0.030499 0
-0.508636 -0.372267 0.249412 0
0.147738 -0.095732 -0.135466 0
0.145796 0.274608 -0.013005 2
0.099401 -0.417507 -0.082983 0
0.390438 0.200571 0.266906 0
-0.047343 -0.488622 -0.117971 0
-0.331662 0.267452 0.319389 2
0.365753 0.269114 0.161939 0
0.035354 0.499796 -0.065488 0
0.147930 -0.184954 -0.257927 0
0.152829 0.390701 -0.065488 0
-0.517505 0.403786 0.354378 0
-0.293664 -0.060656 0.039478 1
-0.166060 -0.414918 -0.065488 0
0.157605 0.289390 0.004490 2
-0.292667 0.300657 0.196928 2
-0.186213 -0.112579 -0.100477 0
-0.277622 -0.154128 -0.100477 0
-0.581937 0.347349 0.266906 0
0.092106 -0.461873 -0.170455 0
-0.115711 -0.440092 -0.065488 0
0.378087 -0.416597 -0.135466 0
-0.362767 -0.069298 0.039478 0
0.070675 -0.271569 -0.152960 0
-0.211458 0.286889 0.091962 2
0.448520 -0.069980 0.004490 0
0.004371 -0.454385 -0.047994 0
-0.415128 -0.073969 0.021984 0
0.035354 -0.488622 -0.117971 0
0.154473 0.452473 -0.100477 0
-0.035744 -0.230632 -0.152960 0
-0.452846 -0.008050 0.301895 0
0.009549 0.359753 -0.013005 0
-0.363187 -0.206069 -0.152960 0
-0.279249 0.061350 0.126951 1
0.443918 -0.293192 -0.135466 0
0.171093 -0.328635 -0.100477 0
0.227128 -0.202745 -0.222938 0
0.112924 0.485713 -0.100477 0
0.576649 -0.240533 -0.257927 0
0.268834 0.049804 0.004490 1
-0.260337 0.271371 0.144445 2
0.445563 -0.350363 -0.187949 0
-0.078185 -0.312016 -0.100477 0
0.079597 -0.181857 -0.240432 0
0.147738 -0.087510 -0.135466 0
-0.119734 0.020379 -0.100477 1
-0.602248 0.298610 0.371873 0
0.468516 0.051641 0.179434 0
-0.205755 0.404154 0.056973 0
-0.292667 0.300657 0.196928 2
0.344603 -0.478160 -0.170455 0
0.295741 -0.453266 -0.100477 0
-0.546301 0.498169 0.494334 0
-0.167827 -0.442559 -0.082983 0
0.005228 -0.191549 -0.205444 0
-0.451866 0.356901 0.354378 0
-0.204443 -0.116550 -0.117971 0
-0.675638 0.323225 0.319389 0
0.266857 -0.405943 -0.117971 0
0.154473 -0.361875 -0.100477 0
-0.245904 0.053216 -0.013005 1
0.084950 -0.033854 -0.117971 1
0.104614 -0.079340 -0.100477 1
-0.460369 0.095062 0.406861 0
-0.465564 -0.072359 0.091962 0
-0.080407 -0.033854 -0.117971 1
-0.280088 -0.169786 -0.135466 0
0.279121 -0.436646 -0.100477 0
0.523886 -0.028134 -0.030499 0
-0.126067 -0.375765 -0.082983 0
-0.221832 -0.070505 -0.030499 1
0.024245 -0.083486 -0.082983 1
0.199731 -0.140588 -0.275421 0
0.312273 -0.260285 -0.135466 0
0.109757 0.048824 -0.117971 1
-0.292667 0.273628 0.196928 2
0.515646 -0.290830 -0.170455 0
-0.591682 0.158550 0.301895 0
0.052131 0.249066 -0.013005 2
-0.517768 0.029546 0.249412 0
-0.319171 -0.170748 -0.100477 0
0.151097 -0.314990 -0.117971 0
-0.170328 -0.285529 -0.187949 0
0.482214 0.278299 0.231917 0
-0.260337 0.271371 0.144445 2
-0.128044 -0.004551 -0.100477 1
0.060651 0.257568 -0.013005 2
-0.591682 0.167804 0.301895 0
-0.394852 -0.041044 0.109456 0
-0.360423 0.444601 0.091962 0
-0.010902 -0.183484 -0.205444 0
-0.151120 -0.459266 -0.082983 0
0.184179 -0.050386 -0.117971 1
0.212485 0.295723 0.021984 2
-0.090869 -0.465967 -0.135466 0
-0.063875 0.015760 -0.117971 1
-0.675638 0.323225 0.319389 0
-0.144664 0.012069 -0.100477 1
-0.099091 -0.095732 -0.135466 0
-0.060831 0.463372 -0.030499 0
-0.323475 0.503575 0.126951 0
-0.441370 0.161576 0.406861 0
0.316262 -0.263381 -0.152960 0
0.447610 -0.155231 -0.030499 0
-0.090869 -0.465967 -0.135466 0
0.586568 -0.046100 -0.100477 0
0.289005 0.065637 0.056973 1
0.063397 -0.370062 -0.047994 0
-0.071520 -0.429088 -0.047994 0
-0.119665 0.531811 -0.170455 0
0.137294 0.249066 -0.013005 2
0.345932 -0.095924 -0.030499 0
0.750386 0.138361 -0.013005 0
0.203510 -0.089679 -0.257927 0
0.225518 -0.348054 -0.117971 0
-0.374191 0.092193 0.424356 1
0.409769 -0.185216 -0.013005 0
0.134232 -0.239921 -0.205444 0
0.048999 -0.268507 -0.135466 0
0.378087 -0.416597 -0.135466 0
0.603188 -0.029481 -0.100477 0
0.238237 -0.309654 -0.135466 0
0.393027 -0.048165 0.021984 0
0.336958 -0.523558 -0.135466 0
0.347909 0.242330 0.161939 2
0.167979 0.353210 -0.030499 0
0.188867 0.488389 -0.135466 0
0.360890 -0.461873 -0.170455 0
-0.231751 -0.083346 -0.047994 1
-0.403354 0.190074 0.406861 0
0.060651 0.274608 -0.013005 2
-0.223319 0.043156 -0.047994 1
0.430675 -0.129811 -0.030499 0
0.179403 0.427544 -0.100477 0
-0.563253 0.051011 0.231917 0
0.426057 -0.412994 -0.170455 0
0.324869 -0.192039 -0.082983 0
0.171093 0.444164 -0.100477 0
0.651000 0.090514 -0.030499 0
-0.318751 0.352860 0.214423 2
0.504799 -0.030968 0.021984 0
-0.657041 0.351111 0.319389 0
-0.216409 0.038240 -0.065488 1
-0.517768 -0.427059 0.249412 0
-0.162228 -0.204495 -0.187949 0
0.304051 -0.482411 -0.135466 0
0.414493 -0.459844 -0.152960 0
-0.389919 -0.006983 0.249412 1
-0.461523 0.377335 0.336884 0
0.539963 -0.242860 -0.222938 0
-0.033015 0.342731 -0.013005 2
0.137853 -0.378494 -0.100477 0
-0.362365 -0.235600 -0.135466 0
-0.290708 -0.241950 -0.170455 0
0.495177 -0.095959 -0.100477 0
0.520089 -0.087650 -0.100477 0
-0.396741 0.471980 0.319389 0
-0.293664 -0.052031 0.039478 1
0.377195 -0.241950 -0.170455 0
-0.086495 0.070220 -0.100477 1
-0.109378 0.075171 -0.082983 1
0.145709 -0.253112 -0.187949 0
-0.591104 0.118015 0.266906 0
-0.555031 0.225588 0.354378 0
0.106591 -0.301414 -0.135466 0
0.084950 -0.033854 -0.117971 1
0.005228 -0.191549 -0.205444 0
-0.006616 0.508193 -0.065488 0
-0.260862 0.072145 0.266906 1
-0.268017 0.367311 0.161939 0
-0.610191 0.149295 0.301895 0
0.567027 -0.208746 -0.082983 0
-0.461243 0.431935 0.354378 0
0.100258 -0.518887 -0.170455 0
-0.489532 0.321300 0.336884 0
0.393027 -0.048165 0.021984 0
-0.086495 0.494005 -0.100477 0
-0.449522 -0.091148 0.021984 0
0.104614 -0.079340 -0.100477 1
-0.044946 -0.046100 -0.100477 1
0.275132 -0.538236 -0.117971 0
-0.292667 0.273628 0.196928 2
0.233793 -0.356329 -0.117971 0
-0.090869 -0.465967 -0.135466 0
0.199609 0.033429 -0.082983 1
0.373993 0.084443 0.196928 1
0.381761 -0.369800 -0.152960 0
-0.462678 -0.404876 0.266906 0
-0.489217 0.176149 0.371873 0
0.197999 -0.266390 -0.170455 0
-0.576042 0.534190 0.546817 0
-0.001507 -0.367088 -0.030499 0
-0.610191 0.149295 0.301895 0
0.080262 0.397331 -0.047994 0
-0.499381 0.081312 0.266906 0
0.196022 -0.021171 -0.100477 1
0.356831 0.251270 0.161939 2
-0.675638 0.323225 0.319389 0
0.364984 0.228580 0.196928 2
-0.309899 0.030910 0.056973 1
-0.545322 0.363934 0.284400 0
-0.011706 -0.095959 -0.100477 0
-0.462678 -0.404876 0.266906 0
0.264076 0.347314 0.021984 0
0.504554 -0.304301 -0.152960 0
-0.177903 -0.104269 -0.100477 0
0.137853 -0.378494 -0.100477 0
0.122843 -0.226818 -0.222938 0
0.114813 -0.038140 -0.135466 1
0.023912 0.421001 -0.030499 0
0.219098 -0.082419 -0.222938 0
0.139988 -0.169069 -0.257927 0
-0.191234 -0.087632 -0.065488 1
0.324449 -0.500781 -0.152960 0
-0.247181 -0.128639 -0.135466 0
0.194798 0.046638 -0.065488 1
0.515646 -0.290830 -0.170455 0
-0.199614 0.013066 -0.065488 1
-0.277622 -0.154128 -0.100477 0
-0.287331 -0.078535 0.004490 1
-0.275802 0.320670 0.179434 2
0.460363 -0.326099 -0.135466 0
0.535642 -0.041184 -0.047994 0
-0.576042 0.534190 0.546817 0
-0.041499 -0.252062 -0.135466 0
0.401022 0.255609 0.196928 0
-0.341371 -0.108643 -0.047994 0
-0.206052 -0.234830 -0.222938 0
0.417904 -0.388571 -0.170455 0
-0.629155 0.174469 0.319389 0
0.052131 -0.179950 -0.065488 0
0.369865 -0.441282 -0.135466 0
0.258600 -0.397668 -0.117971 0
0.603188 0.003759 -0.100477 0
-0.555031 0.244342 0.354378 0
0.419234 -0.515336 -0.135466 0
0.048999 -0.515336 -0.135466 0
0.242050 -0.339797 -0.117971 0
-0.277622 -0.154128 -0.100477 0
-0.257836 0.430186 0.056973 0
0.371019 -0.205125 -0.065488 0
0.381761 -0.369800 -0.152960 0
-0.394852 -0.041044 0.109456 0
-0.368435 0.434332 0.109456 0
-0.310686 0.066424 0.196928 1
-0.364639 0.292609 0.424356 0
0.264076 0.347314 0.021984 0
-0.572350 0.023737 0.231917 0
-0.268979 0.459086 0.021984 0
-0.180213 -0.175419 -0.205444 0
-0.008260 -0.212595 -0.187949 0
0.079684 0.070220 -0.100477 1
0.066284 -0.451831 -0.030499 0
-0.171028 0.299992 0.056973 2
0.293764 0.060283 0.039478 1
0.636427 -0.004551 -0.100477 0
-0.192879 -0.384110 -0.082983 0
0.262904 -0.079287 -0.135466 0
-0.044946 -0.046100 -0.100477 1
-0.113611 -0.172078 -0.187949 0
0.035354 0.499796 -0.065488 0
-0.119665 -0.225663 -0.170455 0
-0.508968 -0.064942 0.179434 0
-0.517768 0.011281 0.249412 0
0.531933 -0.234830 -0.222938 0
-0.370587 -0.252062 -0.135466 0
0.227128 -0.202745 -0.222938 0
0.114009 0.372034 -0.047994 0
-0.498629 0.147895 0.371873 0
0.308197 -0.563043 -0.117971 0
-0.318751 0.352860 0.214423 2
0.287098 -0.037283 -0.065488 1
0.193818 0.084443 0.196928 0
0.349554 -0.414201 -0.117971 0
0.109757 -0.066936 -0.117971 1
0.134232 -0.239921 -0.205444 0
-0.282555 -0.201241 -0.170455 0
0.066284 -0.400992 -0.030499 0
0.513354 -0.002172 0.179434 0
-0.094962 0.284877 0.039478 2
-0.090536 -0.372949 -0.065488 0
0.327003 0.073404 0.109456 1
-0.081964 0.392065 0.004490 0
0.430675 -0.112877 -0.030499 0
-0.465564 -0.072359 0.091962 0
0.384437 -0.013788 0.021984 1
0.458631 -0.347844 -0.170455 0
-0.424715 -0.117093 -0.013005 0
0.504397 0.033709 0.179434 0
-0.394852 -0.041044 0.109456 0
0.004913 -0.012861 -0.100477 1
-0.450204 0.118067 0.441850 0
-0.463553 -0.045331 0.214423 0
0.156170 0.363602 -0.047994 0
-0.359058 -0.163156 -0.065488 0
0.477158 0.022583 0.144445 0
0.567027 -0.208746 -0.082983 0
0.371352 -0.104392 -0.030499 0
0.093225 0.065357 -0.117971 1
-0.142162 0.489737 -0.152960 0
0.653712 0.144344 -0.047994 0
-0.319643 0.081959 0.371873 1
0.464562 -0.087440 -0.030499 0
0.357199 -0.296131 -0.152960 0
0.517518 -0.016535 0.161939 0
0.145796 0.257568 -0.013005 2
0.070675 -0.271569 -0.152960 0
0.144361 -0.533513 -0.152960 0
0.238237 -0.309654 -0.135466 0
0.203178 0.038240 -0.065488 1
-0.101593 0.247911 0.056973 2
0.230574 -0.258255 -0.170455 0
-0.193946 0.330695 0.091962 2
-0.368435 0.460748 0.109456 0
0.477158 0.022583 0.144445 0
-0.554174 0.041932 0.231917 0
0.193468 -0.279756 -0.152960 0
0.157850 0.400847 -0.082983 0
-0.303723 0.536919 0.161939 0
0.084950 -0.009047 -0.117971 1
-0.098916 -0.431695 -0.065488 0
-0.647209 0.130786 0.301895 0
0.084950 -0.009047 -0.117971 1
-0.563253 0.051011 0.231917 0
0.428051 0.273628 0.196928 0
-0.003397 -0.087650 -0.100477 1
0.531933 -0.234830 -0.222938 0
-0.479787 0.232673 0.371873 0
-0.206052 -0.234830 -0.222938 0
-0.361770 0.374868 0.266906 0
-0.098916 -0.431695 -0.065488 0
-0.167827 -0.442559 -0.082983 0
0.094082 0.441050 -0.065488 0
-0.146029 0.508648 -0.187949 0
0.393150 0.022233 0.056973 1
0.324449 -0.492593 -0.152960 0
0.367118 0.039587 0.056973 1
0.450496 0.063257 0.214423 0
0.310314 0.332707 0.074467 2
0.146163 -0.386804 -0.100477 0
-0.498629 0.147895 0.371873 0
0.197999 -0.266390 -0.170455 0
0.531933 -0.234830 -0.222938 0
0.074349 -0.108538 -0.082983 0
-0.046223 0.481672 -0.047994 0
-0.331662 0.267452 0.319389 2
0.080594 0.306500 0.004490 2
-0.305875 -0.197882 -0.152960 0
0.636427 0.028688 -0.100477 0
0.018559 0.516573 -0.065488 0
-0.462398 0.069066 0.284400 0
0.212642 0.003759 -0.100477 1
0.614017 -0.009397 0.126951 0
-0.163103 0.544932 -0.117971 0
0.357199 -0.279756 -0.152960 0
0.139988 -0.169069 -0.257927 0
0.262904 -0.079287 -0.135466 0
0.312028 0.005771 -0.030499 1
-0.451201 0.211453 0.389367 0
0.035354 -0.000790 -0.117971 1
0.101500 -0.050386 -0.117971 1
-0.442104 0.072529 0.371873 0
-0.648276 0.246599 0.336884 0
0.393027 -0.056772 0.021984 0
0.144361 -0.533513 -0.152960 0
0.156170 0.363602 -0.047994 0
0.275342 -0.296131 -0.152960 0
0.327003 0.073404 0.109456 1
-0.572350 0.105559 0.231917 0
-0.452846 -0.008050 0.301895 0
0.500408 0.305573 0.231917 0
-0.574397 0.427649 0.406861 0
0.419199 -0.012476 0.056973 1
-0.105616 0.347314 0.021984 2
0.147738 -0.095732 -0.135466 0
0.145709 -0.253112 -0.187949 0
-0.406031 0.007135 0.319389 1
0.187713 0.012069 -0.100477 1
0.101500 0.015760 -0.117971 1
0.094082 0.441050 -0.065488 0
-0.112247 0.336713 0.039478 2
0.035354 -0.000790 -0.117971 1
-0.374191 0.178073 0.424356 0
0.706685 0.130558 -0.065488 0
0.443918 -0.293192 -0.135466 0
-0.024512 0.351251 -0.013005 2
-0.342893 0.427072 0.091962 0
0.376128 0.179648 0.284400 0
0.094082 0.441050 -0.065488 0
-0.053256 -0.029481 -0.100477 1
0.238237 -0.309654 -0.135466 0
-0.238784 -0.028134 -0.030499 1
0.092106 -0.461873 -0.170455 0
0.373573 -0.230632 -0.152960 0
-0.325504 -0.146378 -0.065488 0
0.279121 -0.436646 -0.100477 0
-0.268017 0.331604 0.161939 2
0.106591 -0.301414 -0.135466 0
0.457074 -0.078535 0.004490 0
0.060651 0.240546 -0.013005 2
-0.041534 0.410854 -0.013005 0
0.212642 0.003759 -0.100477 1
0.535642 -0.041184 -0.047994 0
0.275132 -0.538236 -0.117971 0
0.373573 -0.353425 -0.152960 0
0.196022 0.419234 -0.100477 0
0.117123 -0.146763 -0.030499 0
0.250780 -0.312488 -0.152960 0
-0.363257 0.505569 0.231917 0
-0.276380 0.449010 0.039478 0
-0.451201 0.476371 0.389367 0
-0.489532 0.321300 0.336884 0
-0.212455 -0.231856 -0.205444 0
-0.627808 0.090479 0.266906 0
0.066284 -0.451831 -0.030499 0
-0.304756 0.529047 0.144445 0
0.485048 -0.176101 -0.047994 0
0.439055 -0.279756 -0.152960 0
-0.536224 0.171898 0.336884 0
-0.128044 -0.004551 -0.100477 1
0.207184 0.070203 0.126951 0
-0.601269 0.202373 0.319389 0
-0.006003 0.073632 -0.117971 1
0.063397 -0.370062 -0.047994 0
0.295828 -0.515336 -0.135466 0
0.320495 -0.383690 -0.135466 0
0.308197 -0.563043 -0.117971 0
0.405256 0.072319 0.214423 1
-0.184534 -0.392455 -0.082983 0
-0.202746 -0.155878 -0.187949 0
0.010547 0.065357 -0.117971 1
0.063642 -0.165902 -0.240432 0
-0.425992 -0.037948 0.266906 0
0.109757 -0.025597 -0.117971 1
-0.107313 -0.103972 -0.135466 0
-0.517768 0.029546 0.249412 0
-0.337715 0.516870 0.196928 0
-0.043931 -0.107838 -0.152960 0
0.355974 0.219570 0.196928 2
-0.460666 0.220917 0.389367 0
0.184179 -0.050386 -0.117971 1
-0.595426 0.525338 0.529322 0
0.194798 0.046638 -0.065488 1
-0.223319 0.043156 -0.047994 1
0.642183 0.066826 -0.082983 0
0.356831 0.251270 0.161939 2
-0.087072 -0.119787 -0.170455 0
-0.421461 0.098911 0.441850 0
0.079597 -0.181857 -0.240432 0
-0.282555 -0.274543 -0.170455 0
-0.194646 -0.172078 -0.187949 0
-0.372354 0.387394 0.231917 0
0.167647 -0.033854 -0.117971 1
-0.431870 -0.138418 0.039478 0
-0.363187 -0.206069 -0.152960 0
-0.379352 -0.064557 0.056973 0
0.520912 -0.206069 -0.152960 0
-0.230317 0.048142 -0.030499 1
-0.112247 0.336713 0.039478 2
0.390438 0.200571 0.266906 0
-0.287331 -0.078535 0.004490 1
-0.193946 0.330695 0.091962 2
0.477158 0.022583 0.144445 0
-0.151120 -0.459266 -0.082983 0
-0.166725 -0.312488 -0.152960 0
0.450496 -0.225663 -0.170455 0
-0.066184 -0.474189 -0.135466 0
0.512724 -0.214257 -0.152960 0
0.060651 0.351251 -0.013005 0
-0.134430 0.041774 -0.082983 1
-0.062650 -0.111634 -0.170455 0
-0.490197 -0.028763 0.266906 0
-0.041534 0.410854 -0.013005 0
0.077305 -0.372949 -0.065488 0
-0.115711 -0.440092 -0.065488 0
-0.325504 -0.146378 -0.065488 0
-0.107313 -0.389743 -0.065488 0
0.079684 -0.345255 -0.100477 0
-0.028326 -0.062720 -0.100477 1
0.196022 -0.029481 -0.100477 1
-0.176172 0.450951 -0.082983 0
-0.399610 -0.021713 0.231917 1
0.001047 0.368273 -0.013005 0
0.054755 -0.062720 -0.100477 1
0.522066 -0.062458 -0.065488 0
-0.166060 -0.414918 -0.065488 0
0.308074 -0.345238 -0.152960 0
0.109757 -0.066936 -0.117971 1
-0.178446 0.541065 -0.187949 0
-0.470130 0.277687 0.389367 0
0.619808 -0.021171 -0.100477 0
0.525582 -0.027084 0.126951 0
0.264076 0.347314 0.021984 0
0.238237 -0.490651 -0.135466 0
-0.006616 0.508193 -0.065488 0
-0.330437 -0.222444 -0.152960 0
0.365386 -0.238819 -0.152960 0
-0.479175 0.493026 0.424356 0
-0.258360 -0.112807 -0.065488 0
-0.460666 0.220917 0.389367 0
-0.638952 0.311958 0.336884 0
-0.339307 0.244342 0.354378 2
0.529309 -0.231856 -0.205444 0
0.650545 0.083533 -0.082983 0
0.283512 -0.271569 -0.152960 0
0.576649 -0.240533 -0.257927 0
0.114813 -0.210775 -0.222938 0
-0.184534 -0.091831 -0.082983 1
-0.272671 -0.095924 -0.030499 0
0.144361 -0.533513 -0.152960 0
-0.572350 0.105559 0.231917 0
0.084950 -0.033854 -0.117971 1
0.171093 0.444164 -0.100477 0
-0.308884 0.489684 0.074467 0
-0.001507 -0.367088 -0.030499 0
0.250780 -0.312488 -0.152960 0
0.043611 0.032292 -0.117971 1
-0.280088 -0.169786 -0.135466 0
-0.001507 0.378629 -0.030499 0
-0.018459 -0.375573 -0.030499 0
-0.611678 0.289198 0.371873 0
0.052131 0.342731 -0.013005 0
0.592079 0.008377 -0.082983 0
0.123386 0.297945 0.004490 2
0.208951 0.332164 0.004490 2
-0.554174 0.041932 0.231917 0
-0.572350 0.105559 0.231917 0
0.341699 -0.108643 -0.047994 0
-0.176679 0.474796 -0.170455 0
-0.460666 0.239846 0.389367 0
0.004913 -0.012861 -0.100477 1
0.131276 -0.054603 -0.135466 0
-0.461523 0.414685 0.336884 0
-0.090869 -0.465967 -0.135466 0
0.035354 -0.000790 -0.117971 1
-0.360720 -0.179058 -0.100477 0
0.145709 -0.253112 -0.187949 0
0.567027 -0.208746 -0.082983 0
0.266700 0.071077 0.074467 1
0.252914 0.216788 0.091962 2
0.074349 -0.108538 -0.082983 0
-0.151120 0.058481 -0.082983 1
-0.384250 -0.137981 -0.065488 0
0.483526 -0.125245 -0.082983 0
0.120254 0.334211 -0.013005 2
-0.260337 0.271371 0.144445 2
-0.285022 -0.034746 0.039478 1
0.157850 0.400847 -0.082983 0
0.219395 -0.161144 -0.257927 0
0.336958 -0.391913 -0.135466 0
0.139988 -0.169069 -0.257927 0
-0.462398 0.069066 0.284400 0
0.576649 -0.240533 -0.257927 0
-0.323475 0.503575 0.126951 0
0.312028 0.005771 -0.030499 1
-0.020016 -0.511435 -0.100477 0
0.114009 0.372034 -0.047994 0
0.120254 0.325691 -0.013005 2
-0.283867 0.516975 0.056973 0
0.060651 0.257568 -0.013005 2
0.117123 -0.146763 -0.030499 0
0.426809 -0.193736 -0.013005 0
0.225518 -0.348054 -0.117971 0
0.154473 0.452473 -0.100477 0
0.435679 -0.490651 -0.135466 0
-0.591682 0.334404 0.301895 0
0.295496 -0.054060 -0.065488 1
-0.490371 0.056942 0.249412 0
0.077673 0.232026 -0.013005 2
0.482756 -0.044316 0.004490 0
0.678186 0.045955 0.161939 0
0.247981 0.359753 -0.013005 0
0.292872 0.306535 0.074467 2
0.279121 -0.436646 -0.100477 0
0.187713 0.012069 -0.100477 1
0.265388 0.082204 0.109456 1
0.196022 -0.336945 -0.100477 0
-0.204390 -0.191549 -0.205444 0
0.105191 -0.463815 -0.187949 0
-0.041534 0.410854 -0.013005 0
0.677977 0.078530 -0.100477 0
-0.442104 0.072529 0.371873 0
-0.071240 0.278526 0.021984 2
-0.591682 0.334404 0.301895 0
-0.424715 -0.117093 -0.013005 0
0.282655 0.000995 -0.047994 1
-0.047745 0.332164 0.004490 2
-0.184534 -0.425869 -0.082983 0
0.126307 0.007485 -0.117971 1
-0.214887 -0.032752 -0.047994 1
-0.223319 0.043156 -0.047994 1
-0.403354 0.190074 0.406861 0
0.373573 -0.230632 -0.152960 0
0.437008 -0.212297 -0.100477 0
0.556250 -0.116550 -0.117971 0
-0.188278 -0.159289 -0.205444 0
0.145796 0.257568 -0.013005 2
0.417589 -0.201398 -0.047994 0
0.006960 -0.426412 -0.030499 0
-0.489217 0.176149 0.371873 0
0.500233 -0.083486 -0.082983 0
0.029843 -0.029481 -0.100477 1
0.018559 0.516573 -0.065488 0
-0.292667 0.300657 0.196928 2
-0.365111 -0.083031 -0.013005 0
-0.191234 -0.087632 -0.065488 1
-0.003397 -0.087650 -0.100477 1
0.522329 -0.011129 0.179434 0
-0.209988 0.346300 0.109456 2
0.130856 0.543270 -0.222938 0
-0.008260 -0.212595 -0.187949 0
0.080262 0.447925 -0.047994 0
-0.035411 -0.392508 -0.030499 0
0.417904 -0.396706 -0.170455 0
-0.299612 0.069205 0.231917 1
0.451319 -0.100211 -0.047994 0
0.143452 -0.197812 -0.240432 0
0.384228 -0.151154 -0.013005 0
0.184179 -0.050386 -0.117971 1
0.189899 0.051589 -0.047994 1
0.010547 0.065357 -0.117971 1
0.664733 0.113764 -0.065488 0
0.018559 -0.465267 -0.065488 0
-0.310686 0.066424 0.196928 1
-0.022535 -0.108276 -0.117971 0
0.205399 0.342731 -0.013005 0
0.037943 -0.238819 -0.152960 0
-0.144996 0.308669 0.056973 2
0.422855 0.511850 0.004490 0
-0.050054 0.300149 -0.013005 2
-0.146029 -0.188278 -0.187949 0
-0.389919 0.394847 0.249412 0
-0.205755 0.404154 0.056973 0
-0.131998 -0.482411 -0.135466 0
-0.424715 -0.117093 -0.013005 0
-0.451201 0.211453 0.389367 0
-0.048567 0.499796 -0.065488 0
-0.283535 -0.129584 -0.065488 0
0.439055 -0.279756 -0.152960 0
-0.299612 0.069205 0.231917 1
-0.238784 -0.053553 -0.030499 1
-0.422371 0.484663 0.406861 0
-0.324419 0.046988 0.109456 1
0.018559 0.516573 -0.065488 0
0.353910 -0.212297 -0.100477 0
-0.258360 -0.112807 -0.065488 0
-0.508793 -0.036286 0.214423 0
-0.499381 -0.349839 0.266906 0
-0.245904 -0.066009 -0.013005 1
-0.227063 0.508648 -0.187949 0
-0.591682 0.334404 0.301895 0
0.314250 0.321930 0.091962 2
0.406305 -0.492593 -0.152960 0
-0.023393 0.524970 -0.065488 0
0.500233 -0.083486 -0.082983 0
-0.290708 -0.233816 -0.170455 0
0.226760 -0.074826 -0.187949 0
0.162783 -0.345255 -0.100477 0
-0.498996 0.332532 0.319389 0
0.299520 -0.015887 -0.047994 1
-0.000160 -0.204495 -0.187949 0
-0.376553 -0.027084 0.126951 1
0.390438 0.200571 0.266906 0
-0.337715 0.516870 0.196928 0
0.510380 -0.269329 -0.187949 0
0.188867 -0.531781 -0.135466 0
0.750386 0.138361 -0.013005 0
-0.018459 -0.375573 -0.030499 0
-0.267737 0.051641 0.039478 1
-0.081964 0.392065 0.004490 0
0.206799 -0.231856 -0.205444 0
-0.294766 0.012016 0.021984 1
0.052131 -0.179950 -0.065488 0
0.529309 -0.231856 -0.205444 0
0.048999 -0.515336 -0.135466 0
-0.582672 0.183776 0.319389 0
-0.216409 0.038240 -0.065488 1
0.087994 -0.087650 -0.100477 1
0.023912 0.463372 -0.030499 0
-0.463553 -0.045331 0.214423 0
-0.136354 -0.071030 -0.100477 1
0.406305 -0.443469 -0.152960 0
0.035109 0.300149 -0.013005 2
-0.448787 -0.073234 0.056973 0
-0.257048 -0.108643 -0.047994 0
-0.356592 0.088467 0.389367 1
0.265388 0.082204 0.109456 1
-0.121711 -0.196395 -0.187949 0
-0.015993 -0.406608 -0.013005 0
-0.431870 -0.138418 0.039478 0
0.437008 -0.212297 -0.100477 0
-0.443224 0.053618 0.319389 0
-0.039068 0.007485 -0.117971 1
-0.574397 0.427649 0.406861 0
0.723480 0.096987 -0.065488 0
0.513179 -0.328618 -0.205444 0
0.385330 -0.250103 -0.170455 0
0.409769 -0.185216 -0.013005 0
0.489492 -0.037301 0.091962 0
0.619808 -0.021171 -0.100477 0
0.445563 -0.398980 -0.187949 0
-0.366039 0.324992 0.389367 2
0.057239 -0.284969 -0.135466 0
-0.153674 0.273943 0.056973 2
0.018804 0.015760 -0.117971 1
0.063397 -0.370062 -0.047994 0
0.040777 0.027674 -0.135466 1
-0.025859 0.542815 -0.082983 0
-0.238784 -0.028134 -0.030499 1
-0.517505 0.141178 0.354378 0
-0.011706 -0.095959 -0.100477 0
0.004913 -0.037790 -0.100477 1
-0.228585 -0.183484 -0.205444 0
-0.396741 0.044328 0.319389 1
0.187223 0.072739 0.161939 0
-0.119734 0.028688 -0.100477 1
0.105191 -0.471915 -0.187949 0
0.289005 0.065637 0.056973 1
-0.101593 0.265266 0.056973 2
-0.611310 0.253719 0.354378 0
0.184809 0.120482 0.196928 0
0.037943 -0.247006 -0.152960 0
0.205662 0.062348 0.074467 1
-0.350836 0.478348 0.109456 0
0.215511 -0.124790 -0.275421 0
0.362954 -0.035761 0.004490 1
-0.292667 0.336678 0.196928 2
-0.260337 0.271371 0.144445 2
0.283512 -0.271569 -0.152960 0
-0.214887 -0.032752 -0.047994 1
-0.237507 0.520124 -0.117971 0
-0.006003 0.073632 -0.117971 1
-0.517348 0.483474 0.424356 0
-0.257836 0.430186 0.056973 0
0.567027 -0.208746 -0.082983 0
-0.015993 -0.406608 -0.013005 0
-0.497754 0.527280 0.494334 0
0.109757 0.048824 -0.117971 1
-0.517470 0.251515 0.371873 0
0.495422 0.042666 0.179434 0
0.018559 -0.456870 -0.065488 0
-0.172148 -0.207679 -0.205444 0
0.151097 -0.314990 -0.117971 0
0.199609 0.033429 -0.082983 1
0.154473 0.452473 -0.100477 0
0.442886 -0.117075 -0.047994 0
-0.576042 0.534190 0.546817 0
-0.360423 0.444601 0.091962 0
0.052131 0.249066 -0.013005 2
-0.086495 0.070220 -0.100477 1
-0.305875 -0.271569 -0.152960 0
0.310314 0.332707 0.074467 2
0.001047 0.444916 -0.013005 0
0.021533 -0.054410 -0.100477 1
-0.119734 0.003759 -0.100477 1
0.084950 -0.009047 -0.117971 1
0.419199 -0.029848 0.056973 0
-0.647751 0.137294 0.319389 0
0.109757 0.048824 -0.117971 1
0.540838 -0.011181 -0.030499 0
-0.508793 -0.036286 0.214423 0
-0.595426 0.525338 0.529322 0
-0.266758 -0.121204 -0.065488 0
-0.415128 -0.073969 0.021984 0
-0.003397 -0.087650 -0.100477 1
0.432652 0.060616 0.179434 1
0.247981 0.359753 -0.013005 0
0.216299 0.025067 -0.082983 1
0.295076 0.031190 -0.030499 1
0.080262 0.397331 -0.047994 0
-0.396741 0.471980 0.319389 0
0.233793 -0.455540 -0.117971 0
-0.086495 -0.303706 -0.100477 0
-0.214887 -0.032752 -0.047994 1
-0.185181 0.339459 0.091962 2
-0.117600 -0.255194 -0.152960 0
0.105576 -0.133940 -0.047994 0
0.500233 -0.158642 -0.082983 0
-0.308884 0.489684 0.074467 0
-0.176172 -0.100193 -0.082983 0
-0.030793 -0.273633 -0.117971 0
-0.211143 -0.370185 -0.100477 0
-0.462975 -0.335738 0.249412 0
-0.479787 0.232673 0.371873 0
-0.172148 -0.207679 -0.205444 0
0.080262 0.397331 -0.047994 0
-0.094805 -0.320326 -0.100477 0
-0.087072 -0.217528 -0.170455 0
0.275342 -0.296131 -0.152960 0
-0.361770 0.374868 0.266906 0
-0.088437 0.304331 0.021984 2
-0.424715 -0.117093 -0.013005 0
0.021533 -0.054410 -0.100477 1
0.105576 -0.133940 -0.047994 0
-0.497754 0.527280 0.494334 0
0.104614 -0.079340 -0.100477 1
-0.498996 0.332532 0.319389 0
0.381761 -0.369800 -0.152960 0
0.057239 -0.507096 -0.135466 0
-0.508636 -0.372267 0.249412 0
0.540838 -0.011181 -0.030499 0
-0.337680 -0.194471 -0.135466 0
0.712738 0.161209 -0.047994 0
0.168924 0.522486 -0.152960 0
-0.109378 0.075171 -0.082983 1
-0.090869 -0.490651 -0.135466 0
-0.278759 -0.001524 0.004490 1
-0.127624 0.291315 0.056973 2
0.426809 -0.193736 -0.013005 0
0.410644 0.041547 0.091962 1
-0.199614 0.021463 -0.065488 1
0.225518 -0.348054 -0.117971 0
0.157780 0.093453 0.196928 0
0.369865 -0.441282 -0.135466 0
-0.212455 -0.223791 -0.205444 0
-0.010902 -0.183484 -0.205444 0
0.149120 -0.095347 -0.170455 0
0.357199 -0.296131 -0.152960 0
-0.628245 0.124348 0.284400 0
0.445563 -0.350363 -0.187949 0
-0.063875 0.015760 -0.117971 1
-0.396741 0.471980 0.319389 0
0.217243 -0.439008 -0.117971 0
0.137294 0.249066 -0.013005 2
0.353910 -0.212297 -0.100477 0
-0.277622 -0.162438 -0.100477 0
-0.119665 -0.127922 -0.170455 0
-0.127799 -0.233816 -0.170455 0
0.007537 -0.317299 -0.082983 0
-0.113611 -0.172078 -0.187949 0
0.482756 -0.044316 0.004490 0
-0.362767 -0.069298 0.039478 0
0.414965 0.306920 0.144445 0
-0.047343 -0.000790 -0.117971 1
-0.460666 0.220917 0.389367 0
0.094082 0.441050 -0.065488 0
-0.293664 0.017090 0.039478 1
0.650545 0.083533 -0.082983 0
-0.545077 0.005561 0.231917 0
-0.121711 -0.196395 -0.187949 0
0.393150 0.022233 0.056973 1
-0.443224 0.053618 0.319389 0
0.074751 0.361677 -0.030499 0
-0.191234 0.071812 -0.065488 1
0.316262 -0.304301 -0.152960 0
-0.379352 -0.064557 0.056973 0
0.262956 0.299992 0.056973 2
-0.290708 -0.233816 -0.170455 0
0.159372 0.478785 -0.117971 0
-0.029358 -0.445953 -0.047994 0
0.550337 -0.066779 -0.082983 0
-0.011706 -0.104269 -0.100477 0
-0.167827 -0.442559 -0.082983 0
-0.015993 0.291630 -0.013005 2
-0.066184 -0.474189 -0.135466 0
0.109757 -0.331522 -0.117971 0
0.443918 -0.293192 -0.135466 0
0.099401 0.467659 -0.082983 0
0.426809 -0.193736 -0.013005 0
-0.279966 -0.083031 -0.013005 1
0.077673 0.232026 -0.013005 2
0.094712 -0.168194 -0.013005 0
0.651000 0.090514 -0.030499 0
0.157780 0.093453 0.196928 0
-0.277569 -0.022378 0.021984 1
-0.167827 0.066826 -0.082983 1
-0.101593 0.247911 0.056973 2
0.005228 -0.191549 -0.205444 0
0.318204 0.284684 0.109456 2
0.443918 -0.301414 -0.135466 0
-0.079952 -0.420656 -0.047994 0
-0.480207 0.339984 0.336884 0
0.175379 -0.086093 -0.240432 0
0.295618 0.087889 0.126951 1
-0.564565 0.279786 0.371873 0
0.184809 0.120482 0.196928 0
-0.292667 0.309666 0.196928 2
0.295076 0.031190 -0.030499 1
0.513179 -0.328618 -0.205444 0
0.316104 0.010634 -0.013005 1
-0.015993 0.427876 -0.013005 0
-0.389919 -0.006983 0.249412 1
-0.101593 0.265266 0.056973 2
0.250325 -0.513429 -0.117971 0
-0.086495 0.494005 -0.100477 0
0.060651 0.274608 -0.013005 2
-0.018459 -0.375573 -0.030499 0
0.312028 -0.011181 -0.030499 1
-0.028326 -0.062720 -0.100477 1
-0.159482 -0.016675 -0.082983 1
-0.178061 0.280381 0.074467 2
0.419234 -0.507096 -0.135466 0
-0.357414 -0.095924 -0.030499 0
0.343868 0.075888 0.144445 1
-0.259095 0.526755 0.039478 0
0.314250 0.321930 0.091962 2
0.340824 -0.312488 -0.152960 0
-0.536224 0.171898 0.336884 0
0.653712 0.119047 -0.047994 0
0.048999 -0.268507 -0.135466 0
-0.286177 0.467676 0.021984 0
-0.443224 0.053618 0.319389 0
0.004913 -0.012861 -0.100477 1
-0.063875 -0.050386 -0.117971 1
-0.489217 0.176149 0.371873 0
-0.176172 -0.367403 -0.082983 0
-0.055600 0.048824 -0.117971 1
-0.020016 -0.295396 -0.100477 0
0.367188 -0.159674 -0.013005 0
0.208951 0.332164 0.004490 2
-0.079952 -0.412224 -0.047994 0
0.304051 -0.444956 -0.100477 0
-0.303723 0.536919 0.161939 0
0.648201 0.163903 -0.013005 0
0.057642 0.526107 -0.082983 0
-0.374191 0.092193 0.424356 1
-0.245904 0.053216 -0.013005 1
-0.127624 0.291315 0.056973 2
0.265388 0.082204 0.109456 1
-0.545724 0.270356 0.371873 0
0.512724 -0.214257 -0.152960 0
-0.015993 0.291630 -0.013005 2
-0.007473 0.308669 -0.013005 2
-0.294766 0.012016 0.021984 1
0.029843 -0.071030 -0.100477 1
0.001047 -0.389586 -0.013005 0
0.483526 -0.125245 -0.082983 0
-0.131998 -0.482411 -0.135466 0
-0.090536 -0.372949 -0.065488 0
0.114813 -0.038140 -0.135466 1
-0.555888 0.470265 0.476839 0
-0.290708 -0.233816 -0.170455 0
0.419199 -0.029848 0.056973 0
-0.184534 -0.091831 -0.082983 1
0.678186 0.045955 0.161939 0
-0.238784 -0.028134 -0.030499 1
-0.602248 0.298610 0.371873 0
-0.398473 0.457424 0.266906 0
0.018069 0.317189 -0.013005 2
-0.564565 0.279786 0.371873 0
0.712738 0.161209 -0.047994 0
0.307060 0.055000 0.021984 1
-0.000160 -0.204495 -0.187949 0
0.336958 -0.227378 -0.135466 0
0.345180 -0.400153 -0.135466 0
-0.167827 0.066826 -0.082983 1
0.157850 0.400847 -0.082983 0
-0.285022 -0.034746 0.039478 1
0.242050 -0.339797 -0.117971 0
0.397436 0.008447 0.039478 1
-0.648276 0.246599 0.336884 0
-0.517470 0.289198 0.371873 0
0.147930 -0.184954 -0.257927 0
0.207621 -0.093195 -0.275421 0
0.094712 -0.176696 -0.013005 0
0.650545 0.083533 -0.082983 0
-0.178061 0.280381 0.074467 2
0.414493 -0.386175 -0.152960 0
0.282043 0.044696 -0.013005 1
-0.452181 0.367993 0.336884 0
0.146163 -0.386804 -0.100477 0
-0.003397 -0.287086 -0.100477 0
-0.386822 0.526737 0.336884 0
0.199609 0.033429 -0.082983 1
-0.535857 -0.047010 0.179434 0
0.370529 0.289145 0.144445 0
-0.507551 0.508928 0.476839 0
0.269097 0.096742 0.126951 1
0.603188 -0.029481 -0.100477 0
0.324449 -0.500781 -0.152960 0
0.475793 -0.363169 -0.222938 0
-0.536224 0.209248 0.336884 0
-0.305875 -0.197882 -0.152960 0
-0.109378 -0.359058 -0.082983 0
0.568724 -0.256401 -0.257927 0
-0.675638 0.323225 0.319389 0
0.012803 -0.344765 -0.047994 0
0.430675 -0.129811 -0.030499 0
-0.105214 -0.290183 -0.117971 0
0.299887 -0.337050 -0.152960 0
0.094082 0.441050 -0.065488 0
0.262956 0.299992 0.056973 2
-0.090536 -0.372949 -0.065488 0
0.291665 -0.248843 -0.117971 0
-0.235040 0.264776 0.126951 2
-0.015993 0.427876 -0.013005 0
-0.184534 -0.091831 -0.082983 1
-0.015993 -0.406608 -0.013005 0
-0.372144 -0.082559 0.021984 0
-0.648276 0.227932 0.336884 0
-0.322250 -0.214257 -0.152960 0
-0.191234 -0.087632 -0.065488 1
0.219395 -0.161144 -0.257927 0
-0.171028 0.299992 0.056973 2
0.642183 0.066826 -0.082983 0
-0.184534 -0.425869 -0.082983 0
0.377195 -0.241950 -0.170455 0
-0.349191 0.031470 0.144445 1
-0.015993 0.402334 -0.013005 0
-0.011706 -0.104269 -0.100477 0
0.004371 -0.454385 -0.047994 0
-0.092671 -0.350713 -0.082983 0
-0.471845 0.044626 0.266906 0
0.114813 -0.210775 -0.222938 0
0.310314 0.332707 0.074467 2
0.018559 -0.456870 -0.065488 0
-0.245904 -0.066009 -0.013005 1
0.245602 0.265266 0.056973 2
0.063642 -0.173880 -0.240432 0
0.146163 -0.386804 -0.100477 0
0.216299 0.016722 -0.082983 1
0.681528 0.067001 0.144445 0
0.349921 -0.208746 -0.082983 0
-0.144664 0.460783 -0.100477 0
-0.267737 0.075241 0.301895 1
-0.292667 0.300657 0.196928 2
0.146163 -0.386804 -0.100477 0
0.099401 -0.417507 -0.082983 0
0.027079 -0.496897 -0.117971 0
-0.348684 0.309999 0.354378 2
0.336958 -0.391913 -0.135466 0
-0.199614 0.021463 -0.065488 1
-0.365111 -0.083031 -0.013005 0
0.157272 -0.445586 -0.170455 0
-0.010902 -0.183484 -0.205444 0
-0.075963 -0.334006 -0.082983 0
-0.489217 0.449342 0.371873 0
0.109757 0.040550 -0.117971 1
-0.441754 -0.100071 -0.013005 0
-0.214887 -0.041184 -0.047994 1
0.006960 -0.426412 -0.030499 0
-0.387434 0.053618 0.319389 1
-0.393277 0.168539 0.424356 0
0.104614 -0.079340 -0.100477 1
-0.180213 0.501843 -0.205444 0
-0.278759 0.007030 0.004490 1
0.347909 0.242330 0.161939 2
-0.339307 0.244342 0.354378 2
-0.211458 0.321930 0.091962 2
-0.362365 -0.260285 -0.135466 0
0.079597 -0.181857 -0.240432 0
0.515646 -0.282677 -0.170455 0
0.369865 -0.441282 -0.135466 0
0.454940 -0.205125 -0.065488 0
-0.647209 0.130786 0.301895 0
0.217243 -0.439008 -0.117971 0
-0.062650 -0.111634 -0.170455 0
0.123386 0.297945 0.004490 2
0.443918 -0.334321 -0.135466 0
-0.238784 -0.053553 -0.030499 1
-0.465284 -0.067444 0.109456 0
0.443918 -0.334321 -0.135466 0
0.242050 -0.546493 -0.117971 0
-0.498629 0.147895 0.371873 0
0.109757 -0.066936 -0.117971 1
0.568724 -0.264343 -0.257927 0
-0.415128 -0.073969 0.021984 0
0.489492 -0.037301 0.091962 0
0.706685 0.130558 -0.065488 0
-0.359058 -0.163156 -0.065488 0
0.539963 -0.218788 -0.222938 0
-0.178446 0.541065 -0.187949 0
0.172370 -0.128044 -0.292916 0
-0.015993 0.291630 -0.013005 2
-0.105214 -0.083468 -0.117971 1
-0.508793 -0.036286 0.214423 0
-0.360423 0.453366 0.091962 0
0.410644 0.041547 0.091962 1
0.154473 -0.361875 -0.100477 0
-0.421268 -0.049844 0.109456 0
-0.033015 0.342731 -0.013005 2
-0.176172 -0.367403 -0.082983 0
-0.178446 0.541065 -0.187949 0
-0.030793 -0.265376 -0.117971 0
0.443918 -0.334321 -0.135466 0
0.275132 -0.538236 -0.117971 0
-0.171028 0.386782 0.056973 0
0.206799 -0.231856 -0.205444 0
-0.288101 0.397436 0.126951 0
0.119274 0.415875 -0.065488 0
0.207184 0.070203 0.126951 0
-0.201101 -0.136074 -0.170455 0
-0.591104 0.118015 0.266906 0
0.193468 -0.279756 -0.152960 0
-0.266758 -0.121204 -0.065488 0
-0.273143 -0.181525 -0.152960 0
-0.308709 0.287378 0.231917 2
0.357199 -0.279756 -0.152960 0
0.093225 0.065357 -0.117971 1
0.052131 0.342731 -0.013005 0
0.038153 -0.469885 -0.100477 0
-0.393277 0.168539 0.424356 0
-0.564076 0.193066 0.319389 0
0.108655 -0.155231 -0.030499 0
0.517518 -0.016535 0.161939 0
0.316104 0.010634 -0.013005 1
-0.360423 0.453366 0.091962 0
0.134232 -0.239921 -0.205444 0
0.114813 -0.038140 -0.135466 1
0.126307 0.024017 -0.117971 1
-0.370955 0.044626 0.266906 1
-0.452846 -0.008050 0.301895 0
0.217243 -0.372861 -0.117971 0
-0.460666 0.220917 0.389367 0
0.428051 0.273628 0.196928 0
-0.330437 -0.222444 -0.152960 0
0.120254 0.334211 -0.013005 2
-0.508373 0.103005 0.301895 0
-0.591682 0.167804 0.301895 0
0.443918 -0.334321 -0.135466 0
-0.055600 0.048824 -0.117971 1
-0.134430 0.041774 -0.082983 1
-0.101593 0.265266 0.056973 2
0.254279 0.282638 0.056973 2
-0.151120 -0.450921 -0.082983 0
-0.462678 -0.404876 0.266906 0
0.145796 0.240546 -0.013005 2
-0.446181 -0.047010 0.179434 0
-0.223109 0.412831 0.056973 0
-0.197060 0.395459 0.056973 0
0.477158 0.022583 0.144445 0
0.225518 -0.381136 -0.117971 0
-0.268979 0.484873 0.021984 0
-0.443224 0.053618 0.319389 0
0.233793 0.511850 -0.117971 0
-0.199614 0.013066 -0.065488 1
-0.079952 -0.412224 -0.047994 0
-0.266758 -0.121204 -0.065488 0
0.324449 -0.492593 -0.152960 0
-0.079952 -0.420656 -0.047994 0
-0.470375 0.439930 0.371873 0
0.293764 0.060283 0.039478 1
0.233793 -0.529961 -0.117971 0
-0.078937 -0.209376 -0.170455 0
0.336958 -0.391913 -0.135466 0
-0.039068 0.024017 -0.117971 1
0.052131 0.266088 -0.013005 2
0.568724 -0.264343 -0.257927 0
-0.094962 0.284877 0.039478 2
-0.361210 -0.051016 0.074467 1
0.324449 -0.500781 -0.152960 0
0.500233 -0.083486 -0.082983 0
-0.582672 0.183776 0.319389 0
-0.028326 -0.062720 -0.100477 1
-0.575832 0.515541 0.529322 0
0.009549 0.359753 -0.013005 0
-0.293664 -0.052031 0.039478 1
0.405746 -0.087090 0.004490 0
-0.581447 0.060108 0.231917 0
-0.088682 -0.281908 -0.117971 0
0.018559 0.516573 -0.065488 0
-0.447668 -0.058644 0.109456 0
0.233793 -0.529961 -0.117971 0
0.262956 0.299992 0.056973 2
-0.112247 0.353997 0.039478 2
0.004371 -0.454385 -0.047994 0
0.393027 -0.048165 0.021984 0
-0.648276 0.227932 0.336884 0
-0.535979 0.069205 0.231917 0
-0.136354 -0.029481 -0.100477 1
-0.545566 0.311958 0.336884 0
-0.489042 0.466924 0.389367 0
0.409769 -0.168194 -0.013005 0
-0.273143 -0.181525 -0.152960 0
0.167647 -0.009047 -0.117971 1
0.212642 0.003759 -0.100477 1
0.054755 -0.062720 -0.100477 1
-0.267737 0.051641 0.039478 1
-0.282555 -0.201241 -0.170455 0
0.295741 -0.453266 -0.100477 0
-0.098916 -0.398123 -0.065488 0
0.009549 0.359753 -0.013005 0
0.080262 0.380466 -0.047994 0
-0.114224 0.398905 0.021984 0
0.327003 0.073404 0.109456 1
0.345932 -0.095924 -0.030499 0
0.681528 0.067001 0.144445 0
0.234860 0.460031 -0.187949 0
-0.079952 -0.420656 -0.047994 0
0.473012 0.237257 0.266906 0
0.088694 -0.125508 -0.047994 0
0.191334 -0.205807 -0.240432 0
-0.099091 0.513074 -0.135466 0
0.287098 -0.028886 -0.065488 1
0.336958 -0.523558 -0.135466 0
-0.008260 -0.212595 -0.187949 0
-0.627353 0.066074 0.249412 0
0.479992 -0.263381 -0.152960 0
0.234860 0.460031 -0.187949 0
0.225518 -0.348054 -0.117971 0
-0.396741 0.044328 0.319389 1
-0.115711 -0.440092 -0.065488 0
0.145709 -0.253112 -0.187949 0
-0.144996 0.308669 0.056973 2
0.678186 0.045955 0.161939 0
-0.450204 0.118067 0.441850 0
0.225518 -0.381136 -0.117971 0
-0.545724 0.260944 0.371873 0
-0.063875 0.015760 -0.117971 1
0.233793 0.511850 -0.117971 0
0.393027 -0.048165 0.021984 0
-0.055600 -0.066936 -0.117971 1
0.282043 0.044696 -0.013005 1
-0.657618 0.190564 0.336884 0
0.279121 -0.436646 -0.100477 0
0.373573 -0.361612 -0.152960 0
0.266700 0.071077 0.074467 1
-0.470865 0.349326 0.336884 0
-0.360423 0.444601 0.091962 0
0.566012 -0.021853 0.144445 0
0.460363 -0.326099 -0.135466 0
0.082694 0.476003 -0.082983 0
0.196022 0.419234 -0.100477 0
-0.166060 -0.414918 -0.065488 0
0.071830 -0.403791 -0.047994 0
-0.050054 0.453418 -0.013005 0
0.057239 -0.507096 -0.135466 0
0.203178 0.038240 -0.065488 1
0.347909 0.242330 0.161939 2
0.316472 -0.455540 -0.117971 0
0.295741 -0.453266 -0.100477 0
-0.268979 0.502070 0.021984 0
0.147738 -0.087510 -0.135466 0
0.567027 -0.208746 -0.082983 0
0.166159 0.306500 0.004490 2
-0.373526 0.271424 0.441850 0
-0.099091 -0.095732 -0.135466 0
-0.119665 -0.136074 -0.170455 0
0.185281 -0.468031 -0.152960 0
-0.489042 0.466924 0.389367 0
0.698305 0.155733 -0.065488 0
0.157605 0.289390 0.004490 2
-0.094805 -0.320326 -0.100477 0
-0.325504 -0.146378 -0.065488 0
0.233793 -0.455540 -0.117971 0
-0.565230 0.453541 0.441850 0
-0.576042 0.534190 0.546817 0
0.304051 -0.428336 -0.100477 0
-0.489532 0.321300 0.336884 0
0.566012 -0.021853 0.144445 0
-0.379352 -0.055880 0.056973 0
0.046130 -0.255194 -0.152960 0
0.427456 -0.309654 -0.135466 0
-0.167827 0.066826 -0.082983 1
-0.222497 -0.120417 -0.135466 0
0.137294 0.249066 -0.013005 2
0.242050 -0.546493 -0.117971 0
-0.025859 0.542815 -0.082983 0
0.661357 0.045291 -0.100477 0
-0.050054 0.300149 -0.013005 2
-0.237507 0.520124 -0.117971 0
0.367188 -0.159674 -0.013005 0
-0.166060 -0.406521 -0.065488 0
0.191841 0.315055 0.004490 2
-0.119665 0.531811 -0.170455 0
-0.086495 -0.303706 -0.100477 0
-0.127624 0.291315 0.056973 2
-0.178446 0.541065 -0.187949 0
-0.121711 -0.196395 -0.187949 0
-0.078185 -0.312016 -0.100477 0
-0.497754 0.527280 0.494334 0
-0.235040 0.264776 0.126951 2
-0.060831 0.463372 -0.030499 0
0.289005 0.065637 0.056973 1
0.196022 -0.029481 -0.100477 1
-0.366039 0.324992 0.389367 2
-0.257048 -0.108643 -0.047994 0
0.119274 0.415875 -0.065488 0
-0.318751 0.352860 0.214423 2
-0.119734 0.003759 -0.100477 1
-0.243175 0.063590 0.021984 1
-0.372354 0.387394 0.231917 0
0.283512 -0.271569 -0.152960 0
-0.113611 -0.172078 -0.187949 0
0.004371 0.490104 -0.047994 0
0.677977 0.078530 -0.100477 0
-0.097394 -0.180178 -0.187949 0
-0.090869 -0.079287 -0.135466 1
0.057239 -0.507096 -0.135466 0
-0.318751 0.352860 0.214423 2
-0.020016 -0.511435 -0.100477 0
-0.329160 -0.073969 0.021984 1
-0.554174 0.041932 0.231917 0
0.295741 -0.453266 -0.100477 0
0.167647 -0.009047 -0.117971 1
-0.508636 -0.372267 0.249412 0
0.594878 -0.037790 -0.100477 0
-0.136354 0.036998 -0.100477 1
0.157272 -0.445586 -0.170455 0
-0.205755 0.404154 0.056973 0
-0.462678 0.035441 0.266906 0
-0.293664 0.017090 0.039478 1
-0.192879 -0.384110 -0.082983 0
-0.050054 0.300149 -0.013005 2
0.105191 -0.471915 -0.187949 0
0.233793 -0.356329 -0.117971 0
0.063397 0.388899 -0.047994 0
0.499656 0.010249 0.161939 0
-0.238784 -0.028134 -0.030499 1
0.018069 0.317189 -0.013005 2
-0.075963 -0.334006 -0.082983 0
0.185281 -0.468031 -0.152960 0
-0.451866 0.356901 0.354378 0
-0.563586 0.356517 0.266906 0
0.189899 0.051589 -0.047994 1
-0.063875 -0.050386 -0.117971 1
0.035354 -0.000790 -0.117971 1
0.155960 0.496629 -0.135466 0
0.250325 -0.513429 -0.117971 0
0.295076 0.022723 -0.030499 1
0.495177 -0.112579 -0.100477 0
-0.039068 0.007485 -0.117971 1
-0.629155 0.211663 0.319389 0
-0.142775 0.050119 -0.082983 1
-0.130021 -0.463815 -0.117971 0
0.066284 -0.400992 -0.030499 0
0.234860 0.460031 -0.187949 0
-0.136354 -0.021171 -0.100477 1
0.533630 -0.075141 -0.082983 0
0.308074 -0.345238 -0.152960 0
0.479992 -0.263381 -0.152960 0
0.750386 0.138361 -0.013005 0
0.673131 0.138938 -0.065488 0
0.517518 -0.016535 0.161939 0
0.263166 -0.209376 -0.170455 0
-0.465564 -0.072359 0.091962 0
0.500233 -0.083486 -0.082983 0
-0.293664 -0.052031 0.039478 1
-0.121711 -0.196395 -0.187949 0
-0.047343 -0.488622 -0.117971 0
0.495177 -0.112579 -0.100477 0
-0.573785 0.234965 0.354378 0
0.223261 -0.173880 -0.240432 0
-0.581447 0.396474 0.231917 0
0.381761 -0.369800 -0.152960 0
-0.144996 0.308669 0.056973 2
0.312028 0.005771 -0.030499 1
-0.461243 0.431935 0.354378 0
-0.212455 -0.223791 -0.205444 0
0.422855 0.511850 0.004490 0
0.340824 -0.312488 -0.152960 0
0.099401 -0.417507 -0.082983 0
0.162783 -0.345255 -0.100477 0
0.038153 -0.046100 -0.100477 1
0.080262 0.380466 -0.047994 0
-0.508968 -0.064942 0.179434 0
0.636427 0.028688 -0.100477 0
-0.188278 0.517973 -0.205444 0
0.419199 -0.003799 0.056973 1
-0.536032 0.093470 0.249412 0
-0.554174 0.078285 0.231917 0
-0.282555 -0.274543 -0.170455 0
-0.490039 -0.013858 0.284400 0
-0.230317 0.048142 -0.030499 1
0.381761 -0.369800 -0.152960 0
-0.363257 0.505569 0.231917 0
0.483071 -0.331557 -0.170455 0
0.345932 -0.095924 -0.030499 0
-0.517768 -0.363134 0.249412 0
-0.450204 0.118067 0.441850 0
0.137853 -0.378494 -0.100477 0
0.236924 0.256588 0.056973 2
-0.212455 -0.231856 -0.205444 0
-0.349191 0.031470 0.144445 1
-0.218788 0.258268 0.109456 2
-0.007473 -0.415128 -0.013005 0
0.177093 -0.066919 -0.152960 0
0.282655 0.000995 -0.047994 1
0.157272 -0.445586 -0.170455 0
0.009549 -0.423648 -0.013005 0
-0.163103 0.544932 -0.117971 0
-0.288101 0.397436 0.126951 0
0.384472 0.030910 0.056973 1
-0.099091 -0.095732 -0.135466 0
-0.029358 -0.445953 -0.047994 0
-0.251450 0.289145 0.144445 2
0.292872 0.306535 0.074467 2
0.004371 0.490104 -0.047994 0
0.157850 0.400847 -0.082983 0
0.015445 -0.434879 -0.030499 0
0.340824 -0.312488 -0.152960 0
0.114813 -0.210775 -0.222938 0
0.388636 0.055787 0.109456 1
0.510380 -0.269329 -0.187949 0
0.324449 -0.492593 -0.152960 0
0.208986 -0.422476 -0.117971 0
-0.403354 0.532178 0.406861 0
0.393150 0.022233 0.056973 1
0.141142 0.434262 -0.082983 0
-0.094962 0.284877 0.039478 2
-0.564076 0.193066 0.319389 0
-0.318751 0.352860 0.214423 2
0.167647 -0.033854 -0.117971 1
-0.167827 0.066826 -0.082983 1
-0.046223 0.481672 -0.047994 0
-0.000160 -0.204495 -0.187949 0
0.295741 -0.453266 -0.100477 0
-0.360720 -0.179058 -0.100477 0
-0.351816 0.069066 0.284400 1
0.239059 0.453471 -0.205444 0
0.504799 -0.030968 0.021984 0
0.018804 0.057099 -0.117971 1
-0.463553 -0.045331 0.214423 0
-0.277622 -0.145819 -0.100477 0
0.336958 -0.391913 -0.135466 0
0.239059 0.453471 -0.205444 0
-0.170328 -0.285529 -0.187949 0
-0.461523 0.377335 0.336884 0
0.314250 0.321930 0.091962 2
-0.093038 0.538861 -0.152960 0
-0.498996 0.332532 0.319389 0
-0.090869 -0.490651 -0.135466 0
-0.279249 0.061350 0.126951 1
-0.283867 0.516975 0.056973 0
-0.199614 -0.003711 -0.065488 1
0.398118 -0.377987 -0.152960 0
-0.259480 -0.180178 -0.187949 0
0.079597 -0.181857 -0.240432 0
-0.305875 -0.263381 -0.152960 0
-0.361210 -0.051016 0.074467 1
0.001047 -0.389586 -0.013005 0
-0.453511 -0.386524 0.266906 0
0.489492 -0.037301 0.091962 0
0.295076 0.031190 -0.030499 1
0.359998 0.108515 0.214423 1
-0.240394 -0.156962 -0.152960 0
0.204332 -0.370185 -0.100477 0
-0.363992 0.036106 0.214423 1
-0.318751 0.352860 0.214423 2
0.052131 0.266088 -0.013005 2
0.585431 -0.001524 0.004490 0
0.233793 -0.529961 -0.117971 0
0.266857 -0.405943 -0.117971 0
-0.490197 -0.028763 0.266906 0
0.384437 -0.013788 0.021984 1
0.293764 0.060283 0.039478 1
0.336958 -0.391913 -0.135466 0
0.252914 0.216788 0.091962 2
0.252914 0.216788 0.091962 2
0.006960 0.471840 -0.030499 0
0.005228 -0.191549 -0.205444 0
-0.647751 0.137294 0.319389 0
0.093225 0.065357 -0.117971 1
-0.309899 0.030910 0.056973 1
-0.129531 0.328071 0.039478 2
-0.363257 0.041932 0.231917 1
-0.349471 0.078513 0.336884 1
-0.341371 -0.108643 -0.047994 0
-0.202746 -0.139661 -0.187949 0
0.314250 0.321930 0.091962 2
-0.259095 0.526755 0.039478 0
0.447242 -0.345238 -0.152960 0
-0.591682 0.158550 0.301895 0
0.141142 0.434262 -0.082983 0
-0.233676 0.360225 0.144445 2
-0.127799 -0.241950 -0.170455 0
0.001047 0.444916 -0.013005 0
0.120254 0.334211 -0.013005 2
0.357199 -0.287943 -0.152960 0
0.108655 -0.155231 -0.030499 0
-0.363187 -0.206069 -0.152960 0
0.384228 -0.091551 -0.013005 0
0.196022 -0.021171 -0.100477 1
-0.498629 0.157307 0.371873 0
-0.294801 0.367311 0.161939 0
-0.412364 0.512112 0.424356 0
0.001047 -0.389586 -0.013005 0
-0.517838 -0.027241 0.214423 0
0.586253 -0.192966 -0.047994 0
-0.362365 -0.235600 -0.135466 0
-0.178061 0.280381 0.074467 2
-0.227588 0.302284 0.109456 2
0.137853 -0.353565 -0.100477 0
-0.361210 -0.051016 0.074467 1
0.060651 0.274608 -0.013005 2
0.367188 -0.159674 -0.013005 0
0.504554 -0.304301 -0.152960 0
0.417904 -0.388571 -0.170455 0
0.066284 0.404049 -0.030499 0
-0.259480 -0.180178 -0.187949 0
-0.022535 -0.108276 -0.117971 0
0.162783 -0.345255 -0.100477 0
0.341279 -0.554768 -0.117971 0
-0.273143 -0.181525 -0.152960 0
-0.517348 0.483474 0.424356 0
-0.356592 0.088467 0.389367 1
0.233793 -0.529961 -0.117971 0
0.661357 0.045291 -0.100477 0
-0.480207 0.339984 0.336884 0
0.594878 -0.054410 -0.100477 0
0.292872 0.306535 0.074467 2
0.500233 -0.083486 -0.082983 0
-0.003397 -0.087650 -0.100477 1
0.367188 -0.159674 -0.013005 0
-0.268017 0.331604 0.161939 2
-0.360283 0.362167 0.301895 0
0.109757 -0.066936 -0.117971 1
0.369865 -0.441282 -0.135466 0
-0.379352 -0.055880 0.056973 0
0.310314 0.332707 0.074467 2
0.238237 -0.071047 -0.135466 0
0.397436 0.008447 0.039478 1
-0.114224 0.398905 0.021984 0
-0.399173 -0.091551 -0.013005 0
0.435311 -0.176696 -0.013005 0
0.057239 -0.284969 -0.135466 0
0.401827 0.013556 0.056973 1
-0.582672 0.183776 0.319389 0
0.010547 0.065357 -0.117971 1
-0.396741 0.471980 0.319389 0
-0.079952 -0.412224 -0.047994 0
-0.001507 -0.367088 -0.030499 0
-0.373526 0.281011 0.441850 0
0.029843 -0.071030 -0.100477 1
0.515646 -0.282677 -0.170455 0
-0.151120 0.058481 -0.082983 1
-0.101593 0.265266 0.056973 2
0.255171 -0.167354 -0.205444 0
-0.288101 0.397436 0.126951 0
-0.063875 0.015760 -0.117971 1
-0.030793 -0.265376 -0.117971 0
-0.110270 0.256588 0.056973 2
0.038153 -0.469885 -0.100477 0
-0.025859 0.542815 -0.082983 0
0.450496 0.063257 0.214423 0
0.097721 0.280836 0.004490 2
-0.063875 -0.050386 -0.117971 1
-0.451201 0.306080 0.389367 0
-0.451534 0.458754 0.371873 0
0.316104 0.010634 -0.013005 1
0.066284 0.404049 -0.030499 0
0.009549 0.359753 -0.013005 0
0.109757 -0.066936 -0.117971 1
-0.119665 0.531811 -0.170455 0
-0.225541 0.491084 -0.170455 0
0.063397 0.388899 -0.047994 0
-0.536224 0.209248 0.336884 0
-0.247181 -0.128639 -0.135466 0
-0.252780 -0.207679 -0.205444 0
-0.479175 0.493026 0.424356 0
0.491223 -0.217528 -0.170455 0
0.035354 0.499796 -0.065488 0
-0.087072 -0.217528 -0.170455 0
0.032380 0.454888 -0.030499 0
-0.580695 -0.011129 0.179434 0
0.146163 -0.386804 -0.100477 0
0.275132 -0.480347 -0.117971 0
0.199731 -0.140588 -0.275421 0
-0.050054 0.300149 -0.013005 2
0.137294 0.342731 -0.013005 2
-0.479787 0.232673 0.371873 0
0.226218 0.407880 -0.152960 0
0.568724 -0.264343 -0.257927 0
-0.627808 0.090479 0.266906 0
-0.048567 0.499796 -0.065488 0
-0.359058 -0.154758 -0.065488 0
0.393115 0.050311 0.091962 1
0.074349 -0.100193 -0.082983 1
0.275342 -0.206069 -0.152960 0
0.238237 -0.071047 -0.135466 0
-0.370587 -0.252062 -0.135466 0
-0.349191 0.031470 0.144445 1
-0.069875 -0.453266 -0.100477 0
0.430868 -0.214257 -0.152960 0
-0.047343 -0.000790 -0.117971 1
0.388636 0.055787 0.109456 1
0.121234 -0.370185 -0.100477 0
0.018804 0.015760 -0.117971 1
-0.221832 -0.070505 -0.030499 1
-0.366668 -0.133940 -0.047994 0
0.357199 -0.279756 -0.152960 0
-0.268017 0.367311 0.161939 0
0.040777 0.027674 -0.135466 1
-0.351816 0.069066 0.284400 1
-0.055600 -0.066936 -0.117971 1
-0.565230 0.453541 0.441850 0
-0.166725 -0.312488 -0.152960 0
0.018069 0.317189 -0.013005 2
0.435311 -0.176696 -0.013005 0
0.293764 0.060283 0.039478 1
-0.399173 -0.091551 -0.013005 0
0.453663 -0.358463 -0.187949 0
-0.581447 0.396474 0.231917 0
-0.490039 -0.013858 0.284400 0
-0.471845 0.044626 0.266906 0
0.427456 -0.309654 -0.135466 0
0.435311 -0.100071 -0.013005 0
0.068418 -0.314990 -0.117971 0
0.212642 0.003759 -0.100477 1
0.114813 -0.210775 -0.222938 0
0.179403 0.427544 -0.100477 0
0.384437 -0.013788 0.021984 1
-0.363257 0.505569 0.231917 0
-0.517838 -0.027241 0.214423 0
0.428156 0.348224 0.091962 0
-0.193946 0.330695 0.091962 2
-0.030793 -0.273633 -0.117971 0
-0.285022 -0.034746 0.039478 1
0.144361 -0.533513 -0.152960 0
-0.006616 -0.330997 -0.065488 0
-0.351816 0.069066 0.284400 1
-0.462975 -0.326606 0.249412 0
0.586568 -0.046100 -0.100477 0
-0.602248 0.298610 0.371873 0
-0.279249 0.061350 0.126951 1
-0.015993 0.291630 -0.013005 2
0.043611 0.032292 -0.117971 1
0.268834 0.049804 0.004490 1
0.151097 -0.314990 -0.117971 0
-0.629155 0.211663 0.319389 0
0.010547 0.065357 -0.117971 1
-0.193946 0.356989 0.091962 0
0.093225 0.065357 -0.117971 1
-0.422371 0.484663 0.406861 0
-0.030793 -0.273633 -0.117971 0
0.196022 0.419234 -0.100477 0
-0.310686 0.066424 0.196928 1
0.279366 -0.359006 -0.135466 0
-0.281558 0.059076 0.091962 1
-0.230317 0.048142 -0.030499 1
0.040864 0.412516 -0.030499 0
-0.421268 -0.049844 0.109456 0
-0.554663 0.130786 0.301895 0
0.525582 -0.027084 0.126951 0
-0.277569 -0.022378 0.021984 1
0.336958 -0.465967 -0.135466 0
-0.287331 -0.078535 0.004490 1
-0.071240 0.278526 0.021984 2
0.337447 -0.188330 -0.065488 0
0.040864 0.412516 -0.030499 0
0.266857 -0.405943 -0.117971 0
-0.044946 -0.046100 -0.100477 1
0.012803 -0.344765 -0.047994 0
-0.151120 -0.459266 -0.082983 0
-0.211143 -0.370185 -0.100477 0
0.159372 0.478785 -0.117971 0
0.197999 -0.266390 -0.170455 0
-0.277569 -0.022378 0.021984 1
-0.657618 0.190564 0.336884 0
0.145796 0.274608 -0.013005 2
-0.545322 0.373136 0.284400 0
0.324746 -0.546493 -0.117971 0
-0.260862 0.072145 0.266906 1
0.074349 -0.100193 -0.082983 1
0.207621 -0.093195 -0.275421 0
0.357199 -0.279756 -0.152960 0
-0.648276 0.227932 0.336884 0
-0.121711 -0.139661 -0.187949 0
-0.177903 -0.104269 -0.100477 0
-0.122814 0.407495 0.021984 0
-0.247181 -0.128639 -0.135466 0
0.566012 -0.021853 0.144445 0
0.264076 0.347314 0.021984 0
0.401022 0.255609 0.196928 0
-0.047745 0.323609 0.004490 2
0.112924 0.485713 -0.100477 0
-0.379352 -0.055880 0.056973 0
-0.498629 0.147895 0.371873 0
0.367118 0.039587 0.056973 1
0.365386 -0.238819 -0.152960 0
-0.011706 -0.095959 -0.100477 0
-0.573785 0.234965 0.354378 0
0.483071 -0.331557 -0.170455 0
-0.461243 0.431935 0.354378 0
-0.412364 0.512112 0.424356 0
0.105191 -0.463815 -0.187949 0
0.279121 -0.071030 -0.100477 1
0.454940 -0.205125 -0.065488 0
0.428051 0.273628 0.196928 0
0.287973 0.269359 0.091962 2
-0.376553 -0.027084 0.126951 1
0.074751 0.361677 -0.030499 0
-0.647209 0.130786 0.301895 0
-0.048567 0.499796 -0.065488 0
0.225518 -0.348054 -0.117971 0
-0.171028 0.299992 0.056973 2
-0.211143 -0.370185 -0.100477 0
-0.214887 -0.032752 -0.047994 1
-0.452181 0.424027 0.336884 0
-0.094805 -0.320326 -0.100477 0
0.009549 0.359753 -0.013005 0
0.208951 0.332164 0.004490 2
0.428156 0.348224 0.091962 0
-0.084116 0.444916 -0.013005 0
-0.191234 0.071812 -0.065488 1
-0.260862 0.072145 0.266906 1
-0.131998 -0.482411 -0.135466 0
-0.039068 0.032292 -0.117971 1
0.147930 -0.184954 -0.257927 0
-0.033015 0.266088 -0.013005 2
0.018804 0.057099 -0.117971 1
-0.341371 -0.108643 -0.047994 0
-0.637955 0.362167 0.301895 0
-0.368435 0.460748 0.109456 0
0.304051 -0.444956 -0.100477 0
0.443918 -0.334321 -0.135466 0
-0.023393 0.524970 -0.065488 0
0.196022 -0.021171 -0.100477 1
0.070675 -0.271569 -0.152960 0
0.533630 -0.075141 -0.082983 0
0.310314 0.332707 0.074467 2
0.344603 -0.478160 -0.170455 0
-0.374191 0.178073 0.424356 0
0.187013 -0.218788 -0.222938 0
0.093225 0.065357 -0.117971 1
-0.508373 0.103005 0.301895 0
-0.399610 -0.021713 0.231917 1
0.269097 0.096742 0.126951 1
-0.638952 0.274608 0.336884 0
-0.035744 -0.230632 -0.152960 0
-0.044946 -0.046100 -0.100477 1
-0.310686 0.066424 0.196928 1
-0.098916 -0.398123 -0.065488 0
-0.050054 0.453418 -0.013005 0
0.303893 -0.070855 -0.065488 1
-0.498629 0.147895 0.371873 0
0.040357 -0.220695 -0.187949 0
0.154473 -0.361875 -0.100477 0
0.290562 0.036176 -0.013005 1
0.442886 -0.117075 -0.047994 0
-0.292667 0.309666 0.196928 2
0.653712 0.119047 -0.047994 0
-0.554174 0.078285 0.231917 0
0.483071 -0.331557 -0.170455 0
-0.006003 0.073632 -0.117971 1
0.419234 -0.507096 -0.135466 0
-0.050054 0.300149 -0.013005 2
0.336958 -0.465967 -0.135466 0
0.376128 0.179648 0.284400 0
0.152829 0.390701 -0.065488 0
-0.039068 0.024017 -0.117971 1
-0.015993 0.402334 -0.013005 0
-0.140011 0.416102 0.021984 0
0.343868 0.075888 0.144445 1
-0.374191 0.311696 0.424356 0
0.312028 0.005771 -0.030499 1
0.483806 -0.371199 -0.222938 0
-0.638952 0.265283 0.336884 0
-0.107313 -0.389743 -0.065488 0
-0.280088 -0.169786 -0.135466 0
0.295076 0.022723 -0.030499 1
0.470405 -0.056772 0.021984 0
0.418289 -0.142635 -0.013005 0
0.043611 0.032292 -0.117971 1
0.097721 0.280836 0.004490 2
0.212485 0.295723 0.021984 2
0.603188 0.003759 -0.100477 0
-0.470375 0.439930 0.371873 0
-0.119734 0.003759 -0.100477 1
