-0.208652 0.206179 0.203930 2
-0.449883 -0.294547 0.348423 0
0.005717 -0.398626 -0.171752 0
-0.378533 -0.375709 0.247278 0
-0.462527 0.243125 0.290626 0
-0.342352 -0.036338 0.391771 1
0.349119 -0.237545 -0.128404 0
0.167853 0.420418 0.016089 0
0.155961 -0.379495 -0.215100 0
0.501429 0.294204 -0.012810 0
-0.205401 0.309419 0.146133 2
-0.378533 -0.375709 0.247278 0
-0.299856 -0.050239 0.102785 1
0.081894 -0.437408 -0.142853 0
0.231459 0.427889 0.073886 0
0.320206 -0.050773 -0.056157 0
-0.271117 0.439130 0.001640 0
0.490434 0.063333 -0.027259 0
-0.209216 0.442381 -0.113955 0
0.373481 0.382243 0.001640 0
0.036783 0.324056 0.073886 0
-0.273082 -0.210626 0.117234 0
-0.075141 0.279133 0.059437 2
-0.302703 -0.123309 0.001640 0
0.095072 -0.196032 -0.229549 0
-0.363982 -0.110969 0.406220 1
0.131441 0.369513 0.059437 0
-0.017922 -0.404535 -0.171752 0
-0.031721 -0.317811 -0.142853 0
-0.170001 0.508646 0.001640 0
-0.326082 0.349761 0.102785 0
-0.258474 0.394886 0.001640 0
0.259115 0.025822 -0.027259 1
0.043271 0.291617 0.073886 2
0.184166 -0.118020 -0.243998 0
0.119578 0.049953 -0.070607 1
0.179846 -0.200208 -0.186201 0
0.376746 -0.001631 0.131683 1
-0.158383 0.479848 -0.085056 0
0.465422 -0.155473 -0.027259 0
0.309340 0.440864 0.073886 0
-0.288167 -0.030732 0.059437 1
-0.356816 -0.086998 0.391771 1
-0.174480 0.493387 -0.056157 0
-0.306041 -0.421557 0.117234 0
0.523652 0.115451 0.016089 0
-0.319825 -0.478574 0.088336 0
-0.314017 0.239947 0.362872 2
0.047100 -0.392716 -0.171752 0
0.305222 -0.206855 -0.157303 0
-0.496945 0.250726 0.276176 0
0.179846 -0.200208 -0.186201 0
0.128753 0.388803 0.044988 0
0.004605 0.010969 -0.099505 1
0.322923 -0.041165 0.001640 1
0.094393 -0.274477 -0.171752 0
0.213455 0.214588 0.175031 2
-0.496945 0.250726 0.276176 0
-0.037703 -0.335757 -0.142853 0
-0.385440 -0.410185 0.247278 0
-0.230543 0.295316 0.175031 2
0.030296 0.343534 0.073886 0
0.409156 0.369658 -0.027259 0
-0.215126 0.011359 -0.012810 1
-0.441214 0.383067 0.276176 0
0.207473 -0.305847 -0.142853 0
-0.371886 -0.269926 0.146133 0
0.245764 -0.218746 -0.157303 0
-0.100687 -0.091217 -0.171752 0
0.160079 0.362997 0.073886 0
0.032897 -0.270749 -0.186201 0
-0.087206 0.435287 -0.157303 0
0.456044 -0.283349 -0.113955 0
-0.112854 -0.109394 -0.229549 0
0.061448 -0.414953 -0.157303 0
0.249101 0.203650 0.247278 2
-0.033686 -0.248483 -0.157303 0
0.408607 -0.177580 -0.070607 0
0.261282 -0.090581 -0.142853 0
-0.200648 0.350527 0.016089 0
0.492326 -0.265201 -0.113955 0
-0.346773 -0.119639 0.016089 0
-0.086513 0.298105 0.073886 2
-0.171633 -0.203531 -0.171752 0
0.259115 0.057076 -0.027259 1
-0.213348 -0.068806 0.016089 1
-0.037703 -0.371634 -0.142853 0
0.057200 -0.088992 -0.215100 0
-0.378533 -0.235508 0.203930 0
0.271758 -0.185802 -0.171752 0
-0.384992 -0.121098 0.059437 0
-0.533256 0.031501 0.305075 0
0.211114 0.250133 0.131683 2
-0.050129 -0.007281 -0.099505 1
0.047100 -0.392716 -0.171752 0
0.234450 0.343042 0.117234 2
0.231300 0.494023 0.102785 0
-0.307153 -0.487113 0.073886 0
-0.423586 -0.096809 0.507365 0
-0.043685 -0.377616 -0.142853 0
-0.352452 -0.171988 0.088336 0
0.194902 0.323276 0.117234 2
-0.191125 0.242157 0.160582 2
0.340898 -0.379278 -0.157303 0
-0.293730 -0.445962 0.088336 0
0.453183 -0.358009 -0.085056 0
0.378177 -0.021947 0.088336 1
-0.386205 0.215036 0.579612 0
-0.229315 -0.270721 -0.041708 0
-0.089749 -0.120939 -0.229549 0
0.243495 0.227303 0.189481 2
-0.207915 -0.053793 0.001640 1
0.106631 -0.172191 -0.258448 0
-0.524095 0.258254 0.261727 0
0.091676 -0.341276 -0.186201 0
-0.255237 -0.474138 0.073886 0
-0.405582 0.308436 0.189481 0
-0.232407 0.509368 0.016089 0
0.277306 0.261100 0.189481 2
0.324079 -0.032856 0.030538 1
-0.541853 0.170200 0.333974 0
0.001310 -0.196899 -0.200650 0
0.401614 -0.295443 -0.113955 0
-0.049652 0.459561 -0.142853 0
-0.097219 0.504311 -0.085056 0
0.144676 -0.301989 -0.157303 0
-0.087206 0.441240 -0.157303 0
0.150326 -0.005388 -0.070607 1
0.245764 -0.194963 -0.157303 0
-0.442139 -0.238701 0.319524 0
-0.035767 -0.333777 -0.128404 0
-0.021621 0.291617 0.073886 2
-0.452918 -0.110767 0.189481 0
-0.345415 0.455516 0.131683 0
0.044788 -0.011197 -0.113955 1
0.329006 -0.373339 -0.157303 0
0.257323 0.289016 0.160582 2
-0.452542 -0.088139 0.175031 0
0.162391 0.065023 -0.041708 1
0.079279 -0.420906 -0.157303 0
-0.441214 0.383067 0.276176 0
-0.247969 -0.239640 -0.041708 0
-0.100687 -0.091217 -0.171752 0
0.332503 0.017196 0.088336 1
0.252901 -0.345799 -0.128404 0
0.162897 0.343360 0.088336 0
-0.304538 0.315487 0.175031 0
0.299891 0.447742 0.088336 0
0.359277 -0.289389 -0.113955 0
0.191232 0.223633 0.131683 2
-0.247969 -0.239640 -0.041708 0
-0.005495 0.015058 -0.085056 1
0.126239 -0.043765 -0.099505 1
-0.292906 0.204907 0.348423 2
-0.348623 0.196844 0.492916 2
-0.349591 0.267617 0.391771 0
-0.378533 0.477464 0.189481 0
0.079929 -0.335410 -0.186201 0
0.336216 0.487463 0.102785 0
-0.146650 0.270001 0.131683 2
0.371718 -0.091491 -0.070607 0
-0.284829 -0.246446 0.160582 0
-0.200648 0.350527 0.016089 0
0.216027 -0.224699 -0.157303 0
0.527929 -0.167972 -0.027259 0
0.457807 -0.380521 -0.070607 0
0.259115 0.025822 -0.027259 1
-0.021794 0.476915 -0.157303 0
0.170772 -0.173520 -0.200650 0
0.523002 -0.158811 -0.041708 0
0.476259 -0.392817 -0.070607 0
0.345550 0.460790 0.088336 0
0.350926 0.421155 0.059437 0
0.394403 -0.118801 -0.056157 0
0.331072 -0.279650 -0.128404 0
-0.104560 0.232462 0.088336 2
0.440959 -0.419158 -0.085056 0
0.267264 -0.275951 -0.142853 0
-0.468205 0.286415 0.247278 0
0.012855 0.027282 -0.085056 1
-0.095688 -0.447493 -0.012810 0
0.191232 0.236883 0.131683 2
0.341129 -0.337765 -0.113955 0
0.422608 -0.241807 -0.085056 0
0.186550 0.465861 0.044988 0
-0.037775 -0.155603 -0.229549 0
0.371718 -0.073040 -0.070607 0
0.299891 0.454259 0.088336 0
-0.351628 -0.256329 0.175031 0
-0.352033 0.382633 0.131683 0
-0.437789 -0.038564 0.464017 0
0.023808 0.304593 0.073886 2
-0.250714 0.302035 0.175031 2
-0.099098 0.447178 -0.157303 0
-0.351354 -0.228716 0.203930 0
-0.045448 -0.085856 -0.200650 0
-0.350949 -0.355018 0.247278 0
-0.419916 -0.237762 0.247278 0
-0.576416 0.008642 0.319524 0
0.485709 0.058810 -0.041708 0
0.182476 0.499933 0.088336 0
0.506198 0.262184 0.001640 0
0.037318 -0.161368 -0.229549 0
-0.438049 -0.062781 0.478467 0
0.447418 0.312410 0.016089 0
0.465422 -0.351882 -0.085056 0
0.334815 -0.036136 -0.070607 0
-0.086513 0.272140 0.073886 2
0.360650 0.049707 0.146133 1
-0.084981 0.323796 0.088336 0
-0.268184 0.272631 0.247278 2
-0.465778 -0.074615 0.406220 0
-0.159814 -0.091217 -0.171752 0
-0.275249 -0.366404 0.059437 0
0.204135 -0.343603 -0.157303 0
0.414762 -0.183736 -0.070607 0
-0.481744 0.073924 0.449568 0
-0.055764 0.330775 0.059437 0
-0.116928 0.423395 -0.157303 0
0.315106 -0.263987 -0.142853 0
-0.385165 0.356133 0.131683 0
0.262135 -0.159071 -0.186201 0
0.219437 -0.281933 -0.142853 0
-0.322542 0.285115 0.290626 0
0.307231 -0.386806 -0.171752 0
0.465422 -0.155473 -0.027259 0
0.036783 0.324056 0.073886 0
0.037318 -0.161368 -0.229549 0
-0.209216 0.442381 -0.113955 0
0.221272 0.514425 0.117234 0
-0.363722 0.250292 0.464017 2
-0.080545 0.041370 -0.099505 1
-0.349316 0.259309 0.420669 0
-0.154713 -0.040673 -0.041708 1
-0.145971 -0.334341 -0.012810 0
0.297174 -0.258020 -0.142853 0
0.331072 -0.165385 -0.128404 0
-0.016809 -0.095060 -0.243998 0
-0.472612 0.043277 0.391771 0
-0.177399 0.363344 -0.012810 0
0.012855 0.057856 -0.085056 1
0.231459 0.447352 0.073886 0
0.135718 -0.263987 -0.142853 0
0.245764 -0.194963 -0.157303 0
-0.305665 -0.293146 0.131683 0
-0.288644 0.382373 0.044988 0
-0.221411 0.382200 -0.012810 0
0.120994 -0.140995 -0.243998 0
0.414762 -0.183736 -0.070607 0
-0.178974 0.418193 -0.113955 0
0.054643 -0.178693 -0.229549 0
0.138738 -0.284144 -0.157303 0
-0.524095 0.258254 0.261727 0
0.523652 0.267935 0.016089 0
-0.352033 0.382633 0.131683 0
-0.352177 -0.434734 0.117234 0
-0.050129 -0.055932 -0.099505 1
-0.495948 0.200066 0.435119 0
0.381674 -0.147165 -0.099505 0
-0.284829 -0.246446 0.160582 0
-0.405307 0.409495 0.160582 0
-0.277431 -0.161224 0.001640 0
0.517309 0.128152 0.016089 0
0.022840 -0.001198 -0.099505 1
0.329006 -0.367386 -0.157303 0
0.079929 -0.282497 -0.186201 0
-0.012532 -0.170327 -0.215100 0
0.049557 0.470962 -0.157303 0
0.147407 -0.033868 -0.085056 1
0.423837 0.421646 0.088336 0
0.297550 0.280448 0.218379 0
-0.288644 0.382373 0.044988 0
0.416496 0.475383 0.131683 0
0.135775 -0.327680 -0.171752 0
-0.481744 0.073924 0.449568 0
0.261022 -0.060743 -0.070607 0
0.069222 0.252676 0.073886 2
-0.282734 0.433437 0.030538 0
-0.097219 -0.003293 -0.085056 1
0.336476 0.369687 -0.041708 0
0.434572 0.454678 0.102785 0
-0.045448 -0.085856 -0.200650 0
0.523002 -0.158811 -0.041708 0
-0.031721 -0.347706 -0.142853 0
0.311161 -0.355495 -0.157303 0
0.001989 0.423395 -0.157303 0
-0.452542 -0.101591 0.175031 0
0.246746 -0.150141 -0.200650 0
0.454643 -0.323533 -0.099505 0
0.349322 0.480903 0.102785 0
0.281439 -0.230638 -0.157303 0
-0.082207 0.484718 -0.113955 0
-0.576416 0.008642 0.319524 0
0.080810 -0.181193 -0.243998 0
-0.163311 0.400478 -0.070607 0
-0.516032 0.137357 0.391771 0
-0.184435 0.248862 0.160582 2
-0.037977 -0.062015 -0.099505 1
0.114073 -0.025530 -0.099505 1
0.095216 -0.149361 -0.258448 0
0.155152 0.452178 0.016089 0
-0.319522 0.356321 0.102785 0
0.023461 0.488142 -0.171752 0
0.086243 -0.052218 -0.085056 1
0.024675 -0.237805 -0.200650 0
0.468615 0.023424 -0.056157 0
-0.213348 -0.068806 0.016089 1
0.062734 0.246189 0.073886 2
0.030296 0.343534 0.073886 0
0.580395 0.154190 0.088336 0
-0.294178 -0.097748 0.073886 1
-0.051256 -0.112284 -0.243998 0
-0.562270 -0.012555 0.319524 0
-0.526942 0.072248 0.319524 0
-0.088059 -0.141284 -0.215100 0
-0.449883 -0.294547 0.348423 0
-0.021794 -0.456582 -0.157303 0
0.144676 -0.290097 -0.157303 0
0.030296 0.343534 0.073886 0
-0.371886 0.336063 0.146133 0
-0.055764 0.330775 0.059437 0
0.121138 0.324056 0.073886 0
0.099219 -0.071667 -0.113955 0
0.377426 -0.216825 -0.113955 0
-0.479851 -0.021860 0.391771 0
-0.213348 -0.068806 0.016089 1
-0.446488 -0.120000 0.203930 0
-0.075141 0.266230 0.059437 2
0.448559 -0.274867 -0.099505 0
0.428359 0.331468 0.016089 0
0.019820 -0.432798 -0.157303 0
-0.062295 0.035287 -0.099505 1
0.360650 0.515870 0.146133 0
-0.086513 0.298105 0.073886 2
-0.115570 -0.046106 -0.085056 1
-0.159062 0.337234 0.059437 0
-0.254384 0.238140 0.247278 2
-0.041098 0.304593 0.073886 2
0.287378 -0.153349 -0.157303 0
-0.340979 0.173509 0.507365 2
-0.035767 -0.333777 -0.128404 0
-0.334289 0.206626 0.449568 2
0.001989 -0.272267 -0.157303 0
0.151626 0.395118 0.030538 0
-0.165435 0.256159 0.146133 2
-0.034033 -0.135258 -0.243998 0
-0.275798 0.003513 0.044988 1
0.108163 0.291617 0.073886 2
-0.326082 0.349761 0.102785 0
0.138030 0.056108 -0.070607 1
0.185004 -0.083183 -0.215100 0
0.159169 0.231725 0.102785 2
-0.072757 -0.296845 -0.085056 0
-0.486975 0.112923 0.608510 0
0.188313 -0.080019 -0.200650 0
-0.452542 -0.088139 0.175031 0
-0.144859 -0.079195 -0.070607 1
0.170165 -0.086290 -0.229549 0
-0.067049 0.311080 0.073886 0
0.257323 0.295706 0.160582 2
0.017551 -0.280387 -0.171752 0
-0.057469 0.423395 -0.157303 0
-0.294178 0.343534 0.073886 0
0.384014 -0.042292 -0.070607 0
-0.063423 0.417456 -0.157303 0
-0.134730 -0.311757 -0.027259 0
-0.349851 -0.118512 0.362872 1
-0.128069 0.244180 0.117234 2
-0.453958 -0.015965 0.521814 0
0.191232 0.236883 0.131683 2
-0.233187 -0.091723 0.001640 0
0.267409 0.468274 0.117234 0
0.234117 0.302772 0.146133 2
0.424241 -0.378267 -0.099505 0
0.063962 0.483475 -0.142853 0
-0.246553 -0.296628 -0.012810 0
0.349322 0.480903 0.102785 0
-0.271117 -0.325541 0.001640 0
-0.469448 0.186845 0.536264 0
-0.275249 -0.075915 0.059437 1
0.219437 -0.281933 -0.142853 0
-0.035767 -0.297683 -0.128404 0
0.069222 0.285129 0.073886 2
0.268565 -0.077721 -0.113955 0
-0.311257 0.129568 0.492916 2
0.506198 0.274813 0.001640 0
-0.223954 0.400623 -0.056157 0
-0.146650 0.289883 0.131683 2
-0.541853 0.170200 0.333974 0
-0.151318 0.441615 -0.142853 0
-0.019757 -0.311829 -0.142853 0
-0.319522 0.421892 0.102785 0
-0.116654 -0.454429 0.030538 0
0.144647 -0.075178 -0.128404 0
0.065422 0.010969 -0.099505 1
-0.248272 0.151820 0.391771 2
0.373481 0.382243 0.001640 0
0.398146 -0.137845 -0.085056 0
-0.371221 -0.076710 0.420669 1
-0.159814 -0.091217 -0.171752 0
0.037665 -0.426845 -0.157303 0
0.161770 -0.158710 -0.215100 0
0.010139 0.417702 -0.142853 0
0.017551 -0.280387 -0.171752 0
-0.225659 -0.235695 -0.085056 0
-0.072424 -0.097835 -0.229549 0
-0.122881 -0.183071 -0.157303 0
0.299891 0.454259 0.088336 0
0.020600 -0.059573 -0.113955 1
-0.065214 -0.440008 -0.171752 0
0.005717 0.464503 -0.171752 0
-0.405712 -0.249104 0.203930 0
0.379795 0.388572 0.001640 0
0.424140 0.324591 0.044988 0
-0.243692 -0.407469 0.044988 0
0.293331 -0.147396 -0.157303 0
-0.284829 -0.259840 0.160582 0
0.446667 0.344661 -0.027259 0
0.044788 -0.011197 -0.113955 1
-0.267100 0.229832 0.276176 2
0.307231 -0.386806 -0.171752 0
-0.248272 0.151820 0.391771 2
0.135169 0.027282 -0.085056 1
0.144344 -0.187767 -0.215100 0
0.129736 0.401360 0.016089 0
0.152609 0.212059 0.102785 2
-0.178974 0.460530 -0.113955 0
-0.012532 -0.170327 -0.215100 0
0.114073 -0.025530 -0.099505 1
0.401816 0.503848 0.175031 0
-0.492148 0.042381 0.333974 0
-0.220429 0.454923 -0.099505 0
-0.075141 0.266230 0.059437 2
-0.028296 -0.123771 -0.243998 0
-0.215126 0.011359 -0.012810 1
0.112397 -0.086290 -0.229549 0
0.186305 -0.337664 -0.157303 0
0.234117 0.256159 0.146133 2
0.477646 -0.364121 -0.085056 0
0.401614 -0.295443 -0.113955 0
0.155152 0.452178 0.016089 0
0.309340 0.440864 0.073886 0
0.468615 0.023424 -0.056157 0
-0.357538 -0.407787 0.290626 0
-0.066645 -0.419158 -0.085056 0
-0.356714 -0.045528 0.406220 1
0.184166 -0.118020 -0.243998 0
0.294935 -0.017973 0.016089 1
0.116818 0.015058 -0.085056 1
-0.358260 -0.212186 0.189481 0
-0.554366 0.052597 0.305075 0
0.359277 -0.301483 -0.113955 0
0.268088 0.369687 -0.041708 0
0.456044 -0.283349 -0.113955 0
-0.177399 0.363344 -0.012810 0
-0.405307 0.409495 0.160582 0
-0.062223 0.253312 0.059437 2
-0.358260 -0.212186 0.189481 0
0.181045 0.040156 -0.041708 1
-0.371987 -0.496144 0.102785 0
-0.134730 -0.311757 -0.027259 0
-0.229040 0.253746 0.203930 2
0.135775 -0.386806 -0.171752 0
0.427232 0.482565 0.146133 0
-0.570260 -0.028623 0.333974 0
0.227919 -0.212808 -0.157303 0
0.065581 -0.249495 -0.200650 0
0.001310 -0.185210 -0.200650 0
-0.098794 0.363705 -0.099505 0
0.150629 -0.313881 -0.157303 0
0.107281 0.037656 -0.070607 1
-0.080545 0.509672 -0.099505 0
-0.487452 -0.604037 0.622960 0
-0.333061 0.133802 0.536264 2
-0.384992 -0.121098 0.059437 0
-0.055634 -0.419462 -0.142853 0
0.155152 0.426761 0.016089 0
0.231300 0.494023 0.102785 0
-0.173367 0.388341 -0.041708 0
0.259115 0.025822 -0.027259 1
-0.098794 0.363705 -0.099505 0
-0.165984 -0.067954 -0.027259 1
0.264923 -0.339788 -0.128404 0
-0.144859 -0.079195 -0.070607 1
0.291322 0.394886 0.001640 0
0.088700 0.233213 0.073886 2
0.068817 -0.083183 -0.215100 0
-0.547330 -0.003669 0.305075 0
0.017551 -0.280387 -0.171752 0
-0.575462 0.158091 0.305075 0
0.043271 0.317568 0.073886 0
-0.200200 0.406634 -0.070607 0
-0.246553 -0.296628 -0.012810 0
-0.378533 -0.375709 0.247278 0
-0.053192 -0.176150 -0.215100 0
-0.400655 -0.044040 0.449568 1
-0.021794 -0.349556 -0.157303 0
0.055495 0.441240 -0.157303 0
0.314773 -0.062015 -0.099505 0
0.103770 -0.118020 -0.243998 0
-0.351628 -0.263048 0.175031 0
0.341129 -0.089815 -0.113955 0
0.434572 0.448118 0.102785 0
0.287378 -0.212808 -0.157303 0
-0.203162 0.436341 -0.113955 0
0.365129 0.447742 0.088336 0
-0.098794 0.023135 -0.099505 1
-0.516683 0.187134 0.406220 0
-0.505744 0.234788 0.319524 0
0.201491 -0.287915 -0.142853 0
0.181045 0.040156 -0.041708 1
0.086243 0.021170 -0.085056 1
0.017551 -0.286297 -0.171752 0
0.462084 -0.295443 -0.113955 0
0.115286 -0.205193 -0.215100 0
-0.419916 -0.230869 0.247278 0
0.375590 -0.195815 -0.099505 0
0.221272 0.514425 0.117234 0
0.307231 -0.386806 -0.171752 0
-0.089749 -0.120939 -0.229549 0
0.037318 -0.161368 -0.229549 0
0.523002 -0.152598 -0.041708 0
0.234117 0.302772 0.146133 2
-0.220429 0.454923 -0.099505 0
-0.312630 0.329865 0.117234 0
-0.171633 -0.191712 -0.171752 0
0.416496 0.475383 0.131683 0
-0.512810 -0.069095 0.319524 0
0.086243 0.002819 -0.085056 1
0.371718 -0.073040 -0.070607 0
0.186305 -0.337664 -0.157303 0
0.517309 0.217102 0.016089 0
-0.319522 0.369441 0.102785 0
-0.006102 -0.079383 -0.171752 0
0.143332 0.330312 0.088336 0
0.375590 -0.195815 -0.099505 0
0.019820 -0.420906 -0.157303 0
0.217746 0.329633 0.131683 2
0.009387 -0.353038 -0.186201 0
-0.244400 -0.000909 0.030538 1
0.460827 -0.158811 -0.041708 0
-0.305145 0.156025 0.435119 2
-0.087206 0.381781 -0.157303 0
-0.041575 -0.428189 -0.171752 0
-0.306041 -0.059024 0.117234 1
-0.294178 0.343534 0.073886 0
0.267264 -0.275951 -0.142853 0
0.150326 0.000753 -0.070607 1
0.506198 0.274813 0.001640 0
-0.044624 0.234687 0.044988 2
-0.340979 0.173509 0.507365 2
-0.449537 -0.206147 0.333974 0
-0.018933 0.241102 0.044988 2
0.100924 -0.160776 -0.258448 0
0.456044 -0.283349 -0.113955 0
-0.477019 0.406561 0.536264 0
-0.121480 0.283728 0.117234 2
0.287378 -0.212808 -0.157303 0
-0.305665 -0.293146 0.131683 0
-0.013645 -0.013364 -0.099505 1
-0.152604 -0.171179 -0.157303 0
0.277306 0.274625 0.189481 2
-0.448858 0.173147 0.637409 0
0.023389 -0.118020 -0.243998 0
-0.021794 -0.349556 -0.157303 0
-0.356816 -0.086998 0.391771 1
0.434572 0.454678 0.102785 0
0.341779 -0.006905 0.073886 1
0.170772 -0.173520 -0.200650 0
-0.365774 -0.128669 0.030538 0
0.331072 -0.279650 -0.128404 0
0.193472 0.058810 -0.041708 1
-0.155927 0.382084 -0.056157 0
0.001989 -0.438737 -0.157303 0
-0.062295 0.035287 -0.099505 1
-0.308540 0.278122 0.290626 0
0.434572 0.448118 0.102785 0
-0.247969 -0.239640 -0.041708 0
0.440959 -0.419158 -0.085056 0
0.234117 0.302772 0.146133 2
-0.411492 -0.118353 0.117234 0
0.262135 -0.159071 -0.186201 0
-0.027747 0.435287 -0.157303 0
-0.171633 -0.203531 -0.171752 0
0.506198 0.249541 0.001640 0
0.454643 -0.323533 -0.099505 0
0.115185 -0.347157 -0.186201 0
-0.170607 -0.088919 -0.085056 0
-0.311950 -0.050181 0.146133 1
0.292146 0.401504 0.030538 0
-0.278515 -0.124219 -0.027259 0
0.059339 -0.019447 -0.099505 1
-0.171113 -0.057781 -0.012810 1
-0.284829 -0.246446 0.160582 0
-0.294134 0.249526 0.305075 2
-0.028296 -0.129508 -0.243998 0
-0.083984 -0.132499 -0.229549 0
-0.214230 -0.079080 0.001640 0
0.283751 0.461238 0.102785 0
0.125733 0.062249 -0.070607 1
-0.059001 -0.088992 -0.215100 0
0.493555 0.135782 0.001640 0
0.162521 -0.230638 -0.157303 0
-0.246553 -0.296628 -0.012810 0
-0.084995 -0.070569 -0.085056 1
-0.089402 -0.409781 -0.012810 0
-0.419916 -0.203271 0.247278 0
0.216027 -0.076045 -0.157303 0
-0.247261 0.369658 -0.027259 0
0.302130 0.408064 0.044988 0
0.009387 -0.082663 -0.186201 0
-0.141738 -0.126719 -0.229549 0
0.427911 0.375914 -0.027259 0
0.044658 -0.300139 -0.186201 0
0.063962 0.483475 -0.142853 0
-0.179580 0.027715 -0.041708 1
-0.047788 -0.273639 -0.128404 0
-0.082207 0.484718 -0.113955 0
0.213455 -0.269969 -0.142853 0
0.460827 -0.003365 -0.041708 0
-0.320447 -0.495523 0.059437 0
-0.037977 -0.049849 -0.099505 1
-0.066645 -0.315195 -0.085056 0
0.054643 -0.178693 -0.229549 0
-0.306041 -0.421557 0.117234 0
0.490159 -0.135056 0.030538 0
0.183545 -0.240074 -0.142853 0
-0.284829 -0.259840 0.160582 0
-0.533256 0.031501 0.305075 0
0.379795 0.388572 0.001640 0
0.580395 0.154190 0.088336 0
-0.109458 0.027282 -0.085056 1
-0.178974 0.418193 -0.113955 0
-0.103476 -0.234092 -0.142853 0
0.434572 0.448118 0.102785 0
-0.301070 -0.489064 0.059437 0
-0.050129 0.029218 -0.099505 1
0.114073 -0.025530 -0.099505 1
0.094393 -0.380896 -0.171752 0
0.339019 -0.228110 -0.142853 0
-0.165680 -0.256632 -0.099505 0
0.234450 0.343042 0.117234 2
0.362947 -0.419462 -0.142853 0
-0.171113 -0.057781 -0.012810 1
0.463717 -0.133207 -0.012810 0
-0.093145 0.411503 -0.157303 0
0.009387 -0.364800 -0.186201 0
0.474799 0.035792 -0.056157 0
0.120994 -0.140995 -0.243998 0
-0.170607 -0.088919 -0.085056 0
-0.065214 -0.440008 -0.171752 0
-0.533256 0.031501 0.305075 0
0.171798 0.035792 -0.056157 1
0.340898 -0.379278 -0.157303 0
0.001989 -0.272267 -0.157303 0
0.126918 -0.083183 -0.215100 0
-0.307529 -0.501967 0.059437 0
-0.134658 0.224399 0.117234 2
0.283751 0.513703 0.102785 0
0.375590 -0.153233 -0.099505 0
-0.059001 -0.088992 -0.215100 0
-0.295059 0.465861 0.044988 0
-0.495948 0.200066 0.435119 0
0.023461 -0.309950 -0.171752 0
-0.152604 -0.171179 -0.157303 0
0.486272 -0.313577 -0.113955 0
0.103062 -0.409015 -0.157303 0
-0.165435 0.229514 0.146133 2
-0.478349 0.153612 0.579612 0
-0.028296 -0.123771 -0.243998 0
0.043271 0.291617 0.073886 2
-0.307153 0.362997 0.073886 0
0.194902 0.263947 0.117234 2
-0.268805 -0.088833 0.059437 1
-0.172919 0.424247 -0.113955 0
0.302130 0.408064 0.044988 0
0.477646 -0.364121 -0.085056 0
-0.479374 -0.221680 0.377321 0
-0.264788 0.350657 0.001640 0
0.377426 -0.253107 -0.113955 0
0.335089 -0.343819 -0.113955 0
-0.133400 0.276633 0.131683 2
0.025759 -0.155603 -0.229549 0
0.126918 -0.083183 -0.215100 0
0.001989 -0.438737 -0.157303 0
-0.252838 -0.309199 -0.012810 0
-0.293730 -0.445962 0.088336 0
-0.319522 0.369441 0.102785 0
0.283751 0.513703 0.102785 0
-0.097219 -0.033868 -0.085056 1
-0.385194 0.422629 0.146133 0
-0.034033 -0.118020 -0.243998 0
-0.133400 0.276633 0.131683 2
-0.371987 -0.489584 0.102785 0
-0.035767 -0.309719 -0.128404 0
-0.097219 -0.033868 -0.085056 1
-0.115440 0.387806 -0.142853 0
-0.336139 -0.062029 0.319524 1
-0.192021 0.394554 -0.041708 0
-0.208652 0.206179 0.203930 2
-0.230138 -0.254841 -0.056157 0
-0.118966 0.330544 0.073886 0
-0.120266 0.031501 -0.070607 1
-0.358665 0.342883 0.131683 0
-0.352986 -0.109495 0.030538 0
-0.322542 0.285115 0.290626 0
-0.095688 -0.447493 -0.012810 0
-0.088261 -0.440586 -0.113955 0
-0.095688 -0.403495 -0.012810 0
-0.033686 0.429348 -0.157303 0
0.010139 0.417702 -0.142853 0
-0.197252 -0.105464 -0.027259 0
-0.131941 -0.454674 0.073886 0
-0.248142 0.245668 0.232829 2
-0.020436 -0.161368 -0.229549 0
-0.378533 -0.472028 0.131683 0
-0.059304 -0.434099 -0.171752 0
0.132481 -0.106548 -0.243998 0
0.349322 0.480903 0.102785 0
-0.454406 0.258832 0.247278 0
-0.302703 -0.123309 0.001640 0
-0.306041 -0.059024 0.117234 1
0.337083 -0.351810 -0.128404 0
-0.031721 -0.317811 -0.142853 0
0.009387 -0.353038 -0.186201 0
-0.089402 -0.416066 -0.012810 0
0.257655 -0.093890 -0.157303 0
-0.433166 0.273628 0.218379 0
0.059339 0.035287 -0.099505 1
-0.338985 0.408960 0.117234 0
0.063587 -0.169705 -0.243998 0
-0.554366 0.059634 0.305075 0
0.297174 -0.138423 -0.142853 0
-0.461876 0.421719 0.536264 0
-0.358665 0.342883 0.131683 0
0.143332 0.330312 0.088336 0
0.460827 -0.158811 -0.041708 0
0.429746 0.382128 -0.041708 0
0.377426 -0.253107 -0.113955 0
-0.041575 -0.428189 -0.171752 0
0.281439 -0.230638 -0.157303 0
-0.479374 -0.221680 0.377321 0
-0.212510 -0.269825 -0.070607 0
-0.349851 -0.075496 0.362872 1
-0.391855 0.349385 0.146133 0
-0.034033 -0.135258 -0.243998 0
0.279228 -0.281933 -0.142853 0
-0.072901 -0.206089 -0.186201 0
0.436408 -0.250549 -0.099505 0
0.262135 -0.159071 -0.186201 0
0.121138 0.265652 0.073886 2
0.053256 0.053536 -0.099505 1
-0.272851 -0.146370 -0.041708 0
-0.322542 -0.036830 0.290626 1
0.008781 0.227491 0.059437 2
-0.275798 -0.022178 0.044988 1
-0.131941 -0.454674 0.073886 0
0.321088 -0.180282 -0.142853 0
0.074048 -0.276630 -0.186201 0
0.185004 -0.350437 -0.215100 0
-0.412344 0.321961 0.189481 0
-0.237103 0.418930 -0.070607 0
0.177577 -0.258020 -0.142853 0
-0.183684 0.369629 -0.012810 0
-0.174075 -0.237545 -0.128404 0
0.068167 -0.353038 -0.186201 0
0.286698 -0.083761 -0.113955 0
-0.120266 0.031501 -0.070607 1
0.313993 -0.037032 0.016089 1
-0.021621 0.324056 0.073886 0
0.065422 0.010969 -0.099505 1
0.059339 -0.019447 -0.099505 1
-0.135279 0.394121 -0.099505 0
0.205667 -0.054588 -0.070607 1
0.135775 -0.321770 -0.171752 0
-0.356512 -0.034778 0.435119 1
-0.260410 -0.220986 -0.041708 0
-0.279671 0.323276 0.117234 0
-0.322542 -0.036830 0.290626 1
-0.012532 -0.170327 -0.215100 0
-0.230543 0.295316 0.175031 2
0.341129 -0.295443 -0.113955 0
-0.214230 -0.009564 0.001640 1
0.345001 -0.425444 -0.142853 0
-0.118836 -0.026036 -0.056157 1
0.262135 -0.164952 -0.186201 0
0.220174 -0.071667 -0.113955 0
0.493555 0.135782 0.001640 0
-0.232407 -0.005272 0.016089 1
-0.405307 0.409495 0.160582 0
0.067387 0.465023 -0.157303 0
0.081894 0.459561 -0.142853 0
-0.304538 -0.276500 0.175031 0
0.460827 -0.003365 -0.041708 0
0.108163 0.272140 0.073886 2
0.095187 0.343534 0.073886 0
-0.384992 -0.121098 0.059437 0
-0.037977 -0.049849 -0.099505 1
0.100924 -0.160776 -0.258448 0
0.334815 -0.036136 -0.070607 0
0.181710 -0.144044 -0.229549 0
0.005717 -0.262658 -0.171752 0
-0.473942 0.361523 0.435119 0
0.076663 -0.386806 -0.171752 0
0.083657 -0.062015 -0.099505 1
0.126918 -0.083183 -0.215100 0
-0.261060 -0.137354 -0.056157 0
-0.165984 -0.067954 -0.027259 1
-0.512810 -0.069095 0.319524 0
0.094812 -0.220264 -0.200650 0
0.116818 0.015058 -0.085056 1
0.517309 0.185328 0.016089 0
-0.165435 0.229514 0.146133 2
0.520286 -0.189776 -0.012810 0
0.284069 0.308436 0.189481 0
0.083657 -0.031599 -0.099505 1
0.039760 -0.199384 -0.215100 0
0.422608 -0.241807 -0.085056 0
-0.271117 0.445444 0.001640 0
-0.561389 0.207320 0.305075 0
-0.159900 0.217001 0.131683 2
-0.107955 -0.011543 -0.070607 1
0.384014 -0.042292 -0.070607 0
0.457807 -0.380521 -0.070607 0
0.155152 0.426761 0.016089 0
0.258363 -0.050773 -0.056157 0
-0.000900 -0.088992 -0.215100 0
0.296524 0.351538 -0.099505 0
0.126947 -0.353038 -0.186201 0
-0.535496 0.197769 0.348423 0
0.341129 -0.337765 -0.113955 0
-0.322542 -0.036830 0.290626 1
-0.272851 -0.146370 -0.041708 0
-0.423586 -0.096809 0.507365 0
0.371718 -0.091491 -0.070607 0
0.324975 0.251939 0.247278 2
0.299269 -0.236591 -0.157303 0
-0.487090 0.216958 0.391771 0
-0.371221 -0.076710 0.420669 1
0.017551 -0.321770 -0.171752 0
0.150326 0.019205 -0.070607 1
0.087125 -0.077721 -0.113955 0
0.370288 -0.024273 0.059437 1
0.010139 0.417702 -0.142853 0
0.497225 -0.335685 -0.099505 0
-0.057137 -0.208574 -0.200650 0
0.136801 0.252041 0.088336 2
0.281439 -0.230638 -0.157303 0
-0.131941 -0.454674 0.073886 0
-0.319522 -0.469904 0.102785 0
0.086243 -0.052218 -0.085056 1
0.069222 0.252676 0.073886 2
-0.197252 -0.105464 -0.027259 0
0.194902 0.277125 0.117234 2
-0.232407 0.344169 0.016089 0
-0.196905 0.221307 0.175031 2
-0.016809 -0.095060 -0.243998 0
0.067893 -0.046106 -0.085056 1
0.120893 -0.081998 -0.157303 0
-0.492148 0.042381 0.333974 0
-0.548139 0.128774 0.319524 0
-0.176315 0.356971 0.001640 0
-0.134773 -0.165241 -0.157303 0
0.512512 0.104195 0.001640 0
0.316536 0.500583 0.102785 0
0.167853 0.420418 0.016089 0
0.074048 -0.317767 -0.186201 0
-0.288832 0.122098 0.492916 2
-0.454406 0.258832 0.247278 0
0.268088 0.369687 -0.041708 0
0.424241 -0.262716 -0.099505 0
0.341129 -0.337765 -0.113955 0
0.086243 0.002819 -0.085056 1
-0.363448 0.210311 0.521814 2
-0.338985 0.408960 0.117234 0
0.106631 -0.143653 -0.258448 0
-0.066645 -0.144044 -0.229549 0
-0.081730 -0.372328 -0.056157 0
0.511486 -0.279650 -0.128404 0
-0.293730 -0.295920 0.088336 0
-0.023831 -0.380896 -0.171752 0
0.088483 -0.315860 -0.171752 0
-0.260713 0.216669 0.261727 2
0.063962 0.483475 -0.142853 0
-0.554366 0.059634 0.305075 0
-0.378533 -0.472028 0.131683 0
0.401614 -0.386156 -0.113955 0
0.023461 -0.315860 -0.171752 0
0.375590 -0.153233 -0.099505 0
-0.371771 -0.327116 0.189481 0
0.017551 -0.286297 -0.171752 0
-0.247261 0.375914 -0.027259 0
-0.086628 0.497505 -0.099505 0
0.162521 -0.230638 -0.157303 0
0.321088 -0.126459 -0.142853 0
0.279228 -0.353688 -0.142853 0
-0.093145 0.411503 -0.157303 0
0.125083 0.456729 -0.041708 0
0.045569 -0.240045 -0.215100 0
0.412075 -0.280951 -0.099505 0
-0.349316 0.259309 0.420669 0
0.162723 -0.074181 -0.099505 0
-0.238013 -0.039243 0.030538 1
-0.277431 -0.161224 0.001640 0
0.211114 0.283251 0.131683 2
-0.065214 -0.440008 -0.171752 0
-0.006102 0.440850 -0.171752 0
0.446667 -0.230494 -0.027259 0
-0.293730 -0.015416 0.088336 1
-0.203624 0.234759 0.175031 2
-0.336341 -0.397513 0.305075 0
0.055495 0.441240 -0.157303 0
-0.083363 -0.343617 -0.070607 0
0.000631 0.033394 -0.085056 1
-0.365008 -0.117529 0.189481 0
-0.244400 0.337624 0.030538 0
0.024675 -0.237805 -0.200650 0
-0.540293 0.066656 0.305075 0
-0.346773 -0.119639 0.016089 0
0.034876 -0.129508 -0.243998 0
-0.230543 0.295316 0.175031 2
0.044658 -0.300139 -0.186201 0
0.343108 -0.357821 -0.128404 0
-0.226873 0.015722 0.001640 1
0.120893 -0.081998 -0.157303 0
0.383465 -0.368008 -0.113955 0
-0.215126 0.011359 -0.012810 1
-0.066645 -0.419158 -0.085056 0
-0.160926 -0.295602 -0.041708 0
0.454643 -0.323533 -0.099505 0
0.207473 -0.305847 -0.142853 0
0.257323 0.289016 0.160582 2
0.207473 -0.293897 -0.142853 0
0.371718 -0.073040 -0.070607 0
0.236993 0.033928 -0.041708 1
0.483772 -0.247920 -0.085056 0
-0.021621 0.298105 0.073886 2
-0.349591 0.267617 0.391771 0
-0.288644 0.382373 0.044988 0
-0.035767 -0.309719 -0.128404 0
0.242195 -0.097127 -0.171752 0
-0.343710 -0.376128 0.276176 0
-0.133400 0.276633 0.131683 2
0.010688 -0.007281 -0.099505 1
0.150326 0.019205 -0.070607 1
-0.320447 -0.495523 0.059437 0
-0.162053 0.448016 -0.128404 0
0.043271 0.298105 0.073886 2
0.071505 -0.007281 -0.099505 1
0.177577 -0.258020 -0.142853 0
0.162218 -0.206089 -0.186201 0
-0.093145 0.429348 -0.157303 0
-0.531768 0.243761 0.276176 0
0.160079 0.362997 0.073886 0
-0.492148 0.042381 0.333974 0
0.053256 -0.025530 -0.099505 1
-0.333061 0.133802 0.536264 2
-0.023831 -0.422279 -0.171752 0
-0.554366 0.059634 0.305075 0
0.074019 0.057856 -0.085056 1
-0.146650 0.270001 0.131683 2
0.412075 -0.341768 -0.099505 0
-0.110946 -0.055932 -0.099505 1
-0.378533 -0.472028 0.131683 0
0.079929 -0.264869 -0.186201 0
-0.053395 -0.445918 -0.171752 0
-0.191125 0.242157 0.160582 2
0.247642 0.507822 0.117234 0
0.316536 0.500583 0.102785 0
-0.275798 -0.022178 0.044988 1
0.037318 -0.161368 -0.229549 0
0.202719 -0.013668 -0.056157 1
0.071505 0.029218 -0.099505 1
-0.151014 0.486582 -0.070607 0
-0.218651 0.480426 -0.070607 0
0.010139 0.417702 -0.142853 0
0.167853 0.420418 0.016089 0
-0.427530 -0.372790 0.290626 0
-0.177399 0.363344 -0.012810 0
-0.460749 0.009972 0.492916 0
-0.449883 -0.287409 0.348423 0
0.115185 -0.229598 -0.186201 0
-0.271117 -0.325541 0.001640 0
0.381674 -0.323533 -0.099505 0
0.156481 -0.042292 -0.070607 1
-0.322542 -0.036830 0.290626 1
0.183545 -0.246056 -0.142853 0
0.504420 -0.271241 -0.113955 0
-0.365774 -0.128669 0.030538 0
-0.203162 0.436341 -0.113955 0
0.497225 -0.329616 -0.099505 0
0.152840 -0.132499 -0.229549 0
0.423837 0.421646 0.088336 0
0.037665 -0.426845 -0.157303 0
-0.386205 0.215036 0.579612 0
0.238626 -0.370666 -0.186201 0
-0.333061 0.133802 0.536264 2
-0.119948 0.460038 -0.128404 0
0.201491 -0.072635 -0.142853 0
0.087876 -0.078617 -0.142853 0
0.185004 -0.083183 -0.215100 0
-0.401565 0.238068 0.579612 0
-0.371771 -0.327116 0.189481 0
0.412956 -0.019852 -0.056157 0
-0.272851 -0.133943 -0.041708 0
0.485709 0.058810 -0.041708 0
0.223367 -0.097546 -0.200650 0
0.460827 -0.003365 -0.041708 0
-0.345415 0.455516 0.131683 0
0.099219 -0.071667 -0.113955 0
-0.020436 -0.161368 -0.229549 0
0.381674 -0.147165 -0.099505 0
-0.097219 -0.033868 -0.085056 1
0.094812 -0.220264 -0.200650 0
-0.371843 -0.299995 0.160582 0
-0.041575 -0.233095 -0.171752 0
0.122945 -0.021644 -0.085056 1
-0.015855 -0.260375 -0.157303 0
-0.277431 0.483359 0.001640 0
0.367745 0.434376 0.073886 0
0.219870 -0.106418 -0.215100 0
0.094393 -0.274477 -0.171752 0
0.379795 0.388572 0.001640 0
-0.351628 0.483677 0.175031 0
-0.021621 0.291617 0.073886 2
-0.442139 -0.175095 0.319524 0
0.276960 -0.087214 -0.128404 0
-0.080545 0.509672 -0.099505 0
0.122945 0.033394 -0.085056 1
-0.072901 -0.206089 -0.186201 0
0.015268 -0.323648 -0.186201 0
0.147609 -0.315860 -0.171752 0
-0.070618 -0.170327 -0.215100 0
0.521687 -0.180485 -0.027259 0
-0.319522 0.395667 0.102785 0
-0.365081 -0.202505 0.175031 0
0.277306 0.274625 0.189481 2
0.079929 -0.335410 -0.186201 0
-0.248142 0.245668 0.232829 2
0.456044 -0.283349 -0.113955 0
-0.323365 0.300215 0.247278 0
-0.358463 -0.293305 0.160582 0
0.398146 -0.137845 -0.085056 0
-0.464564 -0.204528 0.362872 0
0.355130 -0.219512 -0.128404 0
0.071505 -0.007281 -0.099505 1
-0.219316 0.159059 0.391771 2
0.098034 -0.089324 -0.243998 0
0.019820 -0.420906 -0.157303 0
-0.275798 0.003513 0.044988 1
0.373481 0.382243 0.001640 0
-0.345068 0.322481 0.160582 0
0.023461 -0.309950 -0.171752 0
-0.087206 0.381781 -0.157303 0
-0.294134 0.249526 0.305075 2
-0.295767 0.293322 0.247278 0
-0.312630 0.329865 0.117234 0
0.474597 -0.022207 0.001640 0
0.365129 0.454259 0.088336 0
-0.223954 0.400623 -0.056157 0
-0.449537 -0.206147 0.333974 0
0.474597 -0.022207 0.001640 0
-0.104560 0.258557 0.088336 2
0.299891 0.454259 0.088336 0
0.186305 -0.337664 -0.157303 0
-0.512810 -0.069095 0.319524 0
0.381674 -0.147165 -0.099505 0
-0.526942 0.072248 0.319524 0
0.378177 0.441211 0.088336 0
0.380619 0.495887 0.146133 0
-0.131652 -0.095060 -0.243998 0
-0.083363 -0.343617 -0.070607 0
-0.277431 -0.287626 0.001640 0
0.329006 -0.367386 -0.157303 0
0.307231 -0.386806 -0.171752 0
0.305222 -0.218746 -0.157303 0
0.189903 -0.376417 -0.243998 0
0.141555 -0.440586 -0.113955 0
-0.338985 0.408960 0.117234 0
0.055495 0.441240 -0.157303 0
-0.020436 -0.161368 -0.229549 0
0.245764 -0.206855 -0.157303 0
-0.293730 -0.289403 0.088336 0
-0.075141 0.279133 0.059437 2
0.032897 -0.376547 -0.186201 0
0.462084 -0.295443 -0.113955 0
0.320206 -0.050773 -0.056157 0
-0.293296 -0.279751 0.102785 0
0.298532 0.005478 0.030538 1
-0.250714 0.302035 0.175031 2
-0.448858 0.173147 0.637409 0
-0.277431 -0.287626 0.001640 0
0.121138 0.278627 0.073886 2
0.257323 0.289016 0.160582 2
0.185004 -0.350437 -0.215100 0
-0.105340 0.344169 0.016089 0
0.277191 0.480903 0.102785 0
-0.292906 0.204907 0.348423 2
-0.114111 0.006908 -0.070607 1
0.055495 0.435287 -0.157303 0
0.094393 -0.380896 -0.171752 0
-0.252838 -0.328055 -0.012810 0
-0.112449 0.369817 -0.113955 0
-0.294626 -0.101736 0.059437 1
0.254231 0.501233 0.117234 0
0.474597 -0.022207 0.001640 0
0.337083 -0.273639 -0.128404 0
0.213455 0.214588 0.175031 2
0.216027 -0.349556 -0.157303 0
-0.284829 -0.259840 0.160582 0
-0.371294 -0.130418 0.391771 1
-0.100687 -0.091217 -0.171752 0
0.401614 -0.295443 -0.113955 0
-0.333061 0.133802 0.536264 2
-0.083984 -0.126719 -0.229549 0
-0.075141 0.266230 0.059437 2
-0.118055 -0.462723 0.016089 0
0.199049 -0.138264 -0.229549 0
0.023808 0.259164 0.073886 2
0.088483 -0.315860 -0.171752 0
0.121138 0.265652 0.073886 2
0.094393 -0.274477 -0.171752 0
-0.412171 0.436587 0.175031 0
0.138030 -0.011543 -0.070607 1
-0.211210 0.295706 0.160582 2
-0.068379 -0.025530 -0.099505 1
0.465422 -0.136718 -0.027259 0
-0.108288 0.316672 0.117234 0
-0.073884 -0.419953 -0.041708 0
0.277191 0.480903 0.102785 0
0.065581 -0.249495 -0.200650 0
-0.097219 -0.033868 -0.085056 1
-0.162053 0.454027 -0.128404 0
-0.272851 -0.146370 -0.041708 0
-0.041098 0.304593 0.073886 2
0.054643 -0.178693 -0.229549 0
0.078094 -0.109409 -0.258448 0
0.190350 0.029608 -0.056157 1
-0.119442 -0.464572 0.001640 0
0.088700 0.233213 0.073886 2
0.262135 -0.159071 -0.186201 0
0.580395 0.154190 0.088336 0
-0.351354 -0.221925 0.203930 0
0.422608 -0.247920 -0.085056 0
-0.448858 0.173147 0.637409 0
0.043271 0.291617 0.073886 2
0.151626 0.395118 0.030538 0
0.379795 -0.119494 -0.085056 0
-0.097219 -0.033868 -0.085056 1
-0.363448 0.210311 0.521814 2
0.147667 -0.078617 -0.142853 0
-0.348623 0.204315 0.492916 2
-0.287690 -0.084772 0.073886 1
-0.200200 0.406634 -0.070607 0
0.436408 -0.250549 -0.099505 0
0.147609 -0.315860 -0.171752 0
0.488858 0.300489 -0.012810 0
0.131874 0.006908 -0.070607 1
-0.338985 0.461685 0.117234 0
0.037665 -0.426845 -0.157303 0
-0.505123 0.038538 0.305075 0
0.527929 -0.174228 -0.027259 0
0.043271 0.298105 0.073886 2
-0.037703 -0.371634 -0.142853 0
-0.099098 0.447178 -0.157303 0
-0.343710 -0.376128 0.276176 0
-0.568425 0.136995 0.305075 0
-0.385440 -0.410185 0.247278 0
-0.442139 -0.238701 0.319524 0
-0.385194 0.376016 0.146133 0
-0.197815 0.275622 0.160582 2
0.100924 -0.160776 -0.258448 0
-0.417430 0.220700 0.622960 0
0.291192 -0.252038 -0.142853 0
-0.535496 0.197769 0.348423 0
0.113422 0.043812 -0.070607 1
-0.115570 -0.046106 -0.085056 1
0.271758 -0.185802 -0.171752 0
0.125083 0.456729 -0.041708 0
0.204482 0.309751 0.131683 2
0.277306 0.261100 0.189481 2
-0.006102 0.440850 -0.171752 0
0.170772 -0.342996 -0.200650 0
0.241790 -0.068098 -0.099505 0
0.288057 0.357535 -0.085056 0
-0.051964 -0.368008 -0.113955 0
0.184166 -0.118020 -0.243998 0
0.187258 0.046369 -0.041708 1
-0.165984 -0.067954 -0.027259 1
-0.115570 -0.046106 -0.085056 1
-0.110946 -0.055932 -0.099505 1
-0.365283 0.389266 0.131683 0
-0.100355 -0.247053 -0.113955 0
0.269547 -0.367386 -0.157303 0
0.465422 -0.155473 -0.027259 0
0.162218 -0.206089 -0.186201 0
-0.317990 -0.283234 0.175031 0
0.155152 0.426761 0.016089 0
0.184094 -0.070569 -0.085056 0
-0.526942 0.072248 0.319524 0
0.370288 -0.024273 0.059437 1
0.086243 0.021170 -0.085056 1
-0.356714 -0.045528 0.406220 1
0.099219 -0.071667 -0.113955 0
-0.101915 0.472075 -0.128404 0
-0.293730 -0.289403 0.088336 0
0.181710 -0.369308 -0.229549 0
0.018837 -0.220264 -0.200650 0
-0.370990 0.232939 0.521814 0
0.135775 -0.321770 -0.171752 0
-0.570260 -0.028623 0.333974 0
0.287378 -0.212808 -0.157303 0
-0.252838 -0.309199 -0.012810 0
0.181045 0.040156 -0.041708 1
-0.015855 -0.260375 -0.157303 0
-0.187903 -0.282121 -0.070607 0
0.172274 0.336641 0.102785 2
-0.371294 -0.130418 0.391771 1
-0.047485 -0.085293 -0.171752 0
0.074048 -0.323648 -0.186201 0
0.286698 -0.083761 -0.113955 0
-0.076441 -0.164518 -0.215100 0
-0.438049 -0.062781 0.478467 0
-0.363925 -0.054805 0.420669 1
0.512512 0.104195 0.001640 0
0.405081 0.338014 0.001640 0
-0.264788 0.350657 0.001640 0
-0.098794 -0.062015 -0.099505 1
-0.010581 0.279133 0.059437 2
-0.151014 0.486582 -0.070607 0
0.109015 -0.296036 -0.157303 0
0.244449 0.421401 0.073886 0
0.275153 -0.020069 -0.012810 1
-0.151014 0.486582 -0.070607 0
-0.223102 -0.109076 -0.041708 0
0.557493 0.137111 0.059437 0
0.181724 0.296906 0.117234 2
-0.554366 0.052597 0.305075 0
0.419748 -0.301483 -0.113955 0
0.023389 -0.135258 -0.243998 0
-0.214230 -0.047479 0.001640 1
0.354769 -0.013393 0.073886 1
-0.211210 0.295706 0.160582 2
0.267264 -0.275951 -0.142853 0
0.322923 -0.041165 0.001640 1
-0.050129 0.515740 -0.099505 0
-0.131652 -0.089324 -0.243998 0
-0.057137 -0.208574 -0.200650 0
0.150456 -0.341276 -0.186201 0
0.463717 -0.133207 -0.012810 0
-0.027747 0.435287 -0.157303 0
-0.035767 -0.333777 -0.128404 0
0.237368 -0.258020 -0.142853 0
0.427911 0.375914 -0.027259 0
0.028143 -0.187767 -0.215100 0
0.054643 -0.190252 -0.229549 0
-0.121480 0.283728 0.117234 2
0.043098 -0.167148 -0.229549 0
-0.282734 0.433437 0.030538 0
0.108163 0.298105 0.073886 2
-0.116928 0.423395 -0.157303 0
0.022840 -0.001198 -0.099505 1
-0.149035 0.323536 0.102785 0
-0.192021 0.394554 -0.041708 0
0.211822 0.000753 -0.070607 1
0.257323 0.315791 0.160582 2
0.021149 -0.335410 -0.186201 0
-0.311950 -0.050181 0.146133 1
-0.400756 -0.105233 0.464017 1
-0.110267 -0.409708 0.030538 0
0.170165 -0.357749 -0.229549 0
0.217746 0.329633 0.131683 2
0.213455 -0.269969 -0.142853 0
0.086243 0.021170 -0.085056 1
0.255315 -0.263987 -0.142853 0
0.125733 0.062249 -0.070607 1
0.168460 -0.307927 -0.157303 0
-0.107955 -0.011543 -0.070607 1
0.455640 0.097867 0.001640 0
0.518826 0.097867 0.001640 0
0.128753 0.388803 0.044988 0
0.476288 0.325631 -0.012810 0
-0.131941 -0.454674 0.073886 0
0.199049 -0.138264 -0.229549 0
0.243495 0.227303 0.189481 2
-0.365008 -0.117529 0.189481 0
-0.112449 0.369817 -0.113955 0
-0.185418 0.282789 0.146133 2
0.360650 0.049707 0.146133 1
-0.391783 -0.279896 0.131683 0
-0.246553 -0.296628 -0.012810 0
-0.431085 -0.074282 0.507365 0
-0.363925 -0.054805 0.420669 1
-0.358665 -0.114264 0.131683 0
-0.412344 0.321961 0.189481 0
0.425802 -0.289389 -0.113955 0
-0.034033 -0.135258 -0.243998 0
-0.119948 0.460038 -0.128404 0
-0.007562 0.521823 -0.099505 0
-0.469448 0.186845 0.536264 0
-0.440910 0.341438 0.261727 0
-0.047485 -0.085293 -0.171752 0
0.245764 -0.206855 -0.157303 0
-0.083984 -0.132499 -0.229549 0
0.336216 0.487463 0.102785 0
0.313993 -0.037032 0.016089 1
-0.275249 -0.366404 0.059437 0
-0.295767 0.293322 0.247278 0
-0.334491 0.222087 0.435119 2
0.076663 -0.386806 -0.171752 0
-0.243692 -0.407469 0.044988 0
0.339019 -0.228110 -0.142853 0
0.088700 0.304593 0.073886 2
-0.481744 0.073924 0.449568 0
-0.037631 -0.223731 -0.186201 0
-0.072757 -0.327420 -0.085056 0
-0.103476 0.453579 -0.142853 0
0.109015 -0.397123 -0.157303 0
0.001989 -0.272267 -0.157303 0
-0.098794 0.363705 -0.099505 0
0.023808 0.304593 0.073886 2
-0.091107 -0.443621 -0.085056 0
0.118046 -0.239004 -0.171752 0
-0.320447 -0.495523 0.059437 0
0.326391 -0.044589 -0.056157 0
-0.405307 0.409495 0.160582 0
-0.140033 0.236883 0.131683 2
-0.143428 -0.194342 -0.186201 0
0.309991 0.507143 0.102785 0
0.147393 -0.372212 -0.200650 0
0.454614 -0.165024 -0.041708 0
-0.349591 0.267617 0.391771 0
0.150629 -0.313881 -0.157303 0
-0.083363 -0.337476 -0.070607 0
-0.059304 -0.434099 -0.171752 0
-0.088868 0.405377 -0.171752 0
0.055495 -0.444690 -0.157303 0
-0.072901 -0.206089 -0.186201 0
-0.288644 -0.291874 0.044988 0
-0.068379 -0.025530 -0.099505 1
0.377426 -0.216825 -0.113955 0
0.302853 0.434376 0.073886 0
-0.033830 -0.077721 -0.113955 0
0.401614 -0.295443 -0.113955 0
0.121138 0.278627 0.073886 2
-0.488102 0.208173 0.420669 0
0.001989 -0.272267 -0.157303 0
-0.068379 -0.426917 -0.099505 0
0.088483 -0.315860 -0.171752 0
0.172274 0.336641 0.102785 2
0.150326 0.000753 -0.070607 1
0.001310 -0.185210 -0.200650 0
-0.037775 -0.155603 -0.229549 0
-0.553514 0.222131 0.290626 0
0.234450 0.343042 0.117234 2
-0.008891 -0.144044 -0.229549 0
-0.284829 -0.246446 0.160582 0
0.063587 -0.169705 -0.243998 0
0.340898 -0.379278 -0.157303 0
-0.097219 -0.033868 -0.085056 1
-0.345415 0.455516 0.131683 0
-0.105340 0.344169 0.016089 0
0.580395 0.154190 0.088336 0
0.012985 -0.085856 -0.200650 0
-0.344895 -0.269781 0.175031 0
0.383465 -0.271241 -0.113955 0
-0.143573 -0.075511 -0.056157 1
0.437694 -0.174445 -0.056157 0
0.120994 -0.140995 -0.243998 0
0.079279 -0.420906 -0.157303 0
0.170165 -0.086290 -0.229549 0
0.517309 0.185328 0.016089 0
-0.365081 -0.202505 0.175031 0
0.480911 0.123153 0.001640 0
0.144676 -0.272267 -0.157303 0
-0.238447 0.132906 0.449568 2
-0.165724 -0.185802 -0.171752 0
0.212631 -0.197622 -0.171752 0
-0.279671 0.323276 0.117234 0
0.059339 -0.068098 -0.099505 1
0.155152 0.445835 0.016089 0
-0.203162 0.436341 -0.113955 0
-0.278515 -0.124219 -0.027259 0
0.032897 -0.376547 -0.186201 0
0.135775 -0.386806 -0.171752 0
-0.488102 0.208173 0.420669 0
0.412075 -0.280951 -0.099505 0
-0.312630 -0.428146 0.117234 0
-0.570260 -0.028623 0.333974 0
-0.302703 -0.123309 0.001640 0
-0.121480 0.250769 0.117234 2
-0.081730 -0.372328 -0.056157 0
-0.234762 -0.268004 -0.027259 0
0.262135 -0.159071 -0.186201 0
-0.242507 -0.230104 -0.056157 0
0.349119 -0.201465 -0.128404 0
0.465422 -0.155473 -0.027259 0
0.468138 -0.277295 -0.113955 0
0.049557 0.470962 -0.157303 0
-0.321053 -0.115882 0.030538 0
0.159169 0.231725 0.102785 2
-0.027747 0.435287 -0.157303 0
0.488858 0.300489 -0.012810 0
-0.400756 -0.105233 0.464017 1
0.523652 0.115451 0.016089 0
0.181710 -0.144044 -0.229549 0
-0.095688 -0.403495 -0.012810 0
-0.074462 -0.013364 -0.099505 1
0.299891 0.447742 0.088336 0
-0.162053 0.448016 -0.128404 0
0.074019 0.057856 -0.085056 1
0.391210 -0.393915 -0.128404 0
0.283751 0.461238 0.102785 0
0.071505 0.029218 -0.099505 1
0.055495 0.435287 -0.157303 0
0.095072 -0.196032 -0.229549 0
0.474597 -0.022207 0.001640 0
-0.012012 0.470413 -0.171752 0
0.354769 -0.013393 0.073886 1
0.319050 -0.380896 -0.171752 0
-0.371265 -0.118237 0.406220 1
0.008506 -0.053533 -0.113955 1
-0.143428 -0.194342 -0.186201 0
0.418158 -0.396502 -0.099505 0
0.095216 -0.149361 -0.258448 0
0.243220 0.040156 -0.041708 1
-0.271117 -0.325541 0.001640 0
0.321507 0.300576 0.232829 0
0.277061 0.232650 0.218379 2
-0.575462 0.115899 0.305075 0
0.017551 -0.280387 -0.171752 0
0.413708 -0.416398 -0.113955 0
0.195986 0.479256 0.059437 0
-0.271117 -0.293941 0.001640 0
-0.170001 0.508646 0.001640 0
0.324758 -0.052218 -0.085056 0
0.116818 0.015058 -0.085056 1
0.401816 0.503848 0.175031 0
-0.282734 0.433437 0.030538 0
-0.099098 0.447178 -0.157303 0
0.172274 0.336641 0.102785 2
-0.035767 -0.309719 -0.128404 0
0.339019 -0.228110 -0.142853 0
0.110706 -0.015531 -0.085056 1
0.177577 -0.258020 -0.142853 0
0.291322 0.394886 0.001640 0
-0.352033 0.415766 0.131683 0
-0.116928 0.423395 -0.157303 0
-0.128820 -0.177132 -0.157303 0
0.396311 -0.036136 -0.070607 0
0.185004 -0.083183 -0.215100 0
-0.179580 0.027715 -0.041708 1
-0.062223 0.285592 0.059437 2
-0.358260 -0.320354 0.189481 0
-0.086628 -0.262716 -0.099505 0
-0.524095 0.258254 0.261727 0
-0.495948 0.200066 0.435119 0
0.381674 -0.323533 -0.099505 0
-0.553514 0.222131 0.290626 0
-0.035767 -0.333777 -0.128404 0
0.245764 -0.194963 -0.157303 0
0.083657 -0.062015 -0.099505 1
-0.363925 -0.054805 0.420669 1
-0.065214 -0.440008 -0.171752 0
0.290715 0.239484 0.218379 2
-0.053192 -0.176150 -0.215100 0
0.436408 -0.250549 -0.099505 0
-0.019757 -0.281933 -0.142853 0
-0.021794 0.476915 -0.157303 0
-0.082207 0.490772 -0.113955 0
0.276960 -0.087214 -0.128404 0
-0.053192 -0.176150 -0.215100 0
0.359277 -0.301483 -0.113955 0
-0.385165 0.356133 0.131683 0
0.234450 0.343042 0.117234 2
-0.345588 0.435330 0.117234 0
0.221272 0.514425 0.117234 0
-0.006102 -0.079383 -0.171752 0
0.072386 -0.103701 -0.258448 0
0.171595 -0.252038 -0.142853 0
-0.348623 0.196844 0.492916 2
-0.304538 0.315487 0.175031 0
0.010139 0.417702 -0.142853 0
0.517309 0.185328 0.016089 0
0.204135 -0.343603 -0.157303 0
0.135775 -0.386806 -0.171752 0
0.121138 0.278627 0.073886 2
0.034876 -0.129508 -0.243998 0
-0.044624 0.260363 0.044988 2
-0.037977 -0.062015 -0.099505 1
-0.365283 0.389266 0.131683 0
-0.184435 0.248862 0.160582 2
0.523002 -0.152598 -0.041708 0
-0.405307 0.409495 0.160582 0
-0.487452 -0.604037 0.622960 0
0.468615 0.023424 -0.056157 0
0.170165 -0.357749 -0.229549 0
-0.207915 -0.053793 0.001640 1
0.135775 -0.386806 -0.171752 0
-0.252838 -0.309199 -0.012810 0
-0.074462 -0.268799 -0.099505 0
0.263594 -0.373339 -0.157303 0
0.125733 0.062249 -0.070607 1
-0.013645 -0.013364 -0.099505 1
-0.150638 -0.138452 -0.200650 0
-0.287213 -0.367690 0.088336 0
0.371718 -0.091491 -0.070607 0
-0.178974 0.418193 -0.113955 0
-0.250714 0.302035 0.175031 2
-0.167140 0.021502 -0.041708 1
-0.006102 0.440850 -0.171752 0
0.527929 -0.167972 -0.027259 0
0.345001 -0.425444 -0.142853 0
0.143332 0.330312 0.088336 0
-0.003415 0.049953 -0.070607 1
-0.037703 -0.335757 -0.142853 0
-0.050129 -0.007281 -0.099505 1
0.144647 -0.075178 -0.128404 0
0.001310 -0.196899 -0.200650 0
0.365317 -0.265201 -0.113955 0
-0.358044 -0.341002 0.218379 0
-0.449883 -0.287409 0.348423 0
-0.371915 0.362766 0.131683 0
-0.021794 -0.254422 -0.157303 0
-0.554366 0.052597 0.305075 0
0.365389 0.357159 -0.027259 0
-0.057137 -0.208574 -0.200650 0
0.201491 -0.329775 -0.142853 0
0.412956 -0.019852 -0.056157 0
0.168460 -0.307927 -0.157303 0
0.089509 -0.126531 -0.258448 0
-0.165984 -0.017930 -0.027259 1
0.141281 -0.138264 -0.229549 0
-0.148486 -0.046901 -0.041708 1
-0.171113 -0.057781 -0.012810 1
-0.269383 -0.060700 0.044988 1
0.043271 0.272140 0.073886 2
-0.351354 -0.228716 0.203930 0
0.190350 -0.026036 -0.056157 1
0.138738 -0.284144 -0.157303 0
-0.417430 0.220700 0.622960 0
-0.128069 0.244180 0.117234 2
0.248104 -0.179892 -0.171752 0
0.005717 -0.374972 -0.171752 0
0.460827 -0.158811 -0.041708 0
0.302607 -0.068098 -0.099505 0
-0.183857 0.330544 0.073886 0
-0.121422 0.417702 -0.142853 0
0.181724 0.296906 0.117234 2
-0.385136 -0.487460 0.117234 0
0.255315 -0.263987 -0.142853 0
-0.358463 0.469734 0.160582 0
0.115185 -0.347157 -0.186201 0
-0.106597 -0.185802 -0.171752 0
0.326391 -0.044589 -0.056157 0
-0.508186 0.109657 0.377321 0
0.121138 0.278627 0.073886 2
-0.002158 0.311080 0.073886 0
0.129736 0.401360 0.016089 0
0.074048 -0.358919 -0.186201 0
0.299891 0.454259 0.088336 0
0.115185 -0.347157 -0.186201 0
0.150629 -0.313881 -0.157303 0
-0.322542 -0.036830 0.290626 1
0.199396 0.414480 0.044988 0
0.055495 0.435287 -0.157303 0
-0.068379 -0.025530 -0.099505 1
-0.201601 -0.091723 0.001640 0
-0.355486 0.161285 0.579612 2
0.015268 -0.358919 -0.186201 0
-0.534007 -0.040832 0.319524 0
0.448400 -0.171252 -0.041708 0
-0.391783 -0.279896 0.131683 0
0.074048 -0.317767 -0.186201 0
0.005717 -0.262658 -0.171752 0
0.089509 -0.126531 -0.258448 0
-0.533256 0.031501 0.305075 0
-0.132086 0.350657 0.001640 0
-0.371265 -0.118237 0.406220 1
-0.541073 0.093445 0.319524 0
0.277061 0.232650 0.218379 2
0.269547 -0.367386 -0.157303 0
0.182476 0.499933 0.088336 0
-0.055634 -0.419462 -0.142853 0
-0.093145 0.411503 -0.157303 0
-0.412171 0.436587 0.175031 0
0.378177 -0.021947 0.088336 1
0.379795 -0.119494 -0.085056 0
0.493352 -0.248656 -0.056157 0
0.231459 0.427889 0.073886 0
0.234854 -0.315730 -0.128404 0
0.279228 -0.353688 -0.142853 0
-0.086513 0.291617 0.073886 2
-0.084981 0.323796 0.088336 0
0.511905 0.041977 -0.056157 0
0.337083 -0.171396 -0.128404 0
0.298532 0.005478 0.030538 1
-0.028296 -0.100797 -0.243998 0
-0.378533 -0.472028 0.131683 0
0.053256 0.053536 -0.099505 1
-0.119442 -0.464572 0.001640 0
-0.516683 0.187134 0.406220 0
-0.269383 -0.060700 0.044988 1
-0.148731 0.412139 -0.113955 0
0.021698 0.233950 0.059437 2
-0.033830 -0.077721 -0.113955 0
-0.268805 -0.088833 0.059437 1
-0.103129 0.303856 0.102785 0
-0.351498 -0.252746 0.189481 0
0.074048 -0.358919 -0.186201 0
-0.057137 -0.208574 -0.200650 0
0.138709 -0.335410 -0.186201 0
-0.283745 -0.116994 0.001640 0
0.381674 -0.122832 -0.099505 0
-0.201601 -0.091723 0.001640 0
-0.540293 -0.017728 0.305075 0
-0.125020 0.011055 -0.056157 1
0.507715 0.093069 -0.012810 0
0.339019 -0.204196 -0.142853 0
-0.247261 0.375914 -0.027259 0
0.485709 0.058810 -0.041708 0
-0.203624 0.234759 0.175031 2
0.234117 0.302772 0.146133 2
-0.035767 -0.333777 -0.128404 0
0.227919 -0.212808 -0.157303 0
-0.031721 -0.347706 -0.142853 0
-0.183684 0.369629 -0.012810 0
0.477920 0.075831 -0.027259 0
-0.223954 0.400623 -0.056157 0
0.419748 -0.301483 -0.113955 0
0.135775 -0.327680 -0.171752 0
0.047172 0.047453 -0.099505 1
-0.449883 -0.294547 0.348423 0
0.255315 -0.263987 -0.142853 0
0.092283 -0.100797 -0.243998 0
0.108163 0.298105 0.073886 2
0.490434 0.063333 -0.027259 0
0.243220 -0.022019 -0.041708 1
0.269547 -0.367386 -0.157303 0
-0.131652 -0.095060 -0.243998 0
-0.541073 0.093445 0.319524 0
0.129736 0.401360 0.016089 0
-0.442442 -0.191943 0.333974 0
0.136801 0.252041 0.088336 2
0.121066 -0.370666 -0.186201 0
0.109015 -0.397123 -0.157303 0
0.032897 -0.341276 -0.186201 0
-0.160926 -0.295602 -0.041708 0
-0.319522 0.421892 0.102785 0
-0.262346 -0.385780 0.059437 0
0.429746 -0.028247 -0.041708 0
0.381572 0.395118 0.030538 0
0.416496 0.475383 0.131683 0
-0.197815 0.262242 0.160582 2
0.247642 0.507822 0.117234 0
-0.181213 -0.228110 -0.142853 0
0.023461 -0.315860 -0.171752 0
0.284069 0.308436 0.189481 0
0.483772 -0.247920 -0.085056 0
0.110706 -0.015531 -0.085056 1
0.118046 -0.239004 -0.171752 0
0.341129 -0.089815 -0.113955 0
0.287378 -0.153349 -0.157303 0
0.442491 -0.256632 -0.099505 0
0.213455 -0.269969 -0.142853 0
-0.299856 -0.050239 0.102785 1
-0.391855 0.349385 0.146133 0
0.345175 -0.074181 -0.099505 0
0.055495 0.441240 -0.157303 0
0.375590 -0.153233 -0.099505 0
-0.119442 -0.464572 0.001640 0
-0.244400 -0.045629 0.030538 1
-0.098794 -0.049849 -0.099505 1
-0.355486 0.161285 0.579612 2
0.147667 -0.078617 -0.142853 0
-0.240267 0.388485 -0.012810 0
0.477920 0.075831 -0.027259 0
-0.021621 0.324056 0.073886 0
0.022840 0.023135 -0.099505 1
-0.325966 0.143469 0.507365 2
-0.351628 0.483677 0.175031 0
-0.284829 -0.259840 0.160582 0
0.241053 0.336453 0.117234 2
0.297550 0.246304 0.218379 2
-0.033830 -0.077721 -0.113955 0
0.365129 0.447742 0.088336 0
-0.481744 0.073924 0.449568 0
-0.084649 -0.194342 -0.186201 0
-0.356714 -0.060079 0.406220 1
0.123754 -0.419462 -0.142853 0
-0.165724 -0.185802 -0.171752 0
0.246746 -0.150141 -0.200650 0
-0.333061 0.133802 0.536264 2
0.201491 -0.287915 -0.142853 0
0.456044 -0.283349 -0.113955 0
-0.118966 0.330544 0.073886 0
0.252901 -0.345799 -0.128404 0
-0.299856 -0.050239 0.102785 1
-0.423586 -0.096809 0.507365 0
-0.284829 -0.246446 0.160582 0
0.339019 -0.228110 -0.142853 0
0.071505 0.029218 -0.099505 1
-0.294626 -0.101736 0.059437 1
0.086243 -0.052218 -0.085056 1
-0.110990 -0.224699 -0.157303 0
-0.500846 0.376276 0.565162 0
-0.074462 -0.013364 -0.099505 1
0.287378 -0.212808 -0.157303 0
0.329006 -0.373339 -0.157303 0
-0.469448 0.186845 0.536264 0
-0.299856 -0.050239 0.102785 1
-0.057469 0.423395 -0.157303 0
-0.115440 0.387806 -0.142853 0
-0.275798 -0.015748 0.044988 1
0.309991 0.507143 0.102785 0
-0.244400 0.337624 0.030538 0
0.170772 -0.173520 -0.200650 0
0.000414 -0.106548 -0.243998 0
-0.010581 0.279133 0.059437 2
0.376746 -0.001631 0.131683 1
0.092283 -0.100797 -0.243998 0
-0.088261 -0.440586 -0.113955 0
0.057200 -0.088992 -0.215100 0
-0.378533 0.429290 0.146133 0
0.371718 -0.091491 -0.070607 0
0.414762 -0.189877 -0.070607 0
-0.070618 -0.170327 -0.215100 0
-0.059001 -0.181958 -0.215100 0
0.036783 0.324056 0.073886 0
-0.016809 -0.095060 -0.243998 0
0.249101 0.203650 0.247278 2
-0.197107 0.466569 -0.113955 0
0.194902 0.323276 0.117234 2
0.321088 -0.126459 -0.142853 0
0.098034 -0.095060 -0.243998 0
0.118046 -0.239004 -0.171752 0
-0.035767 -0.297683 -0.128404 0
0.100924 -0.160776 -0.258448 0
0.189903 -0.376417 -0.243998 0
-0.101915 0.472075 -0.128404 0
0.315106 -0.263987 -0.142853 0
-0.548139 0.128774 0.319524 0
-0.153485 0.500944 -0.027259 0
0.210594 -0.375088 -0.229549 0
0.283592 0.217449 0.247278 2
-0.363982 -0.110969 0.406220 1
-0.003415 0.049953 -0.070607 1
0.451146 -0.038925 -0.012810 0
0.418158 -0.396502 -0.099505 0
-0.023831 -0.422279 -0.171752 0
0.341129 -0.295443 -0.113955 0
0.261282 -0.287915 -0.142853 0
-0.099098 0.447178 -0.157303 0
-0.239401 0.316383 0.131683 0
-0.163311 0.400478 -0.070607 0
0.160859 0.375958 0.044988 0
0.554025 0.254584 0.030538 0
-0.062295 0.035287 -0.099505 1
-0.159900 0.217001 0.131683 2
0.244449 0.421401 0.073886 0
-0.205401 0.309419 0.146133 2
0.398146 -0.192882 -0.085056 0
0.202445 -0.367863 -0.215100 0
-0.371886 -0.269926 0.146133 0
-0.033686 0.429348 -0.157303 0
-0.037775 -0.155603 -0.229549 0
0.185004 -0.350437 -0.215100 0
-0.165680 -0.256632 -0.099505 0
0.022334 -0.211002 -0.215100 0
0.442187 -0.140157 -0.041708 0
-0.037977 -0.049849 -0.099505 1
-0.338985 0.461685 0.117234 0
0.315106 -0.263987 -0.142853 0
-0.011607 0.045632 -0.085056 1
-0.021621 0.298105 0.073886 2
0.194902 0.263947 0.117234 2
-0.154713 -0.003365 -0.041708 1
0.132828 -0.082663 -0.186201 0
0.321507 0.300576 0.232829 0
0.268088 -0.046901 -0.041708 1
0.210594 -0.132499 -0.229549 0
-0.092711 -0.080264 -0.099505 0
-0.166533 0.303133 0.131683 2
-0.492148 0.042381 0.333974 0
-0.343363 -0.123222 0.305075 1
-0.059001 -0.193576 -0.215100 0
-0.133400 0.276633 0.131683 2
0.008781 0.227491 0.059437 2
-0.252838 -0.328055 -0.012810 0
0.283592 0.217449 0.247278 2
0.363150 -0.026354 -0.012810 1
-0.057137 -0.208574 -0.200650 0
0.195509 -0.263987 -0.142853 0
0.554025 0.254584 0.030538 0
0.486489 -0.062997 0.059437 0
0.138738 -0.284144 -0.157303 0
0.261022 -0.060743 -0.070607 0
-0.498679 -0.026701 0.319524 0
0.204482 0.309751 0.131683 2
0.177982 -0.019852 -0.056157 1
0.076663 -0.386806 -0.171752 0
-0.561389 0.207320 0.305075 0
0.008506 -0.053533 -0.113955 1
-0.244400 -0.045629 0.030538 1
-0.053799 -0.279650 -0.128404 0
0.170772 -0.173520 -0.200650 0
-0.275249 0.408237 0.059437 0
0.166928 -0.123771 -0.243998 0
-0.021736 -0.071667 -0.113955 0
0.047519 0.240394 0.059437 2
0.336216 0.487463 0.102785 0
-0.277431 0.458088 0.001640 0
0.000414 -0.106548 -0.243998 0
-0.246553 -0.315484 -0.012810 0
-0.548139 0.107577 0.319524 0
-0.087206 0.441240 -0.157303 0
0.020600 -0.029345 -0.113955 1
-0.533256 0.031501 0.305075 0
0.109015 -0.397123 -0.157303 0
0.360650 0.515870 0.146133 0
-0.294134 0.249526 0.305075 2
-0.056212 -0.043765 -0.099505 1
0.094812 -0.220264 -0.200650 0
-0.088059 -0.141284 -0.215100 0
0.281439 -0.361448 -0.157303 0
0.395559 -0.283349 -0.113955 0
-0.226497 -0.214050 -0.099505 0
0.329006 -0.373339 -0.157303 0
0.474597 -0.022207 0.001640 0
-0.172818 -0.094410 -0.186201 0
-0.252838 0.357058 -0.012810 0
0.359277 -0.301483 -0.113955 0
-0.154713 0.015289 -0.041708 1
0.261282 -0.287915 -0.142853 0
-0.292906 0.219168 0.348423 2
0.339034 0.473837 0.088336 0
-0.526942 0.072248 0.319524 0
-0.172818 -0.094410 -0.186201 0
0.401614 -0.386156 -0.113955 0
0.043603 -0.456582 -0.157303 0
-0.003588 -0.017237 -0.113955 1
0.296524 0.351538 -0.099505 0
-0.355486 0.161285 0.579612 2
-0.166879 -0.247053 -0.113955 0
-0.311950 -0.050181 0.146133 1
-0.302703 -0.123309 0.001640 0
0.182461 -0.348833 -0.200650 0
-0.053192 -0.176150 -0.215100 0
0.061781 0.063983 -0.085056 1
0.363496 0.004987 0.131683 1
-0.165435 0.256159 0.146133 2
0.523652 0.115451 0.016089 0
0.079929 -0.264869 -0.186201 0
0.184094 -0.070569 -0.085056 0
0.151626 0.395118 0.030538 0
0.067387 0.465023 -0.157303 0
0.109521 -0.186929 -0.243998 0
0.284069 0.308436 0.189481 0
0.343108 -0.357821 -0.128404 0
0.341129 -0.295443 -0.113955 0
0.140616 0.356509 0.073886 0
-0.051256 -0.112284 -0.243998 0
0.167853 0.420418 0.016089 0
-0.192021 0.394554 -0.041708 0
0.131874 0.006908 -0.070607 1
-0.086628 -0.262716 -0.099505 0
-0.205401 0.309419 0.146133 2
-0.252838 -0.309199 -0.012810 0
0.523652 0.267935 0.016089 0
-0.162053 0.448016 -0.128404 0
0.268088 -0.046901 -0.041708 1
-0.337555 0.307772 0.218379 0
-0.317383 -0.242313 0.203930 0
0.294935 -0.017973 0.016089 1
0.371718 -0.091491 -0.070607 0
0.035006 -0.068098 -0.099505 1
0.181724 0.290317 0.117234 2
0.149705 -0.100797 -0.243998 0
-0.057137 -0.208574 -0.200650 0
-0.215126 0.011359 -0.012810 1
0.135169 0.027282 -0.085056 1
-0.072424 -0.092055 -0.229549 0
0.217978 -0.042292 -0.070607 1
0.201491 -0.329775 -0.142853 0
-0.355486 0.161285 0.579612 2
0.071505 -0.007281 -0.099505 1
-0.351354 -0.228716 0.203930 0
-0.449883 -0.287409 0.348423 0
0.126846 -0.403062 -0.157303 0
-0.295767 0.293322 0.247278 0
-0.244400 0.337624 0.030538 0
-0.037977 -0.001198 -0.099505 1
-0.173367 0.388341 -0.041708 0
-0.028296 -0.123771 -0.243998 0
0.474597 -0.022207 0.001640 0
-0.320447 -0.495523 0.059437 0
-0.350400 -0.418609 0.305075 0
-0.247261 0.375914 -0.027259 0
-0.181213 -0.228110 -0.142853 0
0.511905 0.041977 -0.056157 0
-0.338985 0.408960 0.117234 0
0.263594 -0.373339 -0.157303 0
-0.171633 -0.191712 -0.171752 0
0.453183 -0.358009 -0.085056 0
-0.114111 0.006908 -0.070607 1
0.283751 0.461238 0.102785 0
-0.000900 -0.088992 -0.215100 0
-0.189969 -0.026354 -0.012810 1
0.047172 0.047453 -0.099505 1
-0.301070 -0.489064 0.059437 0
-0.294178 0.343534 0.073886 0
-0.219533 0.473722 -0.085056 0
-0.089879 -0.087214 -0.128404 0
-0.112521 -0.203531 -0.171752 0
-0.295059 0.465861 0.044988 0
0.017551 -0.298131 -0.171752 0
-0.385974 -0.025574 0.478467 1
0.179196 -0.356246 -0.215100 0
-0.570260 -0.028623 0.333974 0
-0.029944 0.337234 0.059437 0
-0.110946 -0.055932 -0.099505 1
-0.100283 -0.291932 -0.056157 0
-0.271117 -0.293941 0.001640 0
-0.233187 -0.091723 0.001640 0
0.311161 -0.355495 -0.157303 0
0.414762 -0.189877 -0.070607 0
-0.114111 0.006908 -0.070607 1
-0.365283 0.389266 0.131683 0
0.395559 -0.283349 -0.113955 0
0.103062 -0.409015 -0.157303 0
0.231459 0.453854 0.073886 0
0.414907 0.461238 0.102785 0
-0.018933 0.241102 0.044988 2
-0.214606 0.323536 0.102785 0
0.138232 -0.112284 -0.243998 0
0.345550 0.460790 0.088336 0
0.179846 -0.188461 -0.186201 0
0.463717 -0.133207 -0.012810 0
0.510576 0.052582 -0.041708 0
0.349119 -0.237545 -0.128404 0
0.363496 -0.026036 -0.056157 0
-0.221469 0.212161 0.218379 2
-0.492148 -0.057030 0.333974 0
0.072386 -0.103701 -0.258448 0
-0.056212 -0.043765 -0.099505 1
-0.304538 0.315487 0.175031 0
0.341129 -0.337765 -0.113955 0
0.270732 -0.056958 -0.056157 0
-0.103476 -0.234092 -0.142853 0
-0.059001 -0.088992 -0.215100 0
-0.197107 0.466569 -0.113955 0
0.361257 0.427889 0.073886 0
0.088700 0.304593 0.073886 2
-0.223102 -0.295602 -0.041708 0
0.336216 0.487463 0.102785 0
-0.128820 -0.177132 -0.157303 0
-0.016231 -0.202737 -0.200650 0
0.086243 0.002819 -0.085056 1
-0.083984 -0.103614 -0.229549 0
0.396311 -0.036136 -0.070607 0
-0.163311 0.400478 -0.070607 0
0.338759 0.363531 -0.056157 0
0.457807 -0.380521 -0.070607 0
-0.292906 0.219168 0.348423 2
-0.349851 -0.118512 0.362872 1
0.034876 -0.129508 -0.243998 0
-0.057469 0.423395 -0.157303 0
-0.339202 -0.476464 0.102785 0
-0.084981 0.323796 0.088336 0
0.401614 -0.295443 -0.113955 0
-0.311257 0.129568 0.492916 2
0.355130 -0.219512 -0.128404 0
0.079929 -0.264869 -0.186201 0
0.448559 -0.274867 -0.099505 0
-0.385165 -0.273278 0.131683 0
-0.492148 0.042381 0.333974 0
-0.053395 -0.445918 -0.171752 0
-0.205401 0.309419 0.146133 2
-0.293730 -0.074123 0.088336 1
0.095187 0.343534 0.073886 0
-0.358463 0.469734 0.160582 0
-0.345415 0.455516 0.131683 0
0.436408 -0.329616 -0.099505 0
0.018837 -0.220264 -0.200650 0
-0.441214 0.383067 0.276176 0
-0.103129 0.303856 0.102785 0
-0.351498 -0.252746 0.189481 0
0.181724 0.290317 0.117234 2
-0.358463 -0.293305 0.160582 0
0.359277 -0.162394 -0.113955 0
-0.037977 -0.001198 -0.099505 1
-0.041098 0.304593 0.073886 2
-0.432905 0.294507 0.203930 0
0.040612 -0.095060 -0.243998 0
-0.134773 -0.165241 -0.157303 0
-0.351628 -0.256329 0.175031 0
-0.284829 -0.253136 0.160582 0
-0.453958 -0.015965 0.521814 0
0.159169 0.303856 0.102785 2
0.074048 -0.082663 -0.186201 0
-0.252838 0.357058 -0.012810 0
0.275153 -0.020069 -0.012810 1
-0.252838 -0.328055 -0.012810 0
0.282219 0.045560 0.016089 1
0.448400 -0.171252 -0.041708 0
-0.095688 -0.447493 -0.012810 0
0.071505 -0.007281 -0.099505 1
-0.031721 -0.078617 -0.142853 0
0.299891 0.454259 0.088336 0
-0.075141 0.279133 0.059437 2
0.057200 -0.088992 -0.215100 0
-0.179580 0.027715 -0.041708 1
-0.074462 -0.268799 -0.099505 0
-0.086513 0.291617 0.073886 2
0.349119 -0.237545 -0.128404 0
0.311161 -0.355495 -0.157303 0
-0.358564 -0.190021 0.146133 0
-0.371915 0.362766 0.131683 0
0.506198 0.249541 0.001640 0
-0.312962 -0.463344 0.102785 0
0.242195 -0.097127 -0.171752 0
-0.103129 0.303856 0.102785 0
0.497225 -0.250549 -0.099505 0
-0.200648 0.350527 0.016089 0
0.465422 -0.155473 -0.027259 0
0.162897 0.343360 0.088336 0
-0.358260 -0.320354 0.189481 0
0.262135 -0.159071 -0.186201 0
0.041190 -0.404535 -0.171752 0
-0.479851 -0.021860 0.391771 0
0.192966 0.472277 0.044988 0
0.288057 0.357535 -0.085056 0
0.183545 -0.246056 -0.142853 0
-0.068379 -0.025530 -0.099505 1
-0.469448 0.186845 0.536264 0
0.480911 0.123153 0.001640 0
-0.358044 -0.341002 0.218379 0
0.486272 -0.313577 -0.113955 0
0.195509 -0.263987 -0.142853 0
0.419748 -0.301483 -0.113955 0
0.223367 -0.097546 -0.200650 0
-0.319522 0.356321 0.102785 0
-0.282214 -0.503788 0.044988 0
0.001310 -0.208574 -0.200650 0
-0.292906 0.204907 0.348423 2
0.161770 -0.158710 -0.215100 0
0.017551 -0.280387 -0.171752 0
-0.172919 0.424247 -0.113955 0
