0.052905 0.043334 0.296000 0
0.075312 0.056844 0.305000 0
0.061457 0.054353 0.281000 0
0.060068 0.022530 0.297000 0
0.032263 0.072955 0.319000 0
0.026196 0.017171 0.301000 0
0.054507 0.041235 0.301000 0
0.027979 0.048238 0.305000 0
0.037085 0.053048 0.292000 0
0.041741 0.018176 0.306000 0
0.043900 0.010981 0.306000 0
0.010510 0.038451 0.319000 0
0.058516 0.059355 0.286000 0
0.017673 0.025952 0.313000 0
0.077527 0.028117 0.297000 0
0.062861 0.026720 0.297000 0
0.047899 0.053966 0.279000 0
0.036239 0.074167 0.321000 0
0.011296 0.012988 0.320000 0
0.026427 0.043220 0.321000 0
0.039413 0.024376 0.294000 0
0.055240 0.050082 0.283000 0
0.084226 0.081615 0.296000 0
0.045790 0.048737 0.295000 0
0.075178 0.062127 0.296000 0
0.051476 0.020202 0.304000 0
0.006929 0.047873 0.327000 0
0.079239 0.075276 0.293000 0
0.010127 0.054685 0.331000 0
0.029735 0.012924 0.301000 0
0.057853 0.021347 0.300000 0
0.014395 0.037298 0.322000 0
0.012761 0.069204 0.319000 0
0.060569 0.035809 0.303000 0
0.072681 0.072146 0.303000 0
0.067198 0.038586 0.314000 0
0.017762 0.018648 0.302000 0
0.048217 0.021054 0.306000 0
0.023259 0.051777 0.309000 0
0.019083 0.069153 0.312000 0
0.020551 0.039710 0.336000 0
0.031917 0.027927 0.295000 0
0.055433 0.049445 0.291000 0
0.041461 0.061337 0.289000 0
0.059866 0.023150 0.296000 0
0.003019 0.038571 0.320000 0
0.066422 0.034117 0.307000 0
0.027172 0.059517 0.304000 0
0.060769 0.076673 0.304000 0
0.012801 0.022770 0.320000 0
0.011785 0.028895 0.313000 0
0.019022 0.025054 0.311000 0
0.035345 0.054541 0.289000 0
0.083941 0.080646 0.295000 0
0.074324 0.075916 0.301000 0
0.035025 0.053734 0.292000 0
0.058363 0.068381 0.299000 0
0.079509 0.074150 0.294000 0
0.075178 0.062127 0.296000 0
0.031118 0.077966 0.315000 0
0.024073 0.022833 0.301000 0
0.032061 0.074734 0.317000 0
0.037974 0.009323 0.299000 0
0.075559 0.082933 0.306000 0
0.049162 0.017799 0.312000 0
0.067143 0.033395 0.307000 0
0.020353 0.052503 0.309000 0
0.048242 0.056335 0.281000 0
0.060350 0.052557 0.282000 0
0.007745 0.048939 0.329000 0
0.051476 0.020202 0.304000 0
0.073880 0.047988 0.308000 0
0.043116 0.031654 0.291000 0
0.053442 0.023385 0.299000 0
0.003760 0.039201 0.319000 0
0.013553 0.067164 0.320000 0
0.043161 0.048206 0.296000 0
0.049952 0.048044 0.295000 0
0.013511 0.062454 0.319000 0
0.075780 0.028779 0.304000 0
0.060562 0.024542 0.296000 0
0.055052 0.061337 0.289000 0
0.053973 0.077177 0.306000 0
0.025996 0.049998 0.307000 0
0.072909 0.068838 0.301000 0
0.051476 0.075243 0.304000 0
0.079721 0.060145 0.300000 0
0.073372 0.067199 0.300000 0
0.052905 0.043334 0.296000 0
0.050093 0.058272 0.284000 0
0.032832 0.024625 0.297000 0
0.032061 0.044918 0.317000 0
0.082415 0.072114 0.297000 0
0.034207 0.013723 0.303000 0
0.033756 0.050804 0.299000 0
0.014146 0.044971 0.334000 0
0.027976 0.078207 0.313000 0
0.069147 0.067225 0.297000 0
0.029992 0.066006 0.311000 0
0.039775 0.020779 0.302000 0
0.019629 0.017701 0.298000 0
0.034927 0.009959 0.297000 0
0.073475 0.023524 0.292000 0
0.040377 0.044726 0.296000 0
0.060647 0.081761 0.307000 0
0.017898 0.077715 0.317000 0
0.010477 0.026366 0.318000 0
0.032458 0.051680 0.300000 0
0.027619 0.064855 0.309000 0
0.055581 0.073571 0.303000 0
0.021284 0.068419 0.312000 0
0.039117 0.047671 0.297000 0
0.078225 0.073510 0.297000 0
0.054297 0.044726 0.296000 0
0.060357 0.065385 0.295000 0
0.075573 0.054683 0.309000 0
0.010036 0.019483 0.328000 0
0.025488 0.024249 0.301000 0
0.018467 0.064428 0.314000 0
0.041205 0.026270 0.292000 0
0.056666 0.037480 0.305000 0
0.072441 0.074748 0.302000 0
0.049599 0.051776 0.285000 0
0.068909 0.069084 0.299000 0
0.012538 0.046402 0.333000 0
0.027887 0.060232 0.304000 0
0.060068 0.022530 0.297000 0
0.062781 0.057605 0.284000 0
0.035985 0.031928 0.300000 0
0.066576 0.069554 0.298000 0
0.085073 0.070239 0.304000 0
0.025274 0.062992 0.307000 0
0.043378 0.079456 0.318000 0
0.067023 0.029106 0.300000 0
0.023598 0.053798 0.304000 0
0.046931 0.071654 0.307000 0
0.047581 0.053032 0.281000 0
0.008338 0.006255 0.322000 0
0.039117 0.047671 0.297000 0
0.075573 0.030706 0.309000 0
0.056766 0.044328 0.298000 0
0.017503 0.023516 0.310000 0
0.013341 0.071299 0.315000 0
0.018056 0.022567 0.307000 0
0.029043 0.007785 0.294000 0
0.082484 0.062581 0.305000 0
0.038985 0.043334 0.296000 0
0.025404 0.016409 0.300000 0
0.060769 0.078102 0.304000 0
0.045324 0.027643 0.292000 0
0.081231 0.067871 0.303000 0
0.067917 0.078102 0.304000 0
0.051339 0.025153 0.295000 0
0.053339 0.013526 0.315000 0
0.020814 0.076727 0.316000 0
0.030426 0.032055 0.308000 0
0.020452 0.034269 0.322000 0
0.045494 0.020000 0.312000 0
0.012761 0.069204 0.319000 0
0.051476 0.073098 0.304000 0
0.064155 0.040281 0.310000 0
0.066576 0.069554 0.298000 0
0.048555 0.053310 0.279000 0
0.071856 0.043153 0.315000 0
0.054069 0.053579 0.277000 0
0.067729 0.028401 0.300000 0
0.023262 0.047452 0.319000 0
0.016666 0.054506 0.308000 0
0.045790 0.047350 0.295000 0
0.026718 0.047110 0.307000 0
0.043105 0.073012 0.316000 0
0.025827 0.052541 0.305000 0
0.018655 0.012379 0.305000 0
0.015811 0.034056 0.320000 0
0.028691 0.034918 0.321000 0
0.041394 0.080708 0.320000 0
0.022095 0.055759 0.303000 0
0.014261 0.063204 0.319000 0
0.066422 0.034117 0.307000 0
0.027261 0.051824 0.305000 0
0.071698 0.057255 0.296000 0
0.075559 0.082933 0.306000 0
0.061326 0.050474 0.293000 0
0.021877 0.027890 0.310000 0
0.010774 0.062482 0.327000 0
0.067522 0.023846 0.296000 0
0.058078 0.025067 0.294000 0
0.066984 0.037727 0.313000 0
0.074604 0.082751 0.308000 0
0.032350 0.023385 0.299000 0
0.023598 0.053798 0.304000 0
0.072681 0.072146 0.303000 0
0.015712 0.067492 0.318000 0
0.017221 0.055410 0.305000 0
0.083941 0.080646 0.295000 0
0.048457 0.070008 0.303000 0
0.039815 0.045576 0.297000 0
0.039686 0.056665 0.286000 0
0.026370 0.054334 0.303000 0
0.063644 0.051498 0.291000 0
0.049599 0.051776 0.285000 0
0.082267 0.044477 0.299000 0
0.053601 0.045422 0.296000 0
0.057881 0.029116 0.293000 0
0.042465 0.044030 0.296000 0
0.021407 0.035353 0.325000 0
0.046376 0.073791 0.313000 0
0.028712 0.068639 0.313000 0
0.010036 0.019483 0.328000 0
0.027261 0.051824 0.305000 0
0.022808 0.057184 0.303000 0
0.037720 0.022530 0.297000 0
0.019291 0.036450 0.328000 0
0.071456 0.059142 0.295000 0
0.006217 0.018825 0.330000 0
0.046641 0.045422 0.296000 0
0.024473 0.062067 0.306000 0
0.021949 0.014340 0.301000 0
0.076194 0.072842 0.300000 0
0.073393 0.071433 0.303000 0
0.017786 0.063892 0.315000 0
0.011331 0.039446 0.321000 0
0.024915 0.042232 0.331000 0
0.062085 0.045331 0.300000 0
0.072909 0.068838 0.301000 0
0.030031 0.019487 0.304000 0
0.060778 0.052262 0.284000 0
0.067470 0.076168 0.302000 0
0.062293 0.038573 0.308000 0
0.060647 0.081761 0.307000 0
0.067917 0.078102 0.304000 0
0.064770 0.065631 0.293000 0
0.019881 0.067903 0.313000 0
0.033756 0.050804 0.299000 0
0.043900 0.010981 0.306000 0
0.039195 0.018710 0.303000 0
0.037642 0.028233 0.291000 0
0.030443 0.053267 0.301000 0
0.026427 0.043220 0.321000 0
0.078752 0.071896 0.299000 0
0.031118 0.075744 0.315000 0
0.023598 0.058802 0.304000 0
0.008208 0.033737 0.317000 0
0.044403 0.041801 0.295000 0
0.012801 0.022770 0.320000 0
0.031223 0.028621 0.295000 0
0.030443 0.053267 0.301000 0
0.019245 0.054334 0.303000 0
0.019820 0.043790 0.337000 0
0.040241 0.062231 0.290000 0
0.081231 0.067871 0.303000 0
0.076899 0.069315 0.300000 0
0.034320 0.018057 0.304000 0
0.035985 0.031928 0.300000 0
0.060054 0.074528 0.304000 0
0.059769 0.033931 0.299000 0
0.030544 0.060546 0.302000 0
0.081231 0.067871 0.303000 0
0.067526 0.064942 0.293000 0
0.060068 0.022530 0.297000 0
0.022977 0.005750 0.296000 0
0.052019 0.019423 0.303000 0
0.038327 0.027549 0.291000 0
0.042870 0.032672 0.294000 0
0.038985 0.043334 0.296000 0
0.020024 0.009479 0.304000 0
0.043199 0.054839 0.287000 0
0.020466 0.021347 0.300000 0
0.066353 0.024625 0.297000 0
0.026718 0.047110 0.307000 0
0.031118 0.077966 0.315000 0
0.039815 0.045576 0.297000 0
0.046484 0.065385 0.295000 0
0.012538 0.046402 0.333000 0
0.049416 0.078660 0.309000 0
0.013468 0.079456 0.318000 0
0.033763 0.074455 0.319000 0
0.049251 0.057402 0.283000 0
0.010708 0.023890 0.325000 0
0.086855 0.065695 0.313000 0
0.026109 0.024874 0.300000 0
0.016305 0.052192 0.330000 0
0.058753 0.019294 0.301000 0
0.020617 0.072319 0.313000 0
0.046058 0.060448 0.288000 0
0.051476 0.073098 0.304000 0
0.075780 0.028779 0.304000 0
0.079279 0.065299 0.301000 0
0.016459 0.053285 0.318000 0
0.045599 0.055675 0.281000 0
0.039136 0.076946 0.320000 0
0.046484 0.065385 0.295000 0
0.049251 0.057402 0.283000 0
0.067644 0.080775 0.306000 0
0.074604 0.082751 0.308000 0
0.020466 0.021347 0.300000 0
0.037125 0.058888 0.287000 0
0.013426 0.008394 0.317000 0
0.041748 0.053550 0.291000 0
0.011785 0.027423 0.313000 0
0.013121 0.052647 0.328000 0
0.049096 0.074542 0.307000 0
0.026904 0.013632 0.301000 0
0.043721 0.058683 0.286000 0
0.025404 0.008649 0.300000 0
0.081943 0.070721 0.303000 0
0.059534 0.036763 0.305000 0
0.036323 0.048369 0.297000 0
0.055581 0.073571 0.303000 0
0.062293 0.038573 0.308000 0
0.016305 0.052192 0.330000 0
0.075559 0.082933 0.306000 0
0.075780 0.028779 0.304000 0
0.045494 0.020000 0.312000 0
0.057759 0.080317 0.307000 0
0.079415 0.052885 0.307000 0
0.029735 0.012924 0.301000 0
0.079239 0.075276 0.293000 0
0.066318 0.029812 0.300000 0
0.062085 0.045331 0.300000 0
0.022356 0.019038 0.297000 0
0.018056 0.022567 0.307000 0
0.035245 0.037789 0.333000 0
0.036014 0.079706 0.319000 0
0.054507 0.041235 0.301000 0
0.017221 0.055410 0.305000 0
0.026636 0.027511 0.298000 0
0.054720 0.052928 0.277000 0
0.003019 0.037819 0.320000 0
0.082754 0.063506 0.306000 0
0.011190 0.032992 0.317000 0
0.038327 0.027549 0.291000 0
0.012538 0.046402 0.333000 0
0.014964 0.031600 0.318000 0
0.012761 0.005446 0.319000 0
0.045494 0.020000 0.312000 0
0.079721 0.060145 0.300000 0
0.025933 0.079447 0.315000 0
0.012761 0.069204 0.319000 0
0.054937 0.063347 0.292000 0
0.009944 0.062864 0.325000 0
0.073880 0.047988 0.308000 0
0.081305 0.074587 0.293000 0
0.037212 0.024982 0.293000 0
0.026636 0.027511 0.298000 0
0.048924 0.025671 0.293000 0
0.004524 0.044591 0.320000 0
0.012681 0.010630 0.317000 0
0.075178 0.062127 0.296000 0
0.025488 0.012217 0.301000 0
0.006311 0.022262 0.335000 0
0.040377 0.044726 0.296000 0
0.030633 0.025238 0.296000 0
0.032853 0.056972 0.291000 0
0.046319 0.022273 0.303000 0
0.028712 0.068639 0.313000 0
0.027261 0.051824 0.305000 0
0.078049 0.064162 0.299000 0
0.015811 0.049980 0.336000 0
0.048071 0.063347 0.292000 0
0.021341 0.050481 0.324000 0
0.033191 0.007093 0.294000 0
0.082267 0.044477 0.299000 0
0.017339 0.041954 0.335000 0
0.052019 0.071433 0.303000 0
0.048217 0.021054 0.306000 0
0.029124 0.014388 0.302000 0
0.020880 0.079206 0.317000 0
0.036450 0.058213 0.287000 0
0.132443 0.037516 0.440000 0
0.030943 0.022682 0.299000 0
0.020353 0.052503 0.309000 0
0.048071 0.050988 0.292000 0
0.027351 0.046237 0.306000 0
0.055125 0.026360 0.293000 0
0.061568 0.039297 0.308000 0
0.038985 0.043334 0.296000 0
0.075780 0.028779 0.304000 0
0.018467 0.064428 0.314000 0
0.075573 0.054683 0.309000 0
0.081305 0.074587 0.293000 0
0.068750 0.044068 0.311000 0
0.057853 0.043215 0.300000 0
0.003748 0.041321 0.318000 0
0.060562 0.024542 0.296000 0
0.024473 0.030408 0.306000 0
0.052264 0.014912 0.313000 0
0.075573 0.030706 0.309000 0
0.025404 0.008649 0.300000 0
0.020670 0.010160 0.303000 0
0.022808 0.057184 0.303000 0
0.070781 0.026109 0.298000 0
0.027976 0.078207 0.313000 0
0.047899 0.053966 0.279000 0
0.030426 0.032055 0.308000 0
0.041628 0.049431 0.295000 0
0.070776 0.052369 0.304000 0
0.043515 0.077455 0.319000 0
0.014776 0.026773 0.314000 0
0.018915 0.040379 0.335000 0
0.055905 0.057402 0.283000 0
0.049613 0.032561 0.293000 0
0.027580 0.040379 0.335000 0
0.005573 0.028819 0.338000 0
0.039136 0.076193 0.320000 0
0.016097 0.013354 0.311000 0
0.030342 0.058028 0.300000 0
0.062339 0.053884 0.282000 0
0.097832 0.053931 0.341000 0
0.031217 0.075241 0.316000 0
0.017762 0.018648 0.302000 0
0.023711 0.032784 0.315000 0
0.008982 0.036087 0.318000 0
0.016408 0.076224 0.317000 0
0.019881 0.067903 0.313000 0
0.081837 0.048152 0.300000 0
0.060647 0.081761 0.307000 0
0.008208 0.033737 0.317000 0
0.023712 0.038919 0.336000 0
0.011935 0.024792 0.317000 0
0.051339 0.025153 0.295000 0
0.028131 0.011432 0.299000 0
0.026262 0.043701 0.319000 0
0.076194 0.047447 0.300000 0
0.027703 0.021489 0.302000 0
0.035985 0.031928 0.300000 0
0.066318 0.029812 0.300000 0
0.021670 0.047392 0.329000 0
0.023711 0.032784 0.315000 0
0.017315 0.032551 0.320000 0
0.040138 0.075912 0.322000 0
0.015712 0.067492 0.318000 0
0.073617 0.073793 0.301000 0
0.014261 0.063204 0.319000 0
0.061878 0.020572 0.299000 0
0.076300 0.056863 0.309000 0
0.024915 0.042232 0.331000 0
0.051247 0.050747 0.283000 0
0.034320 0.018057 0.304000 0
0.021670 0.047392 0.329000 0
0.033869 0.062966 0.300000 0
0.024473 0.030408 0.306000 0
0.048555 0.053310 0.279000 0
0.043651 0.081460 0.320000 0
0.058431 0.072146 0.303000 0
0.053091 0.070254 0.301000 0
0.046319 0.022273 0.303000 0
0.042870 0.032672 0.294000 0
0.046080 0.015548 0.311000 0
0.056696 0.047881 0.294000 0
0.034927 0.009959 0.297000 0
0.037642 0.028233 0.291000 0
0.072441 0.074748 0.302000 0
0.006929 0.047873 0.327000 0
0.049162 0.017799 0.312000 0
0.075559 0.082933 0.306000 0
0.029636 0.056617 0.300000 0
0.058770 0.028524 0.294000 0
0.060054 0.074528 0.304000 0
0.047589 0.052446 0.285000 0
0.047871 0.046656 0.295000 0
0.067198 0.038586 0.314000 0
0.032782 0.020848 0.303000 0
0.053564 0.026957 0.292000 0
0.019291 0.036450 0.328000 0
0.029027 0.056098 0.301000 0
0.015021 0.049190 0.336000 0
0.067644 0.080775 0.306000 0
0.040013 0.073412 0.321000 0
0.019820 0.043790 0.337000 0
0.063560 0.050464 0.297000 0
0.061326 0.050474 0.293000 0
0.019820 0.043790 0.337000 0
0.079495 0.045823 0.313000 0
0.005260 0.034700 0.319000 0
0.085073 0.070239 0.304000 0
0.022970 0.049819 0.315000 0
0.051476 0.072384 0.304000 0
0.067143 0.033395 0.307000 0
0.074818 0.070721 0.303000 0
0.046641 0.045422 0.296000 0
0.018915 0.040379 0.335000 0
0.043048 0.058010 0.286000 0
0.063560 0.050464 0.297000 0
0.004524 0.044591 0.320000 0
0.029316 0.045220 0.304000 0
0.070374 0.041672 0.315000 0
0.034320 0.018057 0.304000 0
0.036201 0.007838 0.296000 0
0.028131 0.011432 0.299000 0
0.025274 0.062992 0.307000 0
0.019573 0.052115 0.320000 0
0.083941 0.080646 0.295000 0
0.029636 0.056617 0.300000 0
0.046376 0.073791 0.313000 0
0.050646 0.049431 0.295000 0
0.035162 0.046586 0.299000 0
0.046641 0.045422 0.296000 0
0.043180 0.011700 0.306000 0
0.025851 0.073288 0.314000 0
0.031236 0.043140 0.332000 0
0.066318 0.029812 0.300000 0
0.003783 0.033408 0.321000 0
0.055125 0.026360 0.293000 0
0.041205 0.063347 0.292000 0
0.029027 0.056098 0.301000 0
0.079890 0.049934 0.298000 0
0.017898 0.077715 0.317000 0
0.037085 0.029017 0.292000 0
0.068750 0.044068 0.311000 0
0.032891 0.044506 0.304000 0
0.036201 0.007838 0.296000 0
0.069147 0.067225 0.297000 0
0.067982 0.064034 0.292000 0
0.054150 0.078873 0.307000 0
0.051504 0.028330 0.292000 0
0.035162 0.046586 0.299000 0
0.032282 0.018834 0.305000 0
0.049162 0.016331 0.312000 0
0.025404 0.008649 0.300000 0
0.005573 0.028819 0.338000 0
0.023287 0.014998 0.300000 0
0.046721 0.022833 0.301000 0
0.067470 0.076168 0.302000 0
0.013553 0.067164 0.320000 0
0.043199 0.054839 0.287000 0
0.060769 0.076673 0.304000 0
0.079509 0.074150 0.294000 0
0.062608 0.042640 0.306000 0
0.071214 0.046691 0.309000 0
0.035834 0.029805 0.293000 0
0.008338 0.006255 0.322000 0
0.019585 0.050317 0.333000 0
0.032458 0.048152 0.300000 0
0.019573 0.052115 0.320000 0
0.030426 0.032055 0.308000 0
0.075281 0.048473 0.302000 0
0.048565 0.049431 0.295000 0
0.046698 0.026957 0.292000 0
0.028691 0.034918 0.321000 0
0.017391 0.042870 0.336000 0
0.061368 0.040613 0.307000 0
0.034927 0.009959 0.297000 0
0.039195 0.018710 0.303000 0
0.055179 0.067225 0.297000 0
0.061258 0.027326 0.296000 0
0.028738 0.010694 0.298000 0
0.027351 0.046237 0.306000 0
0.009944 0.062864 0.325000 0
0.011719 0.050166 0.332000 0
0.057853 0.043215 0.300000 0
0.051476 0.020202 0.304000 0
0.033763 0.074455 0.319000 0
0.035345 0.054541 0.289000 0
0.070522 0.048396 0.306000 0
0.042045 0.021560 0.303000 0
0.020429 0.046541 0.334000 0
0.046078 0.075984 0.316000 0
0.010807 0.022568 0.328000 0
0.050121 0.042638 0.296000 0
0.031236 0.043140 0.332000 0
0.074482 0.025934 0.296000 0
0.043039 0.010228 0.305000 0
0.075940 0.066272 0.299000 0
0.054808 0.046656 0.295000 0
0.045790 0.048737 0.295000 0
0.051034 0.081102 0.310000 0
0.079890 0.073057 0.298000 0
0.023561 0.074527 0.313000 0
0.011785 0.028895 0.313000 0
0.040013 0.073412 0.321000 0
0.028452 0.039710 0.336000 0
0.133478 0.039585 0.440000 0
0.069831 0.073571 0.303000 0
0.022822 0.004328 0.294000 0
0.061457 0.054353 0.281000 0
0.058046 0.020002 0.301000 0
0.082415 0.072114 0.297000 0
0.016459 0.053285 0.318000 0
0.033869 0.045331 0.300000 0
0.035745 0.044328 0.298000 0
0.073393 0.071433 0.303000 0
0.065123 0.031327 0.301000 0
0.047112 0.076735 0.313000 0
0.061686 0.079076 0.305000 0
0.035775 0.055514 0.287000 0
0.026718 0.047110 0.307000 0
0.007463 0.030010 0.317000 0
0.072843 0.024459 0.295000 0
0.007581 0.044112 0.322000 0
0.033763 0.080456 0.319000 0
0.031118 0.075744 0.315000 0
0.063672 0.058478 0.285000 0
0.053268 0.022199 0.302000 0
0.017315 0.052868 0.320000 0
0.050540 0.018235 0.307000 0
0.041748 0.030970 0.291000 0
0.034574 0.021347 0.300000 0
0.040241 0.023765 0.295000 0
0.034927 0.009959 0.297000 0
0.032458 0.051680 0.300000 0
0.041741 0.013859 0.306000 0
0.015811 0.049980 0.336000 0
0.031223 0.028621 0.295000 0
0.015465 0.009024 0.313000 0
0.051861 0.042226 0.298000 0
0.010807 0.022568 0.328000 0
0.022822 0.004328 0.294000 0
0.017045 0.074262 0.315000 0
0.050093 0.058272 0.284000 0
0.049096 0.074542 0.307000 0
0.054481 0.023927 0.297000 0
0.056004 0.025759 0.294000 0
0.037642 0.028233 0.291000 0
0.050302 0.031872 0.293000 0
0.059866 0.047510 0.296000 0
0.073880 0.047988 0.308000 0
0.030633 0.029414 0.296000 0
0.038985 0.050990 0.296000 0
0.067982 0.064034 0.292000 0
0.026196 0.017171 0.301000 0
0.006010 0.042201 0.319000 0
0.047546 0.050474 0.293000 0
0.017898 0.077715 0.317000 0
0.032350 0.023385 0.299000 0
0.013596 0.021331 0.321000 0
0.077172 0.045651 0.293000 0
0.053339 0.013526 0.315000 0
0.033716 0.017399 0.305000 0
0.034297 0.070261 0.317000 0
0.015563 0.028339 0.315000 0
0.075874 0.058647 0.296000 0
0.086300 0.068931 0.311000 0
0.018349 0.016409 0.300000 0
0.025488 0.012217 0.301000 0
0.026166 0.045238 0.309000 0
0.076300 0.056863 0.309000 0
0.133478 0.039585 0.440000 0
0.008338 0.064555 0.322000 0
0.044403 0.041801 0.295000 0
0.077527 0.028117 0.297000 0
0.016822 0.036881 0.325000 0
0.014887 0.051100 0.333000 0
0.021539 0.049411 0.327000 0
0.042870 0.032672 0.294000 0
0.067284 0.057260 0.289000 0
0.004524 0.044591 0.320000 0
0.046078 0.075984 0.316000 0
0.072843 0.024459 0.295000 0
0.030031 0.019487 0.304000 0
0.015021 0.049190 0.336000 0
0.005260 0.034700 0.319000 0
0.070983 0.047264 0.308000 0
0.030746 0.015198 0.304000 0
0.072149 0.059836 0.295000 0
0.051476 0.020202 0.304000 0
0.078752 0.029009 0.299000 0
0.026718 0.047110 0.307000 0
0.064258 0.021133 0.297000 0
0.012881 0.015340 0.322000 0
0.026814 0.024168 0.300000 0
0.051504 0.068610 0.300000 0
0.075178 0.062127 0.296000 0
0.025488 0.012217 0.301000 0
0.062812 0.042057 0.307000 0
0.021341 0.050481 0.324000 0
0.073372 0.067199 0.300000 0
0.006929 0.047873 0.327000 0
0.024073 0.022833 0.301000 0
0.065831 0.050436 0.301000 0
0.015465 0.009024 0.313000 0
0.029316 0.020202 0.304000 0
0.039013 0.055993 0.286000 0
0.029636 0.056617 0.300000 0
0.049787 0.051321 0.290000 0
0.049425 0.044030 0.296000 0
0.014104 0.044053 0.333000 0
0.013426 0.008394 0.317000 0
0.049444 0.029703 0.292000 0
0.073038 0.022915 0.293000 0
0.028529 0.066738 0.311000 0
0.046080 0.015548 0.311000 0
0.060778 0.052262 0.284000 0
0.078752 0.071896 0.299000 0
0.020155 0.059908 0.306000 0
0.043721 0.058683 0.286000 0
0.074604 0.082751 0.308000 0
0.024233 0.025835 0.303000 0
0.086855 0.065695 0.313000 0
0.039815 0.045576 0.297000 0
0.061368 0.038448 0.307000 0
0.063672 0.058478 0.285000 0
0.047542 0.079901 0.311000 0
0.017762 0.018648 0.302000 0
0.078752 0.029009 0.299000 0
0.018472 0.020779 0.302000 0
0.042432 0.030286 0.291000 0
0.048242 0.056335 0.281000 0
0.058753 0.019294 0.301000 0
0.063644 0.051498 0.291000 0
0.067865 0.081761 0.307000 0
0.049599 0.051776 0.285000 0
0.027619 0.044511 0.309000 0
0.050646 0.049431 0.295000 0
0.043378 0.079456 0.318000 0
0.082267 0.044477 0.299000 0
0.026196 0.017171 0.301000 0
0.014395 0.037298 0.322000 0
0.033716 0.017399 0.305000 0
0.060357 0.065385 0.295000 0
0.039686 0.056665 0.286000 0
0.023986 0.051050 0.309000 0
0.062163 0.067225 0.297000 0
0.063708 0.046897 0.301000 0
0.097832 0.053931 0.341000 0
0.041394 0.080708 0.320000 0
0.022822 0.004328 0.294000 0
0.058753 0.017171 0.301000 0
0.014870 0.055179 0.316000 0
0.003760 0.039201 0.319000 0
0.014172 0.069516 0.317000 0
0.015712 0.030853 0.318000 0
0.073038 0.022915 0.293000 0
0.062781 0.057605 0.284000 0
0.012801 0.022770 0.320000 0
0.037642 0.028233 0.291000 0
0.039136 0.076193 0.320000 0
0.008157 0.030561 0.315000 0
0.052548 0.047189 0.294000 0
0.072149 0.059836 0.295000 0
0.026718 0.049276 0.307000 0
0.066318 0.029812 0.300000 0
0.075940 0.048695 0.299000 0
0.077210 0.046650 0.304000 0
0.039136 0.076193 0.320000 0
0.062085 0.045331 0.300000 0
0.057049 0.016279 0.311000 0
0.070762 0.063998 0.295000 0
0.073880 0.047988 0.308000 0
0.039286 0.060448 0.288000 0
0.038548 0.021905 0.298000 0
0.027261 0.051824 0.305000 0
0.044403 0.041801 0.295000 0
0.015712 0.067492 0.318000 0
0.048071 0.026270 0.292000 0
0.006311 0.022262 0.335000 0
0.074595 0.051107 0.305000 0
0.026805 0.063921 0.308000 0
0.079279 0.065299 0.301000 0
0.046484 0.065385 0.295000 0
0.023259 0.051777 0.309000 0
0.037974 0.009323 0.299000 0
0.060054 0.074528 0.304000 0
0.022606 0.065794 0.310000 0
0.036105 0.020002 0.301000 0
0.027943 0.026720 0.297000 0
0.010774 0.062482 0.327000 0
0.051476 0.072384 0.304000 0
0.062706 0.077133 0.303000 0
0.007745 0.048939 0.329000 0
0.046078 0.075241 0.316000 0
0.030544 0.060546 0.302000 0
0.021670 0.047392 0.329000 0
0.041487 0.051337 0.294000 0
0.053091 0.040528 0.301000 0
0.059866 0.047510 0.296000 0
0.038892 0.078708 0.318000 0
0.056666 0.037480 0.305000 0
0.077172 0.045651 0.293000 0
0.059663 0.027927 0.295000 0
0.079987 0.068838 0.301000 0
0.020943 0.060826 0.307000 0
0.017221 0.055410 0.305000 0
0.021284 0.068419 0.312000 0
0.002295 0.032958 0.324000 0
0.016304 0.063152 0.315000 0
0.066638 0.044367 0.308000 0
0.040514 0.078206 0.319000 0
0.018349 0.016409 0.300000 0
0.045932 0.077966 0.315000 0
0.022657 0.007970 0.301000 0
0.011785 0.027423 0.313000 0
0.051504 0.028330 0.292000 0
0.060357 0.065385 0.295000 0
0.011190 0.032992 0.317000 0
0.039013 0.055993 0.286000 0
0.023711 0.032784 0.315000 0
0.011935 0.024792 0.317000 0
0.008519 0.047392 0.329000 0
0.052766 0.051625 0.277000 0
0.055581 0.073571 0.303000 0
0.055050 0.039502 0.304000 0
0.020551 0.039710 0.336000 0
0.019820 0.043790 0.337000 0
0.025827 0.052541 0.305000 0
0.036072 0.068639 0.313000 0
0.017315 0.052868 0.320000 0
0.045324 0.027643 0.292000 0
0.032782 0.020848 0.303000 0
0.080962 0.061256 0.302000 0
0.032599 0.077225 0.315000 0
0.052190 0.027643 0.292000 0
0.072596 0.021611 0.294000 0
0.041523 0.074922 0.321000 0
0.072441 0.074748 0.302000 0
0.066422 0.034117 0.307000 0
0.065272 0.045369 0.305000 0
0.082754 0.063506 0.306000 0
0.062706 0.077133 0.303000 0
0.015994 0.058316 0.309000 0
0.016459 0.053285 0.318000 0
0.061568 0.039297 0.308000 0
0.048457 0.070008 0.303000 0
0.069831 0.077133 0.303000 0
0.071628 0.043755 0.314000 0
0.013426 0.008394 0.317000 0
0.078126 0.078990 0.294000 0
0.070762 0.063998 0.295000 0
0.028452 0.039710 0.336000 0
0.015465 0.009024 0.313000 0
0.070781 0.026109 0.298000 0
0.014261 0.063204 0.319000 0
0.045599 0.055675 0.281000 0
0.064630 0.032141 0.302000 0
0.075559 0.082933 0.306000 0
0.033763 0.080456 0.319000 0
0.020024 0.009479 0.304000 0
0.055052 0.061337 0.289000 0
0.025032 0.076735 0.313000 0
0.027172 0.059517 0.304000 0
0.058363 0.068381 0.299000 0
0.023359 0.043010 0.331000 0
0.063672 0.058478 0.285000 0
0.012312 0.056331 0.327000 0
0.082754 0.063506 0.306000 0
0.037085 0.029017 0.292000 0
0.055050 0.079854 0.308000 0
0.032891 0.044506 0.304000 0
0.056696 0.030598 0.294000 0
0.049736 0.017010 0.311000 0
0.051504 0.068610 0.300000 0
0.037057 0.013010 0.303000 0
0.042287 0.070168 0.310000 0
0.064907 0.071431 0.300000 0
0.049091 0.064472 0.294000 0
0.041205 0.026270 0.292000 0
0.035775 0.055514 0.287000 0
0.039815 0.045576 0.297000 0
0.078550 0.077343 0.293000 0
0.047112 0.076735 0.313000 0
0.006929 0.047873 0.327000 0
0.056503 0.029805 0.293000 0
0.046931 0.071654 0.307000 0
0.022732 0.012967 0.302000 0
0.043900 0.010981 0.306000 0
0.062085 0.069315 0.300000 0
0.056132 0.077897 0.306000 0
0.010510 0.037700 0.319000 0
0.041212 0.046973 0.297000 0
0.031342 0.036117 0.325000 0
0.016305 0.052192 0.330000 0
0.062085 0.069315 0.300000 0
0.048757 0.031076 0.292000 0
0.012801 0.022770 0.320000 0
0.067522 0.023846 0.296000 0
0.044485 0.028233 0.291000 0
0.032599 0.077225 0.315000 0
0.060169 0.034865 0.301000 0
0.042870 0.032672 0.294000 0
0.015811 0.049980 0.336000 0
0.060877 0.044066 0.301000 0
0.058753 0.019294 0.301000 0
0.023712 0.038919 0.336000 0
0.082401 0.076393 0.292000 0
0.021658 0.019736 0.297000 0
0.059569 0.021905 0.298000 0
0.003748 0.041321 0.318000 0
0.035162 0.011432 0.299000 0
0.059569 0.021905 0.298000 0
0.039413 0.052720 0.294000 0
0.027153 0.067686 0.312000 0
0.079928 0.075965 0.293000 0
0.069147 0.067225 0.297000 0
0.031236 0.043140 0.332000 0
0.066760 0.074038 0.302000 0
0.048565 0.049431 0.295000 0
0.043721 0.058683 0.286000 0
0.023986 0.051050 0.309000 0
0.025404 0.008649 0.300000 0
0.071256 0.052909 0.303000 0
0.009852 0.003983 0.322000 0
0.039644 0.008678 0.301000 0
0.028641 0.026022 0.297000 0
0.035265 0.025759 0.294000 0
0.056503 0.029805 0.293000 0
0.021383 0.011585 0.303000 0
0.076194 0.072842 0.300000 0
0.018839 0.053058 0.308000 0
0.058046 0.020002 0.301000 0
0.024607 0.044918 0.317000 0
0.009669 0.032145 0.316000 0
0.078550 0.077343 0.293000 0
0.048071 0.063347 0.292000 0
0.078049 0.064162 0.299000 0
0.031047 0.054501 0.300000 0
0.029043 0.007785 0.294000 0
0.017391 0.042870 0.336000 0
0.047112 0.076735 0.313000 0
0.064907 0.071431 0.300000 0
0.056004 0.025759 0.294000 0
0.058239 0.017938 0.302000 0
0.021284 0.068419 0.312000 0
0.050817 0.029017 0.292000 0
0.072843 0.024459 0.295000 0
0.052905 0.043334 0.296000 0
0.041205 0.063347 0.292000 0
0.079890 0.049934 0.298000 0
0.045790 0.043188 0.295000 0
0.008519 0.047392 0.329000 0
0.018409 0.073055 0.313000 0
0.043378 0.079456 0.318000 0
0.051137 0.021489 0.302000 0
0.016666 0.054506 0.308000 0
0.008234 0.028609 0.318000 0
0.082401 0.076393 0.292000 0
0.009944 0.062864 0.325000 0
0.040241 0.062231 0.290000 0
0.053564 0.026957 0.292000 0
0.059395 0.060238 0.287000 0
0.060769 0.078102 0.304000 0
0.026814 0.024168 0.300000 0
0.067198 0.038586 0.314000 0
0.020551 0.070620 0.312000 0
0.052548 0.047189 0.294000 0
0.058363 0.068381 0.299000 0
0.021468 0.041535 0.338000 0
0.064738 0.067695 0.296000 0
0.023598 0.058802 0.304000 0
0.049736 0.017010 0.311000 0
0.052019 0.019423 0.303000 0
0.060533 0.051285 0.286000 0
0.008338 0.006255 0.322000 0
0.030544 0.049894 0.302000 0
0.055971 0.050868 0.280000 0
0.040888 0.015965 0.305000 0
0.062608 0.042640 0.306000 0
0.047337 0.044726 0.296000 0
0.035162 0.046586 0.299000 0
0.008338 0.064555 0.322000 0
0.033763 0.074455 0.319000 0
0.014823 0.012044 0.315000 0
0.007439 0.031402 0.316000 0
0.028508 0.052909 0.303000 0
0.049444 0.029703 0.292000 0
0.023712 0.038919 0.336000 0
0.015811 0.049980 0.336000 0
0.030544 0.049894 0.302000 0
0.044102 0.024982 0.293000 0
0.013638 0.054712 0.322000 0
0.051137 0.021489 0.302000 0
0.057881 0.029116 0.293000 0
0.019291 0.036450 0.328000 0
0.081499 0.064521 0.304000 0
0.052957 0.051158 0.278000 0
0.041741 0.018176 0.306000 0
0.037642 0.028233 0.291000 0
0.055814 0.064253 0.293000 0
0.051861 0.042226 0.298000 0
0.017315 0.052868 0.320000 0
0.054850 0.056335 0.281000 0
0.018655 0.012379 0.305000 0
0.084226 0.081615 0.296000 0
0.054720 0.052928 0.277000 0
0.061878 0.020572 0.299000 0
0.032853 0.056972 0.291000 0
0.023259 0.051777 0.309000 0
0.071961 0.080055 0.306000 0
0.019629 0.017701 0.298000 0
0.035745 0.044328 0.298000 0
0.057387 0.049263 0.294000 0
0.011508 0.042360 0.326000 0
0.070781 0.026109 0.298000 0
0.067526 0.064942 0.293000 0
0.015712 0.030853 0.318000 0
0.062781 0.057605 0.284000 0
0.049444 0.029703 0.292000 0
0.020814 0.076727 0.316000 0
0.079495 0.045823 0.313000 0
0.039413 0.024376 0.294000 0
0.044485 0.028233 0.291000 0
0.059395 0.060238 0.287000 0
0.027976 0.075999 0.313000 0
0.042287 0.070168 0.310000 0
0.018349 0.016409 0.300000 0
0.052739 0.034634 0.299000 0
0.011785 0.028895 0.313000 0
0.067198 0.038586 0.314000 0
0.057049 0.016279 0.311000 0
0.020452 0.051684 0.322000 0
0.055433 0.049445 0.291000 0
0.028452 0.039710 0.336000 0
0.063672 0.058478 0.285000 0
0.077172 0.045651 0.293000 0
0.055905 0.057402 0.283000 0
0.055948 0.076208 0.305000 0
0.064691 0.030415 0.299000 0
0.025404 0.028401 0.300000 0
0.043105 0.073012 0.316000 0
0.010543 0.007721 0.320000 0
0.075806 0.029785 0.307000 0
0.015465 0.011232 0.313000 0
0.024616 0.018463 0.299000 0
0.007816 0.021282 0.332000 0
0.010127 0.054685 0.331000 0
0.046319 0.022273 0.303000 0
0.068750 0.044068 0.311000 0
0.072681 0.072858 0.303000 0
0.075178 0.062127 0.296000 0
0.075573 0.030706 0.309000 0
0.076643 0.065569 0.299000 0
0.066353 0.021831 0.297000 0
0.054069 0.053579 0.277000 0
0.011331 0.065864 0.321000 0
0.039413 0.052720 0.294000 0
0.075559 0.082933 0.306000 0
0.032832 0.024625 0.297000 0
0.035625 0.063035 0.297000 0
0.049613 0.032561 0.293000 0
0.018349 0.016409 0.300000 0
0.067470 0.076168 0.302000 0
0.018839 0.053058 0.308000 0
0.050121 0.042638 0.296000 0
0.026904 0.017879 0.301000 0
0.006739 0.036834 0.318000 0
0.011719 0.050166 0.332000 0
0.035834 0.029805 0.293000 0
0.035266 0.065665 0.306000 0
0.037125 0.058888 0.287000 0
0.055179 0.067225 0.297000 0
0.071961 0.080055 0.306000 0
0.040241 0.062231 0.290000 0
0.049444 0.029703 0.292000 0
0.021524 0.053258 0.305000 0
0.035865 0.010729 0.299000 0
0.022970 0.049819 0.315000 0
0.051504 0.068610 0.300000 0
0.043651 0.081460 0.320000 0
0.078550 0.077343 0.293000 0
0.031809 0.008476 0.294000 0
0.014776 0.026773 0.314000 0
0.032061 0.044918 0.317000 0
0.051504 0.068610 0.300000 0
0.051476 0.075243 0.304000 0
0.019820 0.043790 0.337000 0
0.030544 0.060546 0.302000 0
0.027887 0.060232 0.304000 0
0.031223 0.028621 0.295000 0
0.055125 0.026360 0.293000 0
0.012761 0.069204 0.319000 0
0.017315 0.032551 0.320000 0
0.052906 0.074528 0.304000 0
0.058753 0.019294 0.301000 0
0.035265 0.025759 0.294000 0
0.024915 0.042232 0.331000 0
0.035745 0.044328 0.298000 0
0.044403 0.041801 0.295000 0
0.037057 0.013010 0.303000 0
0.051137 0.021489 0.302000 0
0.037085 0.029017 0.292000 0
0.046376 0.073791 0.313000 0
0.040138 0.075912 0.322000 0
0.020551 0.070620 0.312000 0
0.045494 0.020000 0.312000 0
0.067470 0.076168 0.302000 0
0.077250 0.046389 0.307000 0
0.014019 0.051572 0.331000 0
0.046078 0.075984 0.316000 0
0.075940 0.066272 0.299000 0
0.032350 0.023385 0.299000 0
0.081402 0.070962 0.301000 0
0.065272 0.045369 0.305000 0
0.063560 0.050464 0.297000 0
0.075686 0.075860 0.298000 0
0.030731 0.041954 0.335000 0
0.055398 0.020779 0.302000 0
0.020814 0.076727 0.316000 0
0.061013 0.053220 0.282000 0
0.035775 0.057538 0.287000 0
0.017503 0.023516 0.310000 0
0.062085 0.045331 0.300000 0
0.020551 0.070620 0.312000 0
0.015366 0.057231 0.311000 0
0.023712 0.038919 0.336000 0
0.043515 0.077455 0.319000 0
0.013638 0.054712 0.322000 0
0.026718 0.047110 0.307000 0
0.024219 0.071354 0.312000 0
0.016459 0.078708 0.318000 0
0.026904 0.017879 0.301000 0
0.026814 0.024168 0.300000 0
0.022095 0.055759 0.303000 0
0.059866 0.048206 0.296000 0
0.028641 0.026022 0.297000 0
0.075312 0.056844 0.305000 0
0.034927 0.009959 0.297000 0
0.036201 0.007838 0.296000 0
0.064630 0.032141 0.302000 0
0.025404 0.016409 0.300000 0
0.059856 0.042934 0.303000 0
0.078225 0.073510 0.297000 0
0.052190 0.027643 0.292000 0
0.026904 0.017879 0.301000 0
0.011785 0.027423 0.313000 0
0.006972 0.050486 0.329000 0
0.044187 0.014674 0.308000 0
0.035625 0.063035 0.297000 0
0.057274 0.033005 0.297000 0
0.060357 0.065385 0.295000 0
0.051791 0.059355 0.286000 0
0.048257 0.061337 0.289000 0
0.023918 0.036450 0.328000 0
0.034320 0.018057 0.304000 0
0.020353 0.052503 0.309000 0
0.052264 0.014912 0.313000 0
0.054808 0.046656 0.295000 0
0.009944 0.062864 0.325000 0
0.024473 0.030408 0.306000 0
0.018991 0.017057 0.299000 0
0.055814 0.064253 0.293000 0
0.003019 0.037819 0.320000 0
0.068858 0.079076 0.305000 0
0.060357 0.065385 0.295000 0
0.058624 0.075243 0.304000 0
0.043116 0.031654 0.291000 0
0.057881 0.029116 0.293000 0
0.069831 0.077133 0.303000 0
0.079890 0.073057 0.298000 0
0.040138 0.075912 0.322000 0
0.047542 0.079901 0.311000 0
0.073393 0.071433 0.303000 0
0.071856 0.043153 0.315000 0
0.043116 0.031654 0.291000 0
0.035775 0.055514 0.287000 0
0.041205 0.026270 0.292000 0
0.055581 0.073571 0.303000 0
0.045790 0.047350 0.295000 0
0.037720 0.022530 0.297000 0
0.074350 0.050224 0.304000 0
0.032350 0.012136 0.299000 0
0.076643 0.067678 0.299000 0
0.066576 0.069554 0.298000 0
0.084226 0.081615 0.296000 0
0.097832 0.053931 0.341000 0
0.024233 0.057896 0.303000 0
0.015613 0.020256 0.316000 0
0.029316 0.045220 0.304000 0
0.003760 0.039201 0.319000 0
0.046411 0.023385 0.299000 0
0.041741 0.018176 0.306000 0
0.014395 0.037298 0.322000 0
0.041212 0.046973 0.297000 0
0.018409 0.073055 0.313000 0
0.038609 0.059770 0.288000 0
0.023598 0.058802 0.304000 0
0.079721 0.060145 0.300000 0
0.025488 0.023541 0.301000 0
0.030544 0.049894 0.302000 0
0.053879 0.049957 0.290000 0
0.035865 0.010729 0.299000 0
0.051476 0.073098 0.304000 0
0.053091 0.070254 0.301000 0
0.026109 0.024874 0.300000 0
0.049251 0.057402 0.283000 0
0.028712 0.068639 0.313000 0
0.010708 0.023890 0.325000 0
0.025404 0.020641 0.300000 0
0.036014 0.079706 0.319000 0
0.036450 0.058213 0.287000 0
0.016937 0.071583 0.313000 0
0.024915 0.042232 0.331000 0
0.039136 0.076946 0.320000 0
0.012801 0.066412 0.320000 0
0.052264 0.014912 0.313000 0
0.051791 0.059355 0.286000 0
0.059866 0.047510 0.296000 0
0.043378 0.079456 0.318000 0
0.008982 0.036087 0.318000 0
0.041523 0.074922 0.321000 0
0.044403 0.041801 0.295000 0
0.012801 0.034809 0.320000 0
0.024233 0.055046 0.303000 0
0.064907 0.019936 0.300000 0
0.072843 0.060529 0.295000 0
0.034927 0.009959 0.297000 0
0.052019 0.019423 0.303000 0
0.059663 0.027927 0.295000 0
0.041523 0.074922 0.321000 0
0.046484 0.065385 0.295000 0
0.027580 0.040379 0.335000 0
0.046641 0.024542 0.296000 0
0.016937 0.070111 0.313000 0
0.082484 0.062581 0.305000 0
0.019585 0.050317 0.333000 0
0.027887 0.060232 0.304000 0
0.053620 0.038787 0.304000 0
0.011331 0.039446 0.321000 0
0.026262 0.043701 0.319000 0
0.053339 0.013526 0.315000 0
0.055398 0.020779 0.302000 0
0.021524 0.053258 0.305000 0
0.017277 0.058469 0.306000 0
0.005260 0.034700 0.319000 0
0.061878 0.020572 0.299000 0
0.047589 0.052446 0.285000 0
0.021539 0.049411 0.327000 0
0.079890 0.073057 0.298000 0
0.057759 0.080317 0.307000 0
0.016822 0.036881 0.325000 0
0.055179 0.067225 0.297000 0
0.054297 0.044726 0.296000 0
0.075281 0.078299 0.302000 0
0.049059 0.040124 0.298000 0
0.014172 0.069516 0.317000 0
0.034207 0.013723 0.303000 0
0.060877 0.044066 0.301000 0
0.012538 0.046402 0.333000 0
0.024233 0.055046 0.303000 0
0.013638 0.054712 0.322000 0
0.056004 0.025759 0.294000 0
0.086300 0.068931 0.311000 0
0.075780 0.028779 0.304000 0
0.053564 0.026957 0.292000 0
0.052957 0.051158 0.278000 0
0.023359 0.043010 0.331000 0
0.046078 0.075241 0.316000 0
0.026718 0.049276 0.307000 0
0.020452 0.051684 0.322000 0
0.009377 0.055631 0.332000 0
0.025488 0.012217 0.301000 0
0.070151 0.042278 0.314000 0
0.003019 0.037819 0.320000 0
0.010675 0.024578 0.324000 0
0.064738 0.067695 0.296000 0
0.033716 0.015965 0.305000 0
0.039815 0.045576 0.297000 0
0.076194 0.072842 0.300000 0
0.053442 0.023385 0.299000 0
0.046058 0.060448 0.288000 0
0.046698 0.026957 0.292000 0
0.009010 0.039951 0.319000 0
0.018839 0.053058 0.308000 0
0.064907 0.071431 0.300000 0
0.060054 0.074528 0.304000 0
0.028738 0.010694 0.298000 0
0.024781 0.022125 0.301000 0
0.008545 0.020377 0.330000 0
0.007581 0.044112 0.322000 0
0.017221 0.055410 0.305000 0
0.067526 0.064942 0.293000 0
0.035345 0.054541 0.289000 0
0.028155 0.072781 0.315000 0
0.069140 0.027695 0.300000 0
0.019573 0.052115 0.320000 0
0.016666 0.054506 0.308000 0
0.019389 0.030010 0.317000 0
0.051791 0.059355 0.286000 0
0.039390 0.070783 0.316000 0
0.014261 0.063204 0.319000 0
0.132443 0.037516 0.440000 0
0.015563 0.028339 0.315000 0
0.017786 0.063892 0.315000 0
0.078734 0.055589 0.310000 0
0.017503 0.023516 0.310000 0
0.046080 0.015548 0.311000 0
0.055433 0.049445 0.291000 0
0.044911 0.013225 0.308000 0
0.075806 0.029785 0.307000 0
0.062706 0.077133 0.303000 0
0.053564 0.015598 0.312000 0
0.032458 0.048152 0.300000 0
0.051476 0.075243 0.304000 0
0.011719 0.050166 0.332000 0
0.050121 0.042638 0.296000 0
0.078550 0.077343 0.293000 0
0.082401 0.076393 0.292000 0
0.070374 0.041672 0.315000 0
0.046641 0.045422 0.296000 0
0.042870 0.032672 0.294000 0
0.029043 0.007785 0.294000 0
0.058078 0.048572 0.294000 0
0.049256 0.076957 0.308000 0
0.049952 0.048044 0.295000 0
0.032458 0.051680 0.300000 0
0.029043 0.007785 0.294000 0
0.051476 0.020202 0.304000 0
0.036201 0.007838 0.296000 0
0.043900 0.010981 0.306000 0
0.020551 0.039710 0.336000 0
0.077788 0.081466 0.298000 0
0.025274 0.062992 0.307000 0
0.047848 0.019328 0.313000 0
0.010036 0.019483 0.328000 0
0.058239 0.017938 0.302000 0
0.013638 0.054712 0.322000 0
0.015465 0.011232 0.313000 0
0.030342 0.058028 0.300000 0
0.024915 0.042232 0.331000 0
0.061368 0.038448 0.307000 0
0.072149 0.020991 0.295000 0
0.033716 0.015965 0.305000 0
0.019881 0.067903 0.313000 0
0.006311 0.022262 0.335000 0
0.056971 0.058478 0.285000 0
0.025488 0.023541 0.301000 0
0.078550 0.078032 0.293000 0
0.015366 0.057231 0.311000 0
0.024141 0.069663 0.311000 0
0.079890 0.073057 0.298000 0
0.024863 0.029300 0.302000 0
0.059569 0.021905 0.298000 0
0.034297 0.070261 0.317000 0
0.058431 0.072146 0.303000 0
0.033163 0.046036 0.300000 0
0.047112 0.076735 0.313000 0
0.066353 0.021831 0.297000 0
0.005260 0.034700 0.319000 0
0.053442 0.023385 0.299000 0
0.020024 0.009479 0.304000 0
0.007745 0.048939 0.329000 0
0.063708 0.046897 0.301000 0
0.065123 0.072377 0.301000 0
0.046411 0.023385 0.299000 0
0.013468 0.079456 0.318000 0
0.030633 0.025238 0.296000 0
0.065272 0.045369 0.305000 0
0.060357 0.065385 0.295000 0
0.033191 0.007093 0.294000 0
0.060769 0.076673 0.304000 0
0.029316 0.045220 0.304000 0
0.061013 0.053220 0.282000 0
0.009852 0.004740 0.322000 0
0.052548 0.048572 0.294000 0
0.035985 0.031928 0.300000 0
0.052548 0.048572 0.294000 0
0.073038 0.022915 0.293000 0
0.064155 0.040281 0.310000 0
0.079987 0.068838 0.301000 0
0.031342 0.036117 0.325000 0
0.086300 0.068931 0.311000 0
0.044403 0.041801 0.295000 0
0.051476 0.075243 0.304000 0
0.023598 0.058802 0.304000 0
0.057274 0.033005 0.297000 0
0.021341 0.050481 0.324000 0
0.032162 0.071231 0.318000 0
0.019083 0.069153 0.312000 0
0.017045 0.074262 0.315000 0
0.040138 0.075912 0.322000 0
0.035745 0.044328 0.298000 0
0.040620 0.067158 0.303000 0
0.020617 0.072319 0.313000 0
0.022808 0.057184 0.303000 0
0.058770 0.028524 0.294000 0
0.052190 0.027643 0.292000 0
0.009852 0.004740 0.322000 0
0.078550 0.078032 0.293000 0
0.047542 0.079901 0.311000 0
0.049162 0.016331 0.312000 0
0.072596 0.021611 0.294000 0
0.071698 0.057255 0.296000 0
0.080426 0.071431 0.300000 0
0.050817 0.029017 0.292000 0
0.051137 0.021489 0.302000 0
0.029735 0.012924 0.301000 0
0.027943 0.009959 0.297000 0
0.016408 0.076224 0.317000 0
0.060357 0.065385 0.295000 0
0.036239 0.072657 0.321000 0
0.076570 0.077439 0.296000 0
0.083941 0.080646 0.295000 0
0.054481 0.023927 0.297000 0
0.027976 0.075999 0.313000 0
0.062085 0.045331 0.300000 0
0.022095 0.055759 0.303000 0
0.010675 0.024578 0.324000 0
0.023287 0.014998 0.300000 0
0.054481 0.023927 0.297000 0
0.017898 0.077715 0.317000 0
0.010708 0.023890 0.325000 0
0.056503 0.029805 0.293000 0
0.063560 0.050464 0.297000 0
0.017762 0.018648 0.302000 0
0.045494 0.020000 0.312000 0
0.049256 0.076957 0.308000 0
0.036323 0.048369 0.297000 0
0.055905 0.057402 0.283000 0
0.060357 0.065385 0.295000 0
0.031752 0.022052 0.300000 0
0.010477 0.026366 0.318000 0
0.043651 0.081460 0.320000 0
0.047546 0.050474 0.293000 0
0.032832 0.024625 0.297000 0
0.056195 0.031396 0.295000 0
0.016650 0.048544 0.337000 0
0.048924 0.025671 0.293000 0
0.078734 0.055589 0.310000 0
0.016408 0.075479 0.317000 0
0.042432 0.029601 0.291000 0
0.026109 0.024874 0.300000 0
0.041628 0.049431 0.295000 0
0.075559 0.045375 0.315000 0
0.022732 0.012967 0.302000 0
0.059866 0.023150 0.296000 0
0.039815 0.045576 0.297000 0
0.062339 0.053884 0.282000 0
0.073880 0.047988 0.308000 0
0.062293 0.038573 0.308000 0
0.008157 0.030561 0.315000 0
0.018349 0.016409 0.300000 0
0.032458 0.048152 0.300000 0
0.020670 0.010160 0.303000 0
0.028641 0.026022 0.297000 0
0.017673 0.025952 0.313000 0
0.012538 0.046402 0.333000 0
0.026015 0.044033 0.316000 0
0.066144 0.056189 0.287000 0
0.065340 0.074748 0.302000 0
0.019820 0.043790 0.337000 0
0.072596 0.021611 0.294000 0
0.079928 0.075965 0.293000 0
0.082415 0.072114 0.297000 0
0.055433 0.049445 0.291000 0
0.015858 0.046167 0.337000 0
0.068632 0.048794 0.304000 0
0.070762 0.063998 0.295000 0
0.014964 0.031600 0.318000 0
0.030840 0.056941 0.298000 0
0.056294 0.018710 0.303000 0
0.033763 0.080456 0.319000 0
0.009321 0.046760 0.330000 0
0.064258 0.021133 0.297000 0
0.055031 0.069315 0.300000 0
0.041523 0.074922 0.321000 0
0.027351 0.046237 0.306000 0
0.058516 0.059355 0.286000 0
0.019958 0.013723 0.303000 0
0.065655 0.025323 0.297000 0
0.060533 0.051285 0.286000 0
0.055581 0.073571 0.303000 0
0.012086 0.071148 0.321000 0
0.082484 0.062581 0.305000 0
0.046011 0.052361 0.292000 0
0.067051 0.023228 0.297000 0
0.063560 0.026022 0.297000 0
0.031223 0.028621 0.295000 0
0.035775 0.055514 0.287000 0
0.019958 0.013723 0.303000 0
0.060647 0.081039 0.307000 0
0.034905 0.054235 0.291000 0
0.074350 0.050224 0.304000 0
0.012538 0.046402 0.333000 0
0.051476 0.020202 0.304000 0
0.061175 0.045883 0.299000 0
0.017277 0.058469 0.306000 0
0.013638 0.054712 0.322000 0
0.045191 0.069753 0.305000 0
0.032599 0.077225 0.315000 0
0.025404 0.020641 0.300000 0
0.048071 0.050988 0.292000 0
0.051137 0.021489 0.302000 0
0.037974 0.009323 0.299000 0
0.018961 0.024245 0.310000 0
0.012801 0.034809 0.320000 0
0.025404 0.020641 0.300000 0
0.030633 0.025238 0.296000 0
0.010675 0.024578 0.324000 0
0.037974 0.009323 0.299000 0
0.052647 0.060238 0.287000 0
0.031917 0.027927 0.295000 0
0.056666 0.037480 0.305000 0
0.079415 0.052885 0.307000 0
0.024233 0.057896 0.303000 0
0.028529 0.066738 0.311000 0
0.073617 0.073793 0.301000 0
0.062085 0.045331 0.300000 0
0.075573 0.030706 0.309000 0
0.064630 0.032141 0.302000 0
0.075806 0.029785 0.307000 0
0.027172 0.059517 0.304000 0
0.067470 0.076168 0.302000 0
0.021341 0.050481 0.324000 0
0.041910 0.046274 0.297000 0
0.081231 0.067871 0.303000 0
0.031118 0.077966 0.315000 0
0.048257 0.061337 0.289000 0
0.020155 0.059908 0.306000 0
0.011785 0.027423 0.313000 0
0.038327 0.027549 0.291000 0
0.037212 0.024982 0.293000 0
0.048555 0.053310 0.279000 0
0.034905 0.054235 0.291000 0
0.079928 0.075965 0.293000 0
0.035788 0.076970 0.317000 0
0.050302 0.031872 0.293000 0
0.030943 0.022682 0.299000 0
0.101769 0.053555 0.349000 0
0.060769 0.076673 0.304000 0
0.058474 0.066303 0.296000 0
0.047060 0.062231 0.290000 0
0.008982 0.036087 0.318000 0
0.035985 0.031928 0.300000 0
0.075940 0.027603 0.299000 0
0.046078 0.075241 0.316000 0
0.065394 0.070490 0.299000 0
0.059866 0.023150 0.296000 0
0.009010 0.039951 0.319000 0
0.009038 0.040828 0.320000 0
0.047112 0.076735 0.313000 0
0.003760 0.039201 0.319000 0
0.048429 0.080891 0.312000 0
0.011331 0.065864 0.321000 0
0.044187 0.014674 0.308000 0
0.026196 0.017171 0.301000 0
0.034927 0.009959 0.297000 0
0.033304 0.027234 0.295000 0
0.053239 0.065163 0.294000 0
0.043709 0.050125 0.295000 0
0.079928 0.075965 0.293000 0
0.025488 0.012217 0.301000 0
0.029933 0.030822 0.303000 0
0.071456 0.059142 0.295000 0
0.074482 0.025934 0.296000 0
0.016937 0.070111 0.313000 0
0.052190 0.027643 0.292000 0
0.049952 0.048044 0.295000 0
0.066318 0.029812 0.300000 0
0.051861 0.042226 0.298000 0
0.074595 0.080511 0.305000 0
0.049736 0.017010 0.311000 0
0.013468 0.079456 0.318000 0
0.041891 0.025584 0.292000 0
0.032282 0.018834 0.305000 0
0.046078 0.075241 0.316000 0
0.045790 0.043188 0.295000 0
0.071256 0.052909 0.303000 0
0.049059 0.040124 0.298000 0
0.013553 0.067164 0.320000 0
0.072909 0.068838 0.301000 0
0.059866 0.048206 0.296000 0
0.036345 0.014435 0.303000 0
0.071628 0.043755 0.314000 0
0.043413 0.051852 0.293000 0
0.064770 0.065631 0.293000 0
0.054850 0.056335 0.281000 0
0.041891 0.025584 0.292000 0
0.052905 0.043334 0.296000 0
0.040241 0.023765 0.295000 0
0.039775 0.020779 0.302000 0
0.038985 0.050990 0.296000 0
0.054808 0.046656 0.295000 0
0.010036 0.019483 0.328000 0
0.048242 0.056335 0.281000 0
0.054481 0.023927 0.297000 0
0.030281 0.033418 0.314000 0
0.051476 0.020202 0.304000 0
0.041741 0.013859 0.306000 0
0.024296 0.073791 0.313000 0
0.071214 0.046691 0.309000 0
0.009913 0.001722 0.324000 0
0.035245 0.037789 0.333000 0
0.045599 0.055675 0.281000 0
0.041741 0.013859 0.306000 0
0.058431 0.072146 0.303000 0
0.011296 0.012988 0.320000 0
0.014823 0.012044 0.315000 0
0.030426 0.032055 0.308000 0
0.058624 0.075243 0.304000 0
0.006311 0.022262 0.335000 0
0.039686 0.056665 0.286000 0
0.072843 0.061223 0.295000 0
0.011785 0.028895 0.313000 0
0.062163 0.067225 0.297000 0
0.054850 0.056335 0.281000 0
0.015366 0.057231 0.311000 0
0.036079 0.030702 0.295000 0
0.082484 0.062581 0.305000 0
0.067526 0.064942 0.293000 0
0.010510 0.037700 0.319000 0
0.075281 0.048473 0.302000 0
0.025488 0.012217 0.301000 0
0.055052 0.061337 0.289000 0
0.047871 0.046656 0.295000 0
0.046078 0.075984 0.316000 0
0.010543 0.007721 0.320000 0
0.021670 0.047392 0.329000 0
0.032458 0.048152 0.300000 0
0.040754 0.017342 0.304000 0
0.032832 0.053258 0.297000 0
0.026370 0.054334 0.303000 0
0.047589 0.052446 0.285000 0
0.033191 0.007093 0.294000 0
0.027580 0.040379 0.335000 0
0.062293 0.038573 0.308000 0
0.026718 0.049276 0.307000 0
0.032061 0.074734 0.317000 0
0.055050 0.079854 0.308000 0
0.031223 0.028621 0.295000 0
0.045790 0.043188 0.295000 0
0.011785 0.027423 0.313000 0
0.031858 0.061761 0.301000 0
0.028691 0.034918 0.321000 0
0.073617 0.073793 0.301000 0
0.036014 0.079706 0.319000 0
0.012961 0.058099 0.324000 0
0.052906 0.074528 0.304000 0
0.072843 0.060529 0.295000 0
0.061591 0.050813 0.291000 0
0.051247 0.050747 0.283000 0
0.028641 0.026022 0.297000 0
0.059866 0.023150 0.296000 0
0.072681 0.072146 0.303000 0
0.033422 0.057458 0.290000 0
0.059144 0.071433 0.303000 0
0.078126 0.078990 0.294000 0
0.052264 0.014912 0.313000 0
0.063708 0.046897 0.301000 0
0.025404 0.016409 0.300000 0
0.072843 0.024459 0.295000 0
0.075806 0.029785 0.307000 0
0.076194 0.072842 0.300000 0
0.042045 0.021560 0.303000 0
0.008519 0.047392 0.329000 0
0.042045 0.021560 0.303000 0
0.047546 0.050474 0.293000 0
0.075940 0.074708 0.299000 0
0.049425 0.044030 0.296000 0
0.065272 0.045369 0.305000 0
0.016408 0.076224 0.317000 0
0.025488 0.024249 0.301000 0
0.053601 0.045422 0.296000 0
0.067729 0.028401 0.300000 0
0.020024 0.009479 0.304000 0
0.019881 0.064959 0.313000 0
0.026904 0.017879 0.301000 0
0.051504 0.068610 0.300000 0
0.030281 0.033418 0.314000 0
0.057759 0.080317 0.307000 0
0.035162 0.011432 0.299000 0
0.052739 0.034634 0.299000 0
0.038985 0.043334 0.296000 0
0.057274 0.033005 0.297000 0
0.016408 0.075479 0.317000 0
0.056195 0.031396 0.295000 0
0.026805 0.063921 0.308000 0
0.055125 0.026360 0.293000 0
0.073038 0.022226 0.293000 0
0.022977 0.005750 0.296000 0
0.025404 0.015703 0.300000 0
0.035788 0.076970 0.317000 0
0.031118 0.077966 0.315000 0
0.049162 0.016331 0.312000 0
0.068406 0.049346 0.303000 0
0.066144 0.056189 0.287000 0
0.033869 0.045331 0.300000 0
0.059866 0.048206 0.296000 0
0.010036 0.019483 0.328000 0
0.062085 0.045331 0.300000 0
0.041741 0.016737 0.306000 0
0.047848 0.019328 0.313000 0
0.032263 0.072955 0.319000 0
0.073617 0.073793 0.301000 0
0.017045 0.074262 0.315000 0
0.024073 0.022833 0.301000 0
0.024141 0.069663 0.311000 0
0.037974 0.009323 0.299000 0
0.058753 0.017171 0.301000 0
0.031118 0.077966 0.315000 0
0.043161 0.042638 0.296000 0
0.009852 0.003983 0.322000 0
0.043161 0.042638 0.296000 0
0.012961 0.058099 0.324000 0
0.026904 0.017879 0.301000 0
0.082415 0.072114 0.297000 0
0.082267 0.044477 0.299000 0
0.047542 0.079901 0.311000 0
0.008208 0.033737 0.317000 0
0.044474 0.020600 0.310000 0
0.056766 0.044328 0.298000 0
0.049613 0.032561 0.293000 0
0.051835 0.055278 0.279000 0
0.029933 0.050771 0.303000 0
0.019629 0.017701 0.298000 0
0.077527 0.028117 0.297000 0
0.013511 0.002446 0.319000 0
0.064342 0.052321 0.288000 0
0.050646 0.049431 0.295000 0
0.026805 0.063921 0.308000 0
0.026805 0.063921 0.308000 0
0.019881 0.064959 0.313000 0
0.022095 0.056471 0.303000 0
0.049599 0.051776 0.285000 0
0.025404 0.008649 0.300000 0
0.056294 0.018710 0.303000 0
0.027580 0.040379 0.335000 0
0.064258 0.021133 0.297000 0
0.064342 0.052321 0.288000 0
0.052905 0.043334 0.296000 0
0.014870 0.055179 0.316000 0
0.013553 0.067164 0.320000 0
0.078225 0.073510 0.297000 0
0.014261 0.068454 0.319000 0
0.030443 0.053267 0.301000 0
0.077527 0.028117 0.297000 0
0.049059 0.040124 0.298000 0
0.013341 0.071299 0.315000 0
0.058078 0.025067 0.294000 0
0.035788 0.076970 0.317000 0
0.070776 0.052369 0.304000 0
0.030731 0.041954 0.335000 0
0.045223 0.059563 0.287000 0
0.021658 0.019736 0.297000 0
0.059569 0.021905 0.298000 0
0.025404 0.008649 0.300000 0
0.018820 0.033304 0.320000 0
0.079509 0.074150 0.294000 0
0.043378 0.079456 0.318000 0
0.024296 0.073791 0.313000 0
0.006311 0.022262 0.335000 0
0.057853 0.021347 0.300000 0
0.063672 0.058478 0.285000 0
0.025404 0.020641 0.300000 0
0.051339 0.025153 0.295000 0
0.024473 0.030408 0.306000 0
0.047255 0.052744 0.283000 0
0.052548 0.047189 0.294000 0
0.016650 0.048544 0.337000 0
0.041523 0.074922 0.321000 0
0.073475 0.023524 0.292000 0
0.030746 0.015198 0.304000 0
0.060068 0.022530 0.297000 0
0.067522 0.023846 0.296000 0
0.046484 0.065385 0.295000 0
0.042141 0.054541 0.289000 0
0.073038 0.022915 0.293000 0
0.063672 0.058478 0.285000 0
0.068406 0.049346 0.303000 0
0.037720 0.022530 0.297000 0
0.027327 0.079933 0.314000 0
0.055948 0.076208 0.305000 0
0.010127 0.054685 0.331000 0
0.031809 0.008476 0.294000 0
0.041523 0.074922 0.321000 0
0.066760 0.074038 0.302000 0
0.060054 0.074528 0.304000 0
0.025404 0.015703 0.300000 0
0.043199 0.054839 0.287000 0
0.008545 0.020377 0.330000 0
0.012761 0.005446 0.319000 0
0.018409 0.073055 0.313000 0
0.038548 0.021905 0.298000 0
0.076899 0.069315 0.300000 0
0.061591 0.050813 0.291000 0
0.029316 0.045220 0.304000 0
0.032599 0.077225 0.315000 0
0.014146 0.044971 0.334000 0
0.049162 0.016331 0.312000 0
0.025933 0.079447 0.315000 0
0.026166 0.045238 0.309000 0
0.070762 0.063998 0.295000 0
0.039695 0.026864 0.291000 0
0.009852 0.003983 0.322000 0
0.020617 0.072319 0.313000 0
0.053268 0.022199 0.302000 0
0.014823 0.012044 0.315000 0
0.049416 0.078660 0.309000 0
0.024473 0.062067 0.306000 0
0.015858 0.046167 0.337000 0
0.082415 0.072114 0.297000 0
0.040241 0.023765 0.295000 0
0.025032 0.076735 0.313000 0
0.019881 0.064959 0.313000 0
0.071628 0.043755 0.314000 0
0.055433 0.049445 0.291000 0
0.019881 0.064959 0.313000 0
0.059569 0.021905 0.298000 0
0.053268 0.022199 0.302000 0
0.032458 0.048152 0.300000 0
0.036079 0.030702 0.295000 0
0.023561 0.074527 0.313000 0
0.029316 0.045220 0.304000 0
0.010576 0.065109 0.321000 0
0.032350 0.012136 0.299000 0
0.064155 0.040281 0.310000 0
0.070374 0.041672 0.315000 0
0.076643 0.065569 0.299000 0
0.012961 0.058099 0.324000 0
0.055050 0.039502 0.304000 0
0.053564 0.026957 0.292000 0
0.008338 0.006255 0.322000 0
0.013426 0.008394 0.317000 0
0.019083 0.069153 0.312000 0
0.015858 0.046167 0.337000 0
0.043801 0.028917 0.291000 0
0.070781 0.026109 0.298000 0
0.074324 0.075916 0.301000 0
0.070315 0.026900 0.299000 0
0.065272 0.045369 0.305000 0
0.017315 0.032551 0.320000 0
0.028691 0.034918 0.321000 0
0.046641 0.041246 0.296000 0
0.043709 0.050125 0.295000 0
0.035025 0.053734 0.292000 0
0.056132 0.077897 0.306000 0
0.048242 0.056335 0.281000 0
0.022657 0.007970 0.301000 0
0.014261 0.068454 0.319000 0
0.058431 0.072146 0.303000 0
0.067051 0.023228 0.297000 0
0.064691 0.030415 0.299000 0
0.017762 0.018648 0.302000 0
0.013299 0.072550 0.314000 0
0.050996 0.054427 0.278000 0
0.064907 0.019936 0.300000 0
0.079239 0.075276 0.293000 0
0.050817 0.029017 0.292000 0
0.017339 0.041954 0.335000 0
0.027943 0.009959 0.297000 0
0.064343 0.079532 0.304000 0
0.030731 0.041954 0.335000 0
0.056195 0.031396 0.295000 0
0.026370 0.054334 0.303000 0
0.029933 0.030822 0.303000 0
0.047546 0.050474 0.293000 0
0.067982 0.064034 0.292000 0
0.020617 0.072319 0.313000 0
0.053339 0.013526 0.315000 0
0.018467 0.064428 0.314000 0
0.049251 0.057402 0.283000 0
0.023753 0.061347 0.306000 0
0.079721 0.060145 0.300000 0
0.025827 0.052541 0.305000 0
0.006010 0.042201 0.319000 0
0.014261 0.068454 0.319000 0
0.052548 0.047189 0.294000 0
0.029636 0.056617 0.300000 0
0.045790 0.047350 0.295000 0
0.039195 0.018710 0.303000 0
0.013299 0.072550 0.314000 0
0.007463 0.030010 0.317000 0
0.041487 0.051337 0.294000 0
0.049444 0.029703 0.292000 0
0.017277 0.058469 0.306000 0
0.050792 0.014176 0.313000 0
0.036201 0.007838 0.296000 0
0.026805 0.063921 0.308000 0
0.015366 0.057962 0.311000 0
0.044485 0.028233 0.291000 0
0.047060 0.062231 0.290000 0
0.051034 0.081102 0.310000 0
0.032599 0.077225 0.315000 0
0.003783 0.035672 0.321000 0
0.046411 0.023385 0.299000 0
0.064770 0.065631 0.293000 0
0.078225 0.073510 0.297000 0
0.051247 0.050747 0.283000 0
0.066422 0.034117 0.307000 0
0.043709 0.050125 0.295000 0
0.031920 0.043788 0.331000 0
0.051476 0.020202 0.304000 0
0.037125 0.058888 0.287000 0
0.014172 0.069516 0.317000 0
0.076570 0.077439 0.296000 0
0.012761 0.069204 0.319000 0
0.005573 0.028819 0.338000 0
0.046641 0.024542 0.296000 0
0.045191 0.069753 0.305000 0
0.036072 0.068639 0.313000 0
0.011785 0.028895 0.313000 0
0.060350 0.052557 0.282000 0
0.048520 0.067678 0.299000 0
0.053620 0.038787 0.304000 0
0.013680 0.016148 0.323000 0
0.032782 0.020848 0.303000 0
0.061258 0.027326 0.296000 0
0.041891 0.025584 0.292000 0
0.034490 0.067686 0.312000 0
0.026636 0.027511 0.298000 0
0.014917 0.030010 0.317000 0
0.074595 0.080511 0.305000 0
0.030544 0.060546 0.302000 0
0.048217 0.021054 0.306000 0
0.086300 0.068931 0.311000 0
0.022822 0.004328 0.294000 0
0.040888 0.015965 0.305000 0
0.014261 0.068454 0.319000 0
0.016937 0.071583 0.313000 0
0.047657 0.024007 0.298000 0
0.082754 0.063506 0.306000 0
0.073475 0.023524 0.292000 0
0.055050 0.079854 0.308000 0
0.048520 0.067678 0.299000 0
0.067470 0.076168 0.302000 0
0.081305 0.074587 0.293000 0
0.060054 0.074528 0.304000 0
0.052548 0.048572 0.294000 0
0.016666 0.059576 0.308000 0
0.019022 0.025054 0.311000 0
0.042870 0.032672 0.294000 0
0.032061 0.044918 0.317000 0
0.017762 0.018648 0.302000 0
0.018991 0.017057 0.299000 0
0.038985 0.050990 0.296000 0
0.027327 0.079933 0.314000 0
0.038327 0.027549 0.291000 0
0.053268 0.022199 0.302000 0
0.075178 0.057951 0.296000 0
0.017503 0.023516 0.310000 0
0.056294 0.018710 0.303000 0
0.049091 0.049955 0.294000 0
0.064155 0.040281 0.310000 0
0.065340 0.074748 0.302000 0
0.024607 0.044918 0.317000 0
0.057946 0.054818 0.280000 0
0.023262 0.047452 0.319000 0
0.012761 0.005446 0.319000 0
0.069140 0.027695 0.300000 0
0.060647 0.081039 0.307000 0
0.011190 0.032992 0.317000 0
0.044102 0.024982 0.293000 0
0.007745 0.048939 0.329000 0
0.070374 0.041672 0.315000 0
0.012961 0.058099 0.324000 0
0.010807 0.022568 0.328000 0
0.030544 0.049894 0.302000 0
0.030731 0.041954 0.335000 0
0.020670 0.010160 0.303000 0
0.047255 0.052744 0.283000 0
0.051339 0.025153 0.295000 0
0.033530 0.023927 0.297000 0
0.070762 0.063998 0.295000 0
0.049416 0.078660 0.309000 0
0.030943 0.022682 0.299000 0
0.039013 0.055993 0.286000 0
0.035865 0.010729 0.299000 0
0.071213 0.062398 0.294000 0
0.086300 0.068931 0.311000 0
0.026262 0.043701 0.319000 0
0.048757 0.031076 0.292000 0
0.003760 0.039201 0.319000 0
0.022970 0.049819 0.315000 0
0.009010 0.039951 0.319000 0
0.039195 0.018710 0.303000 0
0.056766 0.044328 0.298000 0
0.010477 0.026366 0.318000 0
0.031342 0.036117 0.325000 0
0.045790 0.043188 0.295000 0
0.071256 0.052909 0.303000 0
0.022970 0.049819 0.315000 0
0.022970 0.049819 0.315000 0
0.047542 0.078438 0.311000 0
0.033869 0.045331 0.300000 0
0.025488 0.023541 0.301000 0
0.046319 0.022273 0.303000 0
0.025404 0.008649 0.300000 0
0.079933 0.053957 0.309000 0
0.025933 0.079447 0.315000 0
0.022095 0.055759 0.303000 0
0.065394 0.070490 0.299000 0
0.011785 0.028895 0.313000 0
0.067982 0.064034 0.292000 0
0.072681 0.051994 0.306000 0
0.057759 0.080317 0.307000 0
0.015712 0.067492 0.318000 0
0.035625 0.063035 0.297000 0
0.043105 0.073012 0.316000 0
0.014261 0.068454 0.319000 0
0.024233 0.055046 0.303000 0
0.009913 0.001722 0.324000 0
0.060054 0.074528 0.304000 0
0.075559 0.045375 0.315000 0
0.030633 0.029414 0.296000 0
0.024233 0.055046 0.303000 0
0.035865 0.010729 0.299000 0
0.048520 0.067678 0.299000 0
0.031342 0.036117 0.325000 0
0.023359 0.043010 0.331000 0
0.042045 0.021560 0.303000 0
0.011190 0.032992 0.317000 0
0.049444 0.029703 0.292000 0
0.064342 0.052321 0.288000 0
0.033716 0.015965 0.305000 0
0.039136 0.076193 0.320000 0
0.015366 0.057231 0.311000 0
0.030943 0.022682 0.299000 0
0.026370 0.054334 0.303000 0
0.074595 0.051107 0.305000 0
0.049444 0.030390 0.292000 0
0.077527 0.028117 0.297000 0
0.050792 0.014176 0.313000 0
0.071698 0.057255 0.296000 0
0.043180 0.011700 0.306000 0
0.021670 0.047392 0.329000 0
0.042322 0.064691 0.295000 0
0.018915 0.040379 0.335000 0
0.029124 0.014388 0.302000 0
0.019585 0.050317 0.333000 0
0.014172 0.069516 0.317000 0
0.035788 0.076970 0.317000 0
0.031342 0.036117 0.325000 0
0.046011 0.052361 0.292000 0
0.026718 0.049276 0.307000 0
0.010774 0.062482 0.327000 0
0.055050 0.039502 0.304000 0
0.038327 0.027549 0.291000 0
0.046319 0.022273 0.303000 0
0.014261 0.063204 0.319000 0
0.009377 0.055631 0.332000 0
0.031342 0.036117 0.325000 0
0.043951 0.053048 0.292000 0
0.070522 0.048396 0.306000 0
0.036450 0.054839 0.287000 0
0.020551 0.039710 0.336000 0
0.060562 0.023846 0.296000 0
0.075940 0.074708 0.299000 0
0.081402 0.070962 0.301000 0
0.020429 0.046541 0.334000 0
0.044854 0.066751 0.298000 0
0.047060 0.062231 0.290000 0
0.006929 0.047873 0.327000 0
0.015366 0.057962 0.311000 0
0.072843 0.061223 0.295000 0
0.015811 0.034056 0.320000 0
0.079239 0.075276 0.293000 0
0.007463 0.030010 0.317000 0
0.036239 0.074167 0.321000 0
0.052019 0.019423 0.303000 0
0.044911 0.013225 0.308000 0
0.025488 0.024249 0.301000 0
0.046641 0.040550 0.296000 0
0.079890 0.049934 0.298000 0
0.053601 0.045422 0.296000 0
0.023410 0.031636 0.311000 0
0.081402 0.070962 0.301000 0
0.045790 0.047350 0.295000 0
0.054069 0.053579 0.277000 0
0.010510 0.037700 0.319000 0
0.061368 0.041335 0.307000 0
0.013680 0.016148 0.323000 0
