-0.029583 -0.053910 0.242000 0.039154 -0.400555 0.915436 1.000000
-0.025811 -0.053782 0.244000 -0.143537 0.046917 0.988532 1.000000
-0.033705 -0.052990 0.243000 0.348465 -0.366997 0.862488 1.000000
-0.027991 -0.052990 0.243000 -0.000273 -0.003520 0.999994 1.000000
-0.022277 -0.052990 0.243000 -0.025805 0.160668 0.986671 1.000000
-0.035565 -0.052634 0.244000 0.492045 -0.372248 0.786971 1.000000
-0.029705 -0.052419 0.243000 0.075574 0.000539 0.997140 1.000000
-0.023991 -0.052419 0.243000 -0.044272 0.244420 0.968658 1.000000
-0.018353 -0.052634 0.244000 -0.151233 0.142538 0.978168 1.000000
-0.034991 -0.052061 0.244000 0.478639 -0.285512 0.830294 1.000000
-0.029134 -0.051847 0.243000 0.041407 0.053444 0.997712 1.000000
-0.023324 -0.051634 0.242000 -0.077497 0.269785 0.959797 1.000000
-0.017706 -0.051847 0.243000 -0.288508 0.099989 0.952242 1.000000
-0.038749 -0.051909 0.246000 0.405727 -0.427288 0.807967 1.000000
-0.032562 -0.051276 0.243000 0.220513 -0.174310 0.959682 1.000000
-0.026738 -0.051065 0.242000 0.016324 0.168626 0.985545 1.000000
-0.021047 -0.051065 0.242000 -0.127806 0.346003 0.929488 1.000000
-0.015484 -0.051487 0.244000 -0.349724 -0.116471 0.929585 1.000000
-0.037592 -0.051331 0.246000 0.393964 -0.431235 0.811683 1.000000
-0.031290 -0.050496 0.242000 0.230603 -0.088905 0.968978 1.000000
-0.025600 -0.050496 0.242000 0.019289 0.195699 0.980474 1.000000
-0.019909 -0.050496 0.242000 -0.179967 0.302902 0.935875 1.000000
-0.014337 -0.050913 0.244000 -0.312621 -0.230776 0.921418 1.000000
-0.038170 -0.050752 0.246000 0.421137 -0.464819 0.778837 1.000000
-0.031859 -0.049927 0.242000 0.296454 -0.157001 0.942054 1.000000
-0.026061 -0.049721 0.241000 0.027176 0.203822 0.978631 1.000000
-0.020394 -0.049721 0.241000 -0.171162 0.284585 0.943247 1.000000
-0.014910 -0.050339 0.244000 -0.459027 -0.131556 0.878628 1.000000
-0.040230 -0.050582 0.248000 -0.314587 0.511915 -0.799362 1.000000
-0.033705 -0.049562 0.243000 0.454315 -0.220778 0.863050 1.000000
-0.027761 -0.049154 0.241000 0.051113 0.108303 0.992803 1.000000
-0.022094 -0.049154 0.241000 -0.067953 0.215356 0.974168 1.000000
-0.016563 -0.049562 0.243000 -0.484452 -0.006179 0.874796 1.000000
-0.011073 -0.050582 0.248000 0.482812 0.465783 -0.741579 1.000000
-0.038325 -0.049797 0.247000 -0.373362 0.556522 -0.742216 1.000000
-0.031859 -0.048789 0.242000 0.314847 -0.066263 0.946827 1.000000
-0.026061 -0.048587 0.241000 0.136643 0.020639 0.990405 1.000000
-0.020394 -0.048587 0.241000 -0.206793 0.126482 0.970175 1.000000
-0.014849 -0.048990 0.243000 -0.482009 -0.081133 0.872402 1.000000
-0.009361 -0.050200 0.249000 -0.346274 -0.280058 0.895356 1.000000
-0.038906 -0.049216 0.247000 0.417227 -0.546716 0.725964 1.000000
-0.032428 -0.048220 0.242000 0.351265 -0.174052 0.919956 1.000000
-0.026627 -0.048020 0.241000 0.103226 0.012301 0.994582 1.000000
-0.020960 -0.048020 0.241000 -0.140379 0.095365 0.985494 1.000000
-0.015421 -0.048419 0.243000 -0.547206 -0.111328 0.829561 1.000000
-0.009946 -0.049615 0.249000 0.297722 0.344891 -0.890175 1.000000
-0.041396 -0.048832 0.248000 -0.301629 0.572657 -0.762289 1.000000
-0.034991 -0.048045 0.244000 0.478211 -0.432929 0.764125 1.000000
-0.028894 -0.047454 0.241000 0.229625 -0.217696 0.948621 1.000000
-0.023227 -0.047454 0.241000 0.018877 -0.015352 0.999704 1.000000
-0.017633 -0.047651 0.242000 -0.438858 -0.056275 0.896792 1.000000
-0.012190 -0.048635 0.247000 -0.572885 -0.414703 0.706982 1.000000
-0.006433 -0.049029 0.249000 -0.311319 -0.231304 0.921726 1.000000
-0.039647 -0.048249 0.248000 -0.352445 0.584619 -0.730755 1.000000
-0.033134 -0.047276 0.243000 0.514576 -0.432662 0.740281 1.000000
-0.027194 -0.046887 0.241000 0.168436 -0.181350 0.968887 1.000000
-0.021527 -0.046887 0.241000 -0.075724 0.030233 0.996670 1.000000
-0.015992 -0.047276 0.243000 -0.536217 -0.128324 0.834269 1.000000
-0.010490 -0.048249 0.248000 -0.363935 -0.375559 0.852353 1.000000
-0.004696 -0.048638 0.250000 -0.357154 -0.167031 0.918989 1.000000
-0.039064 -0.047666 0.248000 -0.266207 0.648201 -0.713421 1.000000
-0.032696 -0.046897 0.244000 0.516542 -0.439963 0.734586 1.000000
-0.026627 -0.046320 0.241000 0.185453 -0.237925 0.953414 1.000000
-0.020960 -0.046320 0.241000 -0.174294 -0.158200 0.971902 1.000000
-0.015484 -0.046897 0.244000 -0.561404 -0.179890 0.807753 1.000000
-0.009906 -0.047666 0.248000 -0.288819 -0.338600 0.895507 1.000000
-0.004124 -0.048242 0.251000 -0.352456 -0.197722 0.914703 1.000000
-0.039807 -0.047273 0.249000 -0.280682 0.696227 -0.660671 1.000000
-0.033543 -0.046703 0.246000 -0.463027 0.698211 -0.545992 1.000000
-0.027307 -0.045944 0.242000 0.260322 -0.344689 0.901899 1.000000
-0.021527 -0.045754 0.241000 -0.162886 -0.221430 0.961476 1.000000
-0.016124 -0.046513 0.245000 -0.574316 -0.277916 0.770016 1.000000
-0.010490 -0.047083 0.248000 0.345220 0.419636 -0.839481 1.000000
-0.004696 -0.047462 0.250000 -0.324497 -0.286634 0.901411 1.000000
-0.042318 -0.046875 0.250000 -0.274660 0.682879 -0.676933 1.000000
-0.036294 -0.046687 0.249000 -0.337161 0.790873 -0.510727 1.000000
-0.029828 -0.045750 0.244000 0.396617 -0.460765 0.793971 1.000000
-0.023893 -0.045375 0.242000 0.093338 -0.150230 0.984235 1.000000
-0.012770 -0.046312 0.247000 -0.571391 -0.368662 0.733213 1.000000
-0.007019 -0.046687 0.249000 -0.300148 -0.285385 0.910201 1.000000
-0.045027 -0.046657 0.252000 -0.287847 0.703779 -0.649492 1.000000
-0.038946 -0.046472 0.251000 -0.120908 0.818601 -0.561492 1.000000
-0.032781 -0.046102 0.249000 -0.505360 0.738230 -0.446799 1.000000
-0.016387 -0.046102 0.249000 0.582338 0.481188 -0.655241 1.000000
-0.010532 -0.046102 0.249000 0.180979 0.451923 -0.873506 1.000000
-0.004696 -0.046287 0.250000 -0.355340 -0.322996 0.877159 1.000000
-0.042487 -0.045882 0.251000 -0.222601 0.756116 -0.615417 1.000000
-0.036731 -0.046064 0.252000 -0.217729 0.839047 -0.498592 1.000000
-0.030194 -0.045150 0.247000 -0.606929 0.586606 -0.536219 1.000000
-0.011703 -0.045516 0.249000 0.237240 0.606347 -0.758987 1.000000
-0.005871 -0.045699 0.250000 0.256334 0.450619 -0.855123 1.000000
-0.045384 -0.045833 0.254000 -0.251869 0.733030 -0.631845 1.000000
-0.039256 -0.045652 0.253000 -0.131541 0.829789 -0.542353 1.000000
-0.033176 -0.045472 0.252000 -0.517585 0.735833 -0.436641 1.000000
-0.012977 -0.045291 0.251000 0.160089 0.748567 -0.643443 1.000000
-0.007047 -0.045111 0.250000 0.201119 0.492351 -0.846842 1.000000
-0.001183 -0.045652 0.253000 0.181534 0.367595 -0.912096 1.000000
-0.041636 -0.045057 0.253000 -0.068753 0.842961 -0.533563 1.000000
-0.035969 -0.045414 0.255000 -0.297135 0.795704 -0.527794 1.000000
-0.019018 -0.046482 0.261000 -0.483028 0.815480 -0.318867 1.000000
-0.010026 -0.044701 0.251000 0.059736 0.639336 -0.766604 1.000000
-0.004124 -0.044701 0.251000 0.297689 0.461592 -0.835652 1.000000
-0.044190 -0.044638 0.254000 -0.207149 0.736313 -0.644152 1.000000
-0.038518 -0.044990 0.256000 -0.159100 0.828026 -0.537643 1.000000
-0.031864 -0.044111 0.251000 -0.630733 0.651368 -0.421776 1.000000
-0.013236 -0.044990 0.256000 -0.451368 0.824245 -0.341886 1.000000
-0.007075 -0.044111 0.251000 0.221709 0.573520 -0.788619 1.000000
-0.001187 -0.044638 0.254000 0.101646 0.449321 -0.887569 1.000000
-0.041965 -0.044214 0.255000 0.022593 0.849693 -0.526793 1.000000
-0.036110 -0.044388 0.256000 -0.350105 0.734807 -0.580935 1.000000
-0.016690 -0.045602 0.263000 -0.457419 0.846770 -0.271566 1.000000
-0.010146 -0.044041 0.254000 -0.322810 0.835417 -0.444828 1.000000
-0.004141 -0.043694 0.252000 0.172271 0.585349 -0.792268 1.000000
-0.044963 -0.043615 0.255000 -0.155468 0.770614 -0.618048 1.000000
-0.039120 -0.043786 0.256000 -0.160819 0.822164 -0.546061 1.000000
-0.032583 -0.043102 0.252000 -0.600613 0.671703 -0.433681 1.000000
-0.012126 -0.044128 0.258000 -0.455456 0.826457 -0.330951 1.000000
-0.005918 -0.043102 0.252000 0.215157 0.618149 -0.756042 1.000000
0.000007 -0.043444 0.254000 0.059890 0.488853 -0.870308 1.000000
-0.041528 -0.043184 0.256000 -0.017807 0.827456 -0.561248 1.000000
-0.035369 -0.043015 0.255000 -0.350105 0.734807 -0.580935 1.000000
-0.012831 -0.043859 0.260000 -0.466152 0.820840 -0.330036 1.000000
-0.006537 -0.042678 0.253000 0.052766 0.774943 -0.629825 1.000000
-0.000590 -0.042846 0.254000 0.009378 0.501527 -0.865091 1.000000
-0.042899 -0.042748 0.257000 0.033035 0.799297 -0.600028 1.000000
-0.036855 -0.042748 0.257000 -0.355045 0.724695 -0.590559 1.000000
-0.013494 -0.043414 0.261000 -0.472342 0.822348 -0.317234 1.000000
-0.007160 -0.042249 0.254000 -0.117833 0.833016 -0.540555 1.000000
-0.001187 -0.042249 0.254000 0.014672 0.556032 -0.831031 1.000000
-0.043065 -0.042308 0.258000 0.033678 0.783710 -0.620213 1.000000
-0.036855 -0.042144 0.257000 -0.343458 0.757186 -0.555612 1.000000
-0.010346 -0.042472 0.259000 -0.448314 0.819057 -0.357994 1.000000
-0.004174 -0.041652 0.254000 -0.026983 0.707751 -0.705947 1.000000
-0.045492 -0.041701 0.258000 0.019893 0.681654 -0.731404 1.000000
-0.039578 -0.041863 0.259000 -0.049337 0.793033 -0.607177 1.000000
-0.011653 -0.042186 0.261000 -0.468401 0.824371 -0.317826 1.000000
-0.005389 -0.041216 0.255000 -0.125074 0.806280 -0.578160 1.000000
-0.046886 -0.041254 0.259000 0.109536 0.439983 -0.891301 1.000000
-0.040954 -0.041413 0.260000 0.081346 0.729343 -0.679295 1.000000
-0.011039 -0.041572 0.261000 -0.474242 0.811631 -0.341100 1.000000
-0.004808 -0.040776 0.256000 -0.169262 0.772254 -0.612351 1.000000
-0.046277 -0.040645 0.259000 0.128176 0.448888 -0.884347 1.000000
-0.040498 -0.040959 0.261000 0.009832 0.709203 -0.704936 1.000000
-0.011039 -0.040959 0.261000 -0.463956 0.814389 -0.348590 1.000000
-0.004827 -0.040331 0.257000 -0.255958 0.815911 -0.518436 1.000000
-0.046456 -0.040190 0.260000 0.241726 0.394672 -0.886455 1.000000
-0.010426 -0.040345 0.261000 -0.454747 0.820690 -0.345937 1.000000
-0.004239 -0.039881 0.258000 -0.277444 0.798633 -0.534051 1.000000
-0.013127 -0.040492 0.266000 -0.472608 0.815518 -0.334024 1.000000
-0.006692 -0.039427 0.259000 -0.371557 0.832267 -0.411433 1.000000
-0.000597 -0.039122 0.257000 -0.179354 0.679684 -0.711240 1.000000
-0.007329 -0.038968 0.260000 -0.414198 0.835637 -0.360764 1.000000
-0.001206 -0.038668 0.258000 -0.293277 0.719274 -0.629788 1.000000
-0.006130 -0.038504 0.261000 -0.397291 0.837943 -0.374182 1.000000
-0.009445 -0.038906 0.268000 -0.460077 0.810932 -0.361550 1.000000
-0.006847 -0.037848 0.265000 -0.426622 0.827387 -0.365274 1.000000
-0.044190 -0.011192 0.254000 -0.233398 -0.692231 -0.682892 2.000000
-0.032386 -0.010840 0.246000 -0.184188 -0.686833 -0.703090 2.000000
-0.045384 -0.010595 0.254000 -0.229027 -0.711675 -0.664127 2.000000
-0.038946 -0.010470 0.251000 -0.377873 -0.689895 -0.617460 2.000000
-0.032386 -0.010261 0.246000 -0.178581 -0.647420 -0.740916 2.000000
-0.023709 -0.010261 0.246000 0.074616 -0.497435 -0.864286 2.000000
-0.017417 -0.010303 0.247000 0.214964 -0.683518 -0.697562 2.000000
-0.044610 -0.009958 0.253000 -0.239111 -0.727196 -0.643437 2.000000
-0.038050 -0.009801 0.249000 -0.359402 -0.682058 -0.636889 2.000000
-0.031807 -0.009683 0.246000 -0.154328 -0.598777 -0.785906 2.000000
-0.025917 -0.009643 0.245000 0.107197 -0.461520 -0.880629 2.000000
-0.020321 -0.009722 0.247000 0.179525 -0.617504 -0.765806 2.000000
-0.014630 -0.009801 0.249000 0.188219 -0.876271 -0.443534 2.000000
-0.042487 -0.009289 0.251000 -0.284252 -0.743646 -0.605137 2.000000
-0.036002 -0.009141 0.247000 -0.329129 -0.668928 -0.666490 2.000000
-0.030072 -0.009104 0.246000 -0.044324 -0.546853 -0.836054 2.000000
-0.024189 -0.009067 0.245000 0.100527 -0.463187 -0.880541 2.000000
-0.018578 -0.009141 0.247000 0.180685 -0.667220 -0.722614 2.000000
-0.012926 -0.009252 0.250000 0.221403 -0.889070 -0.400668 2.000000
-0.041142 -0.008664 0.250000 -0.290976 -0.745319 -0.599860 2.000000
-0.034700 -0.008526 0.246000 -0.298217 -0.651720 -0.697372 2.000000
-0.028798 -0.008491 0.245000 0.045084 -0.479015 -0.876648 2.000000
-0.023131 -0.008526 0.246000 0.065171 -0.481910 -0.873794 2.000000
-0.017346 -0.008526 0.246000 0.132764 -0.773799 -0.619362 2.000000
-0.011797 -0.008699 0.251000 0.261301 -0.890511 -0.372441 2.000000
-0.037164 -0.007980 0.247000 -0.342506 -0.673296 -0.655257 2.000000
-0.031102 -0.007915 0.245000 -0.094204 -0.542608 -0.834687 2.000000
-0.025341 -0.007915 0.245000 0.094094 -0.454313 -0.885859 2.000000
-0.019660 -0.007947 0.246000 0.174571 -0.660501 -0.730249 2.000000
-0.014045 -0.008044 0.249000 0.188219 -0.876271 -0.443534 2.000000
-0.037164 -0.007399 0.247000 -0.342506 -0.673296 -0.655257 2.000000
-0.030975 -0.007309 0.244000 -0.033674 -0.494686 -0.868419 2.000000
-0.025341 -0.007339 0.245000 0.108324 -0.414868 -0.903410 2.000000
-0.019660 -0.007369 0.246000 0.156054 -0.611221 -0.775922 2.000000
-0.013988 -0.007429 0.248000 0.141059 -0.828533 -0.541882 2.000000
-0.031991 -0.006708 0.243000 -0.078761 -0.515469 -0.853281 2.000000
-0.026385 -0.006735 0.244000 0.107328 -0.403966 -0.908456 2.000000
-0.020732 -0.006763 0.245000 0.067466 -0.534673 -0.842361 2.000000
-0.015094 -0.006818 0.247000 0.123738 -0.825665 -0.550424 2.000000
-0.022461 -0.006187 0.245000 -0.007308 -0.509893 -0.860207 2.000000
-0.015032 -0.006212 0.246000 0.080598 -0.861973 -0.500507 2.000000
-0.028661 -0.081071 0.254000 -0.607935 0.473197 -0.637574 0.000000
-0.022063 -0.078837 0.247000 -0.312226 0.711197 0.629852 0.000000
-0.029373 -0.080790 0.255000 -0.661712 0.546990 -0.512776 0.000000
-0.022736 -0.078573 0.248000 -0.216456 0.766199 0.605051 0.000000
-0.033834 -0.080820 0.257000 -0.712224 0.395121 -0.580186 0.000000
-0.027466 -0.079876 0.254000 -0.404685 0.675149 -0.616769 0.000000
-0.021071 -0.078304 0.249000 -0.416423 0.791476 0.447390 0.000000
-0.035315 -0.080840 0.259000 -0.709374 0.422808 -0.563934 0.000000
-0.028887 -0.079903 0.256000 -0.661870 0.536979 -0.523051 0.000000
-0.022242 -0.077718 0.249000 -0.323826 0.761505 0.561468 0.000000
-0.016913 -0.080215 0.257000 -0.252623 0.814810 0.521791 0.000000
-0.032146 -0.079921 0.258000 -0.706148 0.417870 -0.571612 0.000000
-0.025473 -0.078062 0.252000 0.556919 -0.022193 0.830270 0.000000
-0.019105 -0.078682 0.254000 -0.037389 0.988269 0.148073 0.000000
-0.013391 -0.080231 0.259000 -0.099756 0.771664 0.628158 0.000000
-0.030932 -0.079314 0.258000 -0.739889 0.467829 -0.483425 0.000000
-0.024191 -0.077162 0.251000 0.499576 0.269663 0.823229 0.000000
-0.018580 -0.078392 0.255000 -0.479136 0.572485 0.665349 0.000000
-0.012782 -0.079622 0.259000 -0.120070 0.770502 0.626028 0.000000
-0.033876 -0.079928 0.262000 -0.545028 0.654613 -0.523857 0.000000
-0.026975 -0.077792 0.255000 -0.435401 0.504053 -0.745894 0.000000
-0.020732 -0.076877 0.252000 -0.385655 0.873685 0.296554 0.000000
-0.015218 -0.079013 0.259000 -0.150171 0.811976 0.564042 0.000000
-0.038772 -0.080523 0.266000 0.275822 0.896688 0.346226 0.000000
-0.032028 -0.079312 0.262000 -0.637741 0.574922 -0.512593 0.000000
-0.025077 -0.076890 0.254000 -0.385367 0.680754 -0.622950 0.000000
-0.019180 -0.077193 0.255000 -0.232446 0.809456 0.539211 0.000000
-0.013391 -0.078404 0.259000 -0.099756 0.771664 0.628158 0.000000
-0.040173 -0.080197 0.267000 0.275822 0.896688 0.346226 0.000000
-0.033514 -0.079296 0.264000 -0.545028 0.654613 -0.523857 0.000000
-0.026686 -0.077494 0.258000 -0.511466 0.541414 -0.667288 0.000000
-0.020299 -0.076293 0.254000 -0.237905 0.963840 0.120057 0.000000
-0.014665 -0.078095 0.260000 -0.074535 0.776892 0.625207 0.000000
-0.008387 -0.076593 0.255000 0.051180 0.681445 0.730077 0.000000
-0.039693 -0.079868 0.268000 0.275822 0.896688 0.346226 0.000000
-0.033142 -0.079272 0.266000 -0.545028 0.654613 -0.523857 0.000000
-0.026079 -0.076888 0.258000 -0.313801 0.884169 -0.346083 0.000000
-0.019780 -0.075993 0.255000 -0.147747 0.909507 0.388546 0.000000
-0.014054 -0.077484 0.260000 -0.099756 0.771664 0.628158 0.000000
-0.007757 -0.075695 0.254000 0.060646 0.674926 0.735389 0.000000
-0.037311 -0.079533 0.269000 -0.545028 0.654613 -0.523857 0.000000
-0.030410 -0.078055 0.264000 -0.637741 0.574922 -0.512593 0.000000
-0.023377 -0.075394 0.255000 -0.336850 0.743660 -0.577496 0.000000
-0.017586 -0.076281 0.258000 -0.086840 0.783502 0.615291 0.000000
-0.011519 -0.076281 0.258000 -0.076683 0.747046 0.660334 0.000000
-0.005368 -0.075098 0.254000 -0.085537 0.616338 0.782823 0.000000
-0.033895 -0.078314 0.267000 -0.545028 0.654613 -0.523857 0.000000
-0.026686 -0.075674 0.258000 -0.523838 0.633073 -0.569923 0.000000
-0.020140 -0.073914 0.252000 -0.359861 0.691536 0.626321 0.000000
-0.014665 -0.076261 0.260000 -0.099756 0.771664 0.628158 0.000000
-0.008354 -0.074501 0.254000 0.031662 0.699800 0.713636 0.000000
-0.043004 -0.078268 0.269000 0.327288 0.826768 0.457534 0.000000
-0.030913 -0.076522 0.263000 -0.733198 0.378801 -0.564739 0.000000
-0.023789 -0.073613 0.253000 0.434459 0.705253 0.560235 0.000000
-0.017840 -0.073613 0.253000 -0.373886 0.717881 0.587245 0.000000
-0.012032 -0.074486 0.256000 -0.060348 0.729883 0.680903 0.000000
-0.005942 -0.073613 0.253000 -0.101246 0.652816 0.750720 0.000000
-0.043637 -0.077636 0.269000 0.287814 0.833771 0.471158 0.000000
-0.032893 -0.076193 0.264000 -0.701773 0.394300 -0.593331 0.000000
-0.025776 -0.073595 0.255000 0.379677 0.263387 0.886833 0.000000
-0.019314 -0.071863 0.249000 -0.486820 0.645111 0.588930 0.000000
-0.013838 -0.073884 0.256000 -0.121267 0.732850 0.669496 0.000000
-0.007696 -0.072729 0.252000 -0.049131 0.686051 0.725893 0.000000
-0.001785 -0.073306 0.254000 -0.207031 0.427935 0.879778 0.000000
-0.035861 -0.075286 0.263000 -0.674845 0.393596 -0.624232 0.000000
-0.028616 -0.074140 0.259000 -0.672886 0.539399 -0.506235 0.000000
-0.021482 -0.070705 0.247000 -0.299367 0.628077 0.718260 0.000000
-0.016055 -0.072423 0.253000 -0.177617 0.771183 0.611333 0.000000
-0.010106 -0.072423 0.253000 -0.037147 0.698881 0.714273 0.000000
-0.004141 -0.072137 0.252000 -0.189559 0.499854 0.845111 0.000000
-0.039101 -0.074951 0.264000 0.305329 0.825122 0.475341 0.000000
-0.028285 -0.072680 0.256000 0.377678 0.634355 0.674502 0.000000
-0.020732 -0.069557 0.245000 -0.173402 0.725846 0.665642 0.000000
-0.015399 -0.071544 0.252000 -0.179805 0.740343 0.647737 0.000000
-0.009436 -0.071260 0.251000 -0.067220 0.678967 0.731085 0.000000
-0.003548 -0.071544 0.252000 -0.176917 0.446043 0.877352 0.000000
0.002387 -0.071828 0.253000 -0.410353 0.221459 0.884628 0.000000
-0.029855 -0.071515 0.254000 0.259831 0.676267 0.689312 0.000000
-0.021221 -0.068699 0.244000 -0.118855 0.776829 0.618393 0.000000
-0.015865 -0.070388 0.250000 -0.217050 0.761386 0.610885 0.000000
-0.010026 -0.070670 0.251000 -0.055404 0.712475 0.699507 0.000000
-0.004141 -0.070952 0.252000 -0.202561 0.454542 0.867387 0.000000
0.001792 -0.071233 0.253000 -0.425558 0.160400 0.890602 0.000000
-0.034088 -0.069801 0.250000 0.314091 0.815912 0.485422 0.000000
-0.027034 -0.069801 0.250000 0.328546 0.766849 0.551362 0.000000
-0.019992 -0.067846 0.243000 -0.254077 0.664715 0.702566 0.000000
-0.014630 -0.069521 0.249000 -0.187241 0.764767 0.616500 0.000000
-0.008811 -0.069801 0.250000 -0.156842 0.646953 0.746225 0.000000
-0.002956 -0.070359 0.252000 -0.232203 0.396495 0.888185 0.000000
0.002982 -0.070638 0.253000 -0.475964 0.036669 0.878700 0.000000
-0.034121 -0.068105 0.246000 0.269251 0.819680 0.505597 0.000000
-0.028452 -0.068382 0.247000 0.139237 0.844452 0.517217 0.000000
-0.021617 -0.066998 0.242000 -0.176925 0.650787 0.738359 0.000000
-0.016189 -0.068105 0.246000 -0.253421 0.722502 0.643248 0.000000
-0.010490 -0.068659 0.248000 -0.164229 0.722043 0.672073 0.000000
-0.004714 -0.069490 0.251000 -0.254688 0.521191 0.814551 0.000000
0.001197 -0.070043 0.253000 -0.425558 0.160400 0.890602 0.000000
-0.047733 -0.070546 0.257000 0.559510 0.660012 0.501331 0.000000
-0.032428 -0.066429 0.242000 0.141578 0.717097 0.682443 0.000000
-0.026848 -0.066703 0.243000 0.075344 0.750483 0.656581 0.000000
-0.020394 -0.066154 0.241000 -0.226487 0.620955 0.750412 0.000000
-0.015032 -0.067527 0.246000 -0.248092 0.698979 0.670730 0.000000
-0.009323 -0.068076 0.248000 -0.193660 0.694368 0.693072 0.000000
-0.003534 -0.068899 0.251000 -0.293706 0.447830 0.844503 0.000000
0.002387 -0.069448 0.253000 -0.463150 0.008229 0.886242 0.000000
-0.043494 -0.068037 0.250000 0.604348 0.454943 0.654057 0.000000
-0.032861 -0.065588 0.241000 0.131407 0.651982 0.746761 0.000000
-0.027307 -0.065860 0.242000 0.057636 0.640527 0.765770 0.000000
-0.021438 -0.065316 0.240000 -0.167500 0.572116 0.802887 0.000000
-0.016124 -0.066676 0.245000 -0.267011 0.675299 0.687514 0.000000
-0.010405 -0.066948 0.246000 -0.171718 0.697556 0.695650 0.000000
-0.004696 -0.068037 0.250000 -0.368580 0.520304 0.770346 0.000000
0.001192 -0.068581 0.252000 -0.468089 0.203376 0.859960 0.000000
0.007231 -0.069670 0.256000 -0.600158 -0.197967 0.774996 0.000000
-0.033289 -0.064751 0.240000 0.144202 0.576657 0.804160 0.000000
-0.027761 -0.065021 0.241000 0.063739 0.613134 0.787404 0.000000
-0.022002 -0.064751 0.240000 -0.165346 0.564841 0.808465 0.000000
-0.016632 -0.065830 0.244000 -0.307831 0.664614 0.680829 0.000000
-0.010939 -0.066100 0.245000 -0.183448 0.675029 0.714621 0.000000
-0.005262 -0.067179 0.249000 -0.428983 0.530439 0.731169 0.000000
0.000600 -0.067989 0.252000 -0.472610 0.209544 0.855997 0.000000
0.006629 -0.069068 0.256000 -0.600158 -0.197967 0.774996 0.000000
-0.036828 -0.064454 0.241000 0.484962 0.424995 0.764324 0.000000
-0.031032 -0.064187 0.240000 0.041030 0.483864 0.874181 0.000000
-0.025388 -0.064187 0.240000 0.035650 0.484041 0.874319 0.000000
-0.019745 -0.064187 0.240000 -0.380097 0.427941 0.819996 0.000000
-0.014395 -0.065524 0.245000 -0.223767 0.672100 0.705840 0.000000
-0.008634 -0.065524 0.245000 -0.255927 0.645317 0.719769 0.000000
-0.002932 -0.066861 0.250000 -0.436040 0.329065 0.837607 0.000000
0.002982 -0.067664 0.253000 -0.588980 -0.077052 0.804466 0.000000
-0.046619 -0.066539 0.251000 0.706187 0.238081 0.666796 0.000000
-0.039257 -0.064153 0.242000 0.622345 0.337945 0.706031 0.000000
-0.033289 -0.063623 0.240000 0.123525 0.433512 0.892642 0.000000
-0.027646 -0.063623 0.240000 0.059360 0.472048 0.879572 0.000000
-0.021911 -0.063357 0.239000 -0.165473 0.406996 0.898317 0.000000
-0.016563 -0.064418 0.243000 -0.327487 0.526037 0.784880 0.000000
-0.010894 -0.064683 0.244000 -0.174145 0.622579 0.762935 0.000000
-0.005220 -0.065478 0.247000 -0.540895 0.517640 0.662934 0.000000
0.000600 -0.066804 0.252000 -0.499071 0.189210 0.845652 0.000000
0.006629 -0.067864 0.256000 -0.616710 -0.253286 0.745329 0.000000
-0.041472 -0.064372 0.245000 0.648216 0.255775 0.717213 0.000000
-0.034982 -0.063058 0.240000 0.238658 0.299409 0.923795 0.000000
-0.029216 -0.062796 0.239000 0.046892 0.359082 0.932127 0.000000
-0.023596 -0.062796 0.239000 0.015861 0.407818 0.912926 0.000000
-0.018127 -0.063321 0.241000 -0.423827 0.378273 0.822970 0.000000
-0.012564 -0.063846 0.243000 -0.144777 0.575993 0.804532 0.000000
-0.006906 -0.064372 0.245000 -0.362523 0.581943 0.727955 0.000000
-0.001173 -0.065948 0.251000 -0.508568 0.224001 0.831374 0.000000
0.004823 -0.067262 0.256000 -0.616710 -0.253286 0.745329 0.000000
-0.043729 -0.064577 0.248000 0.703969 0.182346 0.686424 0.000000
-0.036675 -0.062494 0.240000 0.490439 0.260919 0.831499 0.000000
-0.030902 -0.062234 0.239000 0.014869 0.361704 0.932175 0.000000
-0.025177 -0.061973 0.238000 0.020513 0.268991 0.962924 0.000000
-0.019663 -0.062234 0.239000 -0.359610 0.268840 0.893536 0.000000
-0.014278 -0.063275 0.243000 -0.164177 0.573334 0.802704 0.000000
-0.008564 -0.063275 0.243000 -0.279520 0.528733 0.801442 0.000000
-0.002909 -0.064577 0.248000 -0.667061 0.259107 0.698493 0.000000
0.002994 -0.066139 0.254000 -0.645484 -0.220550 0.731237 0.000000
-0.047397 -0.065026 0.252000 0.692171 0.241862 0.680001 0.000000
-0.039990 -0.062704 0.243000 0.659727 0.063790 0.748793 0.000000
-0.033712 -0.061672 0.239000 0.195959 0.254893 0.946905 0.000000
-0.028092 -0.061672 0.239000 0.079558 0.277667 0.957378 0.000000
-0.022378 -0.061414 0.238000 -0.172970 0.227719 0.958241 0.000000
-0.016994 -0.062188 0.241000 -0.308244 0.358407 0.881209 0.000000
-0.011374 -0.062446 0.242000 -0.173366 0.493026 0.852567 0.000000
-0.005730 -0.062962 0.244000 -0.524873 0.426178 0.736804 0.000000
0.000007 -0.065026 0.252000 -0.595171 0.077473 0.799856 0.000000
0.006050 -0.066316 0.257000 -0.612925 -0.255145 0.747813 0.000000
-0.043729 -0.063411 0.248000 0.705647 0.186446 0.683594 0.000000
-0.036522 -0.061110 0.239000 0.305328 0.171585 0.936661 0.000000
-0.030773 -0.060854 0.238000 0.030191 0.212820 0.976625 0.000000
-0.025177 -0.060854 0.238000 0.010338 0.157604 0.987448 0.000000
-0.019580 -0.060854 0.238000 -0.368115 0.055334 0.928132 0.000000
-0.014219 -0.061877 0.242000 -0.104135 0.482076 0.869919 0.000000
-0.008529 -0.061877 0.242000 -0.265546 0.387450 0.882818 0.000000
-0.002897 -0.063155 0.247000 -0.746452 0.236337 0.622057 0.000000
0.002994 -0.064945 0.254000 -0.686224 -0.190499 0.702002 0.000000
-0.046804 -0.063841 0.252000 0.684480 0.239968 0.688406 0.000000
-0.039257 -0.061308 0.242000 0.681103 -0.007380 0.732150 0.000000
-0.033011 -0.060294 0.238000 0.087055 0.091241 0.992016 0.000000
-0.027415 -0.060294 0.238000 0.076037 0.087984 0.993216 0.000000
-0.021727 -0.060041 0.237000 -0.243833 0.012950 0.969731 0.000000
-0.016359 -0.060801 0.240000 -0.124327 0.085350 0.988564 0.000000
-0.010760 -0.061054 0.241000 -0.219846 0.256578 0.941188 0.000000
-0.005157 -0.061814 0.244000 -0.634479 0.318468 0.704283 0.000000
0.000602 -0.064094 0.253000 -0.732195 -0.071047 0.677380 0.000000
0.006681 -0.065361 0.258000 -0.592358 -0.277068 0.756535 0.000000
-0.042972 -0.061993 0.247000 0.691719 0.164577 0.703164 0.000000
-0.035960 -0.059986 0.239000 0.341412 0.044665 0.938852 0.000000
-0.030213 -0.059735 0.238000 0.012986 -0.019196 0.999731 0.000000
-0.024514 -0.059484 0.237000 -0.007477 0.020673 0.999758 0.000000
-0.019101 -0.059986 0.239000 -0.370276 -0.052153 0.927457 0.000000
-0.013537 -0.060237 0.240000 -0.129882 0.188491 0.973448 0.000000
-0.007960 -0.060739 0.242000 -0.340032 0.253834 0.905509 0.000000
-0.002325 -0.062244 0.248000 -0.763658 0.118033 0.634739 0.000000
0.003619 -0.064252 0.256000 -0.610758 -0.287379 0.737827 0.000000
-0.050162 -0.063153 0.254000 0.681774 0.253907 0.686087 0.000000
-0.041472 -0.060915 0.245000 0.626340 -0.075622 0.775873 0.000000
-0.034690 -0.059175 0.238000 0.234821 -0.116325 0.965053 0.000000
-0.029094 -0.059175 0.238000 0.049514 -0.040522 0.997951 0.000000
-0.023399 -0.058926 0.237000 -0.119005 -0.275666 0.953858 0.000000
-0.017977 -0.059424 0.239000 -0.271584 -0.266163 0.924878 0.000000
-0.012409 -0.059672 0.240000 -0.173843 0.199065 0.964444 0.000000
-0.006822 -0.060170 0.242000 -0.456504 0.105249 0.883474 0.000000
-0.001169 -0.062159 0.250000 -0.739375 0.016994 0.673079 0.000000
0.004842 -0.063899 0.257000 -0.602035 -0.293808 0.742449 0.000000
-0.048968 -0.062556 0.254000 0.681774 0.253907 0.686087 0.000000
-0.041472 -0.060339 0.245000 0.587544 -0.062553 0.806771 0.000000
-0.034690 -0.058615 0.238000 0.234821 -0.116325 0.965053 0.000000
-0.029094 -0.058615 0.238000 0.003526 -0.226548 0.973994 0.000000
-0.023399 -0.058369 0.237000 -0.138449 -0.410530 0.901275 0.000000
-0.018052 -0.059108 0.240000 -0.182512 -0.272984 0.944547 0.000000
-0.012409 -0.059108 0.240000 -0.186365 0.121336 0.974959 0.000000
-0.006822 -0.059600 0.242000 -0.460932 -0.064730 0.885072 0.000000
-0.001169 -0.061571 0.250000 -0.764675 0.017932 0.644167 0.000000
0.004842 -0.063295 0.257000 -0.617949 -0.288935 0.731201 0.000000
-0.048775 -0.061715 0.253000 0.662651 0.264056 0.700834 0.000000
-0.041472 -0.059763 0.245000 0.587544 -0.062553 0.806771 0.000000
-0.034690 -0.058056 0.238000 0.163999 -0.289657 0.942976 0.000000
-0.029094 -0.058056 0.238000 0.026413 -0.411037 0.911236 0.000000
-0.023498 -0.058056 0.238000 -0.138449 -0.410530 0.901275 0.000000
-0.018052 -0.058544 0.240000 0.167931 0.434608 -0.884825 0.000000
-0.012409 -0.058544 0.240000 -0.171817 0.054168 0.983639 0.000000
-0.006822 -0.059031 0.242000 -0.460932 -0.064730 0.885072 0.000000
-0.001169 -0.060983 0.250000 -0.778710 -0.011921 0.627271 0.000000
0.004861 -0.062934 0.258000 -0.606629 -0.283854 0.742582 0.000000
-0.048582 -0.060878 0.252000 0.652478 0.222815 0.724310 0.000000
-0.041472 -0.059187 0.245000 0.568823 -0.090506 0.817465 0.000000
-0.034690 -0.057496 0.238000 0.163999 -0.289657 0.942976 0.000000
-0.029094 -0.057496 0.238000 -0.000099 -0.424121 0.905605 0.000000
-0.023596 -0.057738 0.239000 0.162682 0.704353 -0.690957 0.000000
-0.018052 -0.057979 0.240000 0.163834 0.410885 -0.896845 0.000000
-0.012409 -0.057979 0.240000 -0.151576 -0.245480 0.957478 0.000000
-0.006822 -0.058462 0.242000 -0.445715 -0.124388 0.886491 0.000000
-0.001169 -0.060395 0.250000 -0.839141 -0.081853 0.537719 0.000000
0.004861 -0.062328 0.258000 -0.621500 -0.256679 0.740172 0.000000
-0.048582 -0.060286 0.252000 0.658224 0.205346 0.724275 0.000000
-0.041472 -0.058611 0.245000 0.539318 -0.077957 0.838486 0.000000
-0.034836 -0.057176 0.239000 0.200640 -0.456485 0.866813 0.000000
-0.029216 -0.057176 0.239000 0.035983 0.512131 -0.858154 0.000000
-0.023596 -0.057176 0.239000 0.176596 0.719781 -0.671363 0.000000
-0.018127 -0.057654 0.241000 -0.005532 0.558249 -0.829655 0.000000
-0.012409 -0.057415 0.240000 -0.088662 -0.391906 0.915723 0.000000
-0.006822 -0.057893 0.242000 -0.456316 -0.202650 0.866435 0.000000
-0.001169 -0.059807 0.250000 -0.842990 -0.063586 0.534158 0.000000
0.004861 -0.061721 0.258000 -0.628714 -0.245984 0.737706 0.000000
-0.048389 -0.059456 0.251000 0.657009 0.187235 0.730262 0.000000
-0.041472 -0.058035 0.245000 0.478148 -0.113415 0.870926 0.000000
-0.034836 -0.056614 0.239000 -0.177088 0.523833 -0.833210 0.000000
-0.029216 -0.056614 0.239000 0.071926 0.601152 -0.795891 0.000000
-0.023695 -0.056851 0.240000 0.127088 0.704698 -0.698033 0.000000
-0.018127 -0.057087 0.241000 -0.069729 0.556345 -0.828021 0.000000
-0.012409 -0.056851 0.240000 -0.056538 -0.417724 0.906813 0.000000
-0.006822 -0.057324 0.242000 -0.483974 -0.338283 0.807053 0.000000
-0.001173 -0.059456 0.251000 -0.852097 -0.103842 0.512979 0.000000
0.004861 -0.061114 0.258000 -0.631693 -0.224251 0.742075 0.000000
-0.048196 -0.058632 0.250000 0.651686 0.188745 0.734630 0.000000
-0.041472 -0.057459 0.245000 0.451971 -0.166669 0.876324 0.000000
-0.034982 -0.056286 0.240000 -0.202240 0.591647 -0.780419 0.000000
-0.029339 -0.056286 0.240000 0.075753 0.604483 -0.793008 0.000000
-0.023893 -0.056755 0.242000 0.138591 0.736557 -0.662024 0.000000
-0.018202 -0.056755 0.242000 -0.052349 0.563360 -0.824551 0.000000
-0.012460 -0.056521 0.241000 -0.023471 0.538806 -0.842103 0.000000
-0.006822 -0.056755 0.242000 -0.463090 -0.424406 0.778092 0.000000
-0.001173 -0.058866 0.251000 -0.862375 -0.119984 0.491847 0.000000
0.004861 -0.060508 0.258000 -0.631693 -0.224251 0.742075 0.000000
-0.047609 -0.058044 0.250000 0.658265 0.166819 0.734070 0.000000
-0.040729 -0.056651 0.244000 0.415339 -0.232193 0.879534 0.000000
-0.034418 -0.055722 0.240000 -0.165475 0.588291 -0.791538 0.000000
-0.028894 -0.055954 0.241000 0.096921 0.651244 -0.752653 0.000000
-0.023420 -0.056418 0.243000 0.164274 0.615297 -0.770989 0.000000
-0.017706 -0.056418 0.243000 -0.116887 0.525034 -0.843016 0.000000
-0.011894 -0.055954 0.241000 0.057457 0.587213 -0.807391 0.000000
-0.006278 -0.056418 0.243000 -0.496242 -0.416008 0.762024 0.000000
-0.000585 -0.058508 0.252000 -0.830248 -0.098332 0.548653 0.000000
0.005489 -0.060133 0.259000 -0.623846 -0.207318 0.753548 0.000000
-0.046645 -0.056996 0.248000 0.613701 0.074939 0.785974 0.000000
-0.040155 -0.056077 0.244000 0.437063 -0.301411 0.847424 0.000000
-0.033994 -0.055387 0.241000 -0.168104 0.598514 -0.783276 0.000000
-0.028327 -0.055387 0.241000 0.064546 0.658687 -0.749643 0.000000
-0.022943 -0.056077 0.244000 0.142927 0.535825 -0.832144 0.000000
-0.017135 -0.055847 0.243000 -0.127871 0.549267 -0.825805 0.000000
-0.011374 -0.055617 0.242000 0.082305 0.599318 -0.796268 0.000000
-0.005730 -0.056077 0.244000 -0.517192 -0.497685 0.696292 0.000000
0.000007 -0.058375 0.254000 -0.798302 -0.079770 0.596951 0.000000
0.006098 -0.059524 0.259000 -0.627076 -0.152401 0.763904 0.000000
-0.046061 -0.056413 0.248000 0.615433 0.052427 0.786444 0.000000
-0.039581 -0.055503 0.244000 0.490510 -0.340170 0.802299 0.000000
-0.033428 -0.054821 0.241000 0.000999 0.590082 -0.807343 0.000000
-0.027876 -0.055048 0.242000 0.103702 0.573411 -0.812678 0.000000
-0.022369 -0.055503 0.244000 0.065424 0.378633 -0.923232 0.000000
-0.016563 -0.055276 0.243000 -0.151279 0.490563 -0.858174 0.000000
-0.010805 -0.055048 0.242000 0.159194 0.620538 -0.767848 0.000000
-0.005178 -0.055731 0.245000 0.468770 0.575641 -0.669994 0.000000
0.000607 -0.058005 0.255000 -0.790004 -0.069893 0.609105 0.000000
0.006732 -0.059143 0.260000 -0.626920 -0.152439 0.764025 0.000000
-0.045295 -0.055605 0.247000 0.514280 -0.045312 0.856425 0.000000
-0.039007 -0.054929 0.244000 0.512522 -0.377746 0.771122 0.000000
-0.032997 -0.054479 0.242000 0.076058 0.532147 -0.843229 0.000000
-0.027420 -0.054704 0.243000 -0.155408 -0.190325 0.969342 0.000000
-0.021795 -0.054929 0.244000 -0.104727 -0.237813 0.965649 0.000000
-0.016058 -0.054929 0.244000 -0.057462 0.526230 -0.848399 0.000000
-0.010278 -0.054704 0.243000 0.226198 0.700882 -0.676461 0.000000
-0.004621 -0.055380 0.246000 0.472410 0.582802 -0.661189 0.000000
0.001216 -0.057856 0.257000 -0.733557 -0.041910 0.678335 0.000000
0.007344 -0.058531 0.260000 -0.644894 -0.059548 0.761949 0.000000
-0.045295 -0.055024 0.247000 0.503067 -0.128033 0.854711 0.000000
-0.039007 -0.054356 0.244000 0.488841 -0.391992 0.779344 0.000000
-0.033134 -0.054133 0.243000 0.136501 -0.386289 0.912221 0.000000
-0.026848 -0.054133 0.243000 -0.245439 -0.124714 0.961356 0.000000
-0.021221 -0.054356 0.244000 -0.121901 -0.065402 0.990385 0.000000
-0.015484 -0.054356 0.244000 0.004187 0.449256 -0.893393 0.000000
-0.009747 -0.054356 0.244000 0.311693 0.710037 -0.631423 0.000000
-0.004059 -0.055024 0.247000 -0.704982 -0.444895 0.552331 0.000000
0.001820 -0.057252 0.257000 -0.733557 -0.041910 0.678335 0.000000
0.007986 -0.058143 0.261000 -0.650768 -0.048927 0.757699 0.000000
-0.044714 -0.054443 0.247000 0.457346 -0.234546 0.857801 0.000000
-0.038591 -0.054002 0.245000 0.408775 -0.360361 0.838476 0.000000
-0.032562 -0.053561 0.243000 0.094682 0.413267 -0.905674 0.000000
-0.016058 -0.053782 0.244000 -0.036224 -0.263861 0.963880 0.000000
-0.010320 -0.053782 0.244000 0.254089 0.723447 -0.641921 0.000000
-0.004639 -0.054443 0.247000 0.396437 0.649266 -0.649069 0.000000
0.001211 -0.056427 0.256000 -0.761426 0.022201 0.647872 0.000000
0.007372 -0.057529 0.261000 -0.649511 -0.029375 0.759785 0.000000
-0.045295 -0.053862 0.247000 0.411742 -0.258933 0.873740 0.000000
-0.039167 -0.053426 0.245000 0.366321 -0.368051 0.854604 0.000000
-0.016058 -0.053208 0.244000 -0.071230 -0.241661 0.967743 0.000000
-0.010363 -0.053426 0.245000 0.259322 0.700971 -0.664374 0.000000
-0.004639 -0.053862 0.247000 0.382319 0.643184 -0.663435 0.000000
0.001211 -0.055825 0.256000 -0.742118 0.089423 0.664277 0.000000
0.007372 -0.056915 0.261000 -0.648529 -0.000667 0.761189 0.000000
-0.046061 -0.053497 0.248000 0.453597 -0.213185 0.865334 0.000000
-0.039906 -0.053066 0.246000 0.355974 -0.389417 0.849492 0.000000
-0.013243 -0.052850 0.245000 0.307888 0.462402 -0.831498 0.000000
-0.007543 -0.053282 0.247000 0.336992 0.649264 -0.681831 0.000000
-0.001763 -0.054144 0.251000 -0.711480 -0.053170 0.700692 0.000000
0.004270 -0.055870 0.259000 -0.680007 0.071884 0.729673 0.000000
-0.050931 -0.053128 0.249000 0.755460 -0.102881 0.647066 0.000000
-0.044895 -0.052914 0.248000 0.389833 -0.300136 0.870603 0.000000
-0.038749 -0.052487 0.246000 0.421564 -0.380531 0.823092 0.000000
-0.008157 -0.052914 0.248000 0.344927 0.587150 -0.732311 0.000000
-0.002354 -0.053554 0.251000 -0.654601 -0.090809 0.750500 0.000000
0.003647 -0.055048 0.258000 -0.665648 0.153305 0.730349 0.000000
0.009940 -0.056328 0.264000 -0.720817 0.033936 0.692294 0.000000
-0.045478 -0.052331 0.248000 0.345729 -0.362916 0.865311 0.000000
-0.011562 -0.051909 0.246000 0.464062 0.431257 -0.773734 0.000000
-0.005848 -0.052542 0.249000 0.368430 0.495823 -0.786396 0.000000
0.000007 -0.053386 0.253000 -0.624687 0.159563 0.764399 0.000000
0.006121 -0.054863 0.260000 -0.700150 0.132643 0.701567 0.000000
-0.049175 -0.051957 0.249000 0.537448 -0.333846 0.774401 0.000000
-0.043146 -0.051748 0.248000 0.315342 -0.397244 0.861834 0.000000
-0.008740 -0.051748 0.248000 0.369331 0.487146 -0.791381 0.000000
-0.002932 -0.052165 0.250000 -0.465789 -0.338862 0.817443 0.000000
0.003017 -0.053417 0.256000 -0.673240 0.285850 0.681937 0.000000
0.009284 -0.054878 0.263000 -0.756058 0.077666 0.649881 0.000000
-0.046247 -0.051371 0.249000 0.359977 -0.424550 0.830767 0.000000
-0.009323 -0.051165 0.248000 0.404686 0.449743 -0.796216 0.000000
-0.003520 -0.051577 0.250000 -0.419823 -0.301036 0.856228 0.000000
0.002396 -0.052403 0.254000 -0.607841 0.321915 0.725879 0.000000
0.008632 -0.054053 0.262000 -0.756058 0.077666 0.649881 0.000000
-0.046833 -0.050786 0.249000 0.388202 -0.442903 0.808169 0.000000
-0.008775 -0.050786 0.249000 0.342986 0.362916 -0.866402 0.000000
-0.002944 -0.051193 0.251000 -0.449069 -0.216792 0.866798 0.000000
0.002994 -0.051805 0.254000 -0.605307 0.356114 0.711889 0.000000
0.009284 -0.053641 0.263000 -0.772774 0.109931 0.625089 0.000000
-0.045845 -0.050402 0.250000 0.354049 -0.490020 0.796574 0.000000
-0.004108 -0.050402 0.250000 -0.367823 -0.254079 0.894511 0.000000
0.001792 -0.051006 0.253000 -0.499920 0.277777 0.820317 0.000000
0.007986 -0.052619 0.261000 -0.795103 0.144004 0.589130 0.000000
-0.047609 -0.049814 0.250000 0.372044 -0.521600 0.767800 0.000000
-0.005284 -0.049814 0.250000 -0.364621 -0.218315 0.905202 0.000000
0.000600 -0.050212 0.252000 -0.381866 0.060798 0.922216 0.000000
0.006681 -0.051408 0.258000 -0.751986 0.212293 0.624059 0.000000
-0.050160 -0.049423 0.251000 0.374744 -0.574696 0.727524 0.000000
-0.044082 -0.049226 0.250000 -0.311553 0.569272 -0.760831 0.000000
0.001192 -0.049620 0.252000 -0.410516 0.081421 0.908211 0.000000
0.007316 -0.050998 0.259000 -0.793518 0.119871 0.596624 0.000000
-0.049175 -0.049027 0.252000 -0.346269 0.630924 -0.694286 0.000000
-0.002944 -0.048833 0.251000 -0.384021 -0.138175 0.912927 0.000000
0.002970 -0.049027 0.252000 -0.389339 -0.006801 0.921069 0.000000
0.009248 -0.050973 0.262000 -0.842053 0.086535 0.532408 0.000000
-0.047397 -0.048435 0.252000 -0.331375 0.648087 -0.685692 0.000000
0.000007 -0.048435 0.252000 -0.328105 -0.050406 0.943295 0.000000
0.006027 -0.049203 0.256000 -0.772213 0.197546 0.603873 0.000000
-0.050162 -0.048222 0.254000 -0.421652 0.641465 -0.640884 0.000000
-0.000585 -0.047842 0.252000 -0.290337 -0.144389 0.945968 0.000000
0.005383 -0.048222 0.254000 -0.576948 0.032296 0.816142 0.000000
-0.056285 -0.049875 0.266000 0.646630 -0.317288 0.693684 0.000000
-0.023227 -0.045187 0.241000 0.027070 -0.161980 0.986423 0.000000
0.002377 -0.047250 0.252000 -0.259296 -0.119474 0.958380 0.000000
0.008599 -0.048937 0.261000 -0.857861 0.079093 0.507758 0.000000
-0.049160 -0.047212 0.255000 -0.289402 0.684211 -0.669405 0.000000
-0.024563 -0.044991 0.243000 0.270161 -0.214603 0.938594 0.000000
0.003563 -0.046657 0.252000 -0.359313 -0.167382 0.918084 0.000000
0.009902 -0.048694 0.263000 -0.881927 0.030807 0.470378 0.000000
-0.049760 -0.046613 0.255000 -0.392711 0.658281 -0.642218 0.000000
-0.025706 -0.044419 0.243000 0.281949 -0.266365 0.921713 0.000000
0.002970 -0.046064 0.252000 -0.359313 -0.167382 0.918084 0.000000
0.009213 -0.047710 0.261000 -0.882878 0.024476 0.468964 0.000000
-0.050755 -0.046374 0.257000 -0.407912 0.604727 -0.684042 0.000000
-0.025706 -0.043848 0.243000 0.281949 -0.266365 0.921713 0.000000
0.004155 -0.045472 0.252000 -0.355668 -0.180198 0.917076 0.000000
0.010561 -0.047637 0.264000 -0.881985 0.009553 0.471180 0.000000
-0.049353 -0.045592 0.256000 -0.325425 0.670109 -0.667122 0.000000
0.001197 -0.045057 0.253000 0.158168 0.288237 -0.944406 0.000000
0.007259 -0.045770 0.257000 -0.826821 -0.100509 0.553412 0.000000
-0.053590 -0.046044 0.262000 0.617920 -0.322433 0.717086 0.000000
-0.028915 -0.043232 0.246000 0.598941 -0.520493 0.608569 0.000000
0.002982 -0.044463 0.253000 -0.323064 -0.266800 0.907991 0.000000
0.009248 -0.046044 0.262000 -0.895411 -0.008508 0.445160 0.000000
-0.050952 -0.044735 0.258000 0.458187 -0.550587 0.697795 0.000000
-0.028106 -0.042307 0.244000 0.463583 -0.479049 0.745388 0.000000
0.004172 -0.043868 0.253000 -0.357415 -0.284028 0.889709 0.000000
0.010601 -0.045948 0.265000 -0.885954 -0.011408 0.463632 0.000000
-0.049546 -0.043957 0.257000 -0.292053 0.581028 -0.759678 0.000000
-0.026848 -0.041562 0.243000 0.304222 -0.428580 0.850746 0.000000
0.006003 -0.043615 0.255000 -0.622561 -0.294925 0.724870 0.000000
-0.055241 -0.044533 0.264000 0.637082 -0.210818 0.741406 0.000000
-0.047733 -0.043353 0.257000 -0.145143 0.606504 -0.781720 0.000000
0.001799 -0.042846 0.254000 0.165812 0.379816 -0.910081 0.000000
0.007955 -0.043859 0.260000 -0.857881 -0.093662 0.505240 0.000000
-0.053386 -0.043414 0.261000 0.441701 -0.356167 0.823435 0.000000
-0.033439 -0.042249 0.254000 -0.460552 0.727331 -0.508804 0.000000
0.001799 -0.042249 0.254000 0.096024 0.444636 -0.890549 0.000000
0.007986 -0.043414 0.261000 -0.870836 -0.086234 0.483951 0.000000
-0.052368 -0.042472 0.259000 0.441701 -0.356167 0.823435 0.000000
-0.034036 -0.041652 0.254000 -0.449129 0.687922 -0.570128 0.000000
-0.026848 -0.039848 0.243000 0.293751 -0.409502 0.863724 0.000000
0.006050 -0.042144 0.257000 -0.720375 -0.213835 0.659799 0.000000
-0.054413 -0.042509 0.263000 0.631409 -0.156480 0.759498 0.000000
-0.047495 -0.041863 0.259000 -0.045262 0.479807 -0.876206 0.000000
-0.030316 -0.040085 0.248000 0.639497 -0.560855 0.525819 0.000000
0.003605 -0.041216 0.255000 0.293998 0.486479 -0.822742 0.000000
0.010015 -0.042994 0.266000 -0.869552 -0.157957 0.467898 0.000000
-0.049322 -0.041254 0.259000 -0.117060 0.386949 -0.914640 0.000000
-0.035508 -0.040776 0.256000 -0.355045 0.724695 -0.590559 0.000000
-0.028221 -0.039024 0.245000 0.555720 -0.519158 0.649346 0.000000
0.006074 -0.041095 0.258000 -0.666871 -0.299458 0.682354 0.000000
-0.053386 -0.040959 0.261000 0.366828 -0.187820 0.911131 0.000000
-0.039731 -0.040802 0.260000 -0.003657 0.716691 -0.697381 0.000000
-0.032583 -0.039546 0.252000 0.600519 -0.619588 0.505458 0.000000
0.003605 -0.040017 0.255000 -0.297690 -0.472691 0.829424 0.000000
0.010015 -0.041743 0.266000 -0.869552 -0.157957 0.467898 0.000000
-0.049513 -0.040190 0.260000 -0.135883 0.170686 -0.975911 0.000000
-0.041725 -0.040345 0.261000 0.090102 0.618121 -0.780902 0.000000
-0.034770 -0.039418 0.255000 -0.455823 0.680173 -0.574099 0.000000
0.001206 -0.039418 0.255000 -0.003244 0.552635 -0.833417 0.000000
0.007344 -0.040190 0.260000 -0.790517 -0.269471 0.549972 0.000000
-0.051759 -0.039427 0.259000 -0.189048 0.128177 -0.973566 0.000000
-0.046021 -0.039731 0.261000 0.247416 0.357232 -0.900650 0.000000
-0.039884 -0.039731 0.261000 0.022169 0.628417 -0.777561 0.000000
0.000609 -0.038970 0.256000 -0.124154 0.641130 -0.757322 0.000000
0.006707 -0.039427 0.259000 -0.656680 -0.417440 0.628105 0.000000
-0.052368 -0.038818 0.259000 -0.170401 0.119947 -0.978047 0.000000
-0.046635 -0.039118 0.261000 0.261092 0.272943 -0.925923 0.000000
-0.040653 -0.039267 0.262000 0.102804 0.538863 -0.836097 0.000000
0.001806 -0.038218 0.255000 0.032298 0.555099 -0.831157 0.000000
0.007986 -0.039118 0.261000 -0.760291 -0.393987 0.516461 0.000000
-0.049932 -0.038209 0.259000 0.034269 0.206021 -0.977947 0.000000
-0.044180 -0.038504 0.261000 0.245980 0.278573 -0.928381 0.000000
-0.038480 -0.038946 0.264000 -0.001635 0.485704 -0.874122 0.000000
0.004205 -0.037619 0.255000 0.267456 0.584395 -0.766126 0.000000
-0.053590 -0.038035 0.262000 0.488952 -0.003526 0.872303 0.000000
-0.047249 -0.037890 0.261000 0.260337 0.125218 -0.957364 0.000000
-0.041426 -0.038181 0.263000 0.279085 0.330713 -0.901521 0.000000
-0.003675 -0.037890 0.261000 -0.358782 0.838939 -0.409214 0.000000
0.003619 -0.037164 0.256000 0.184842 0.648243 -0.738657 0.000000
0.009940 -0.038326 0.264000 -0.799780 -0.318602 0.508768 0.000000
-0.049513 -0.037134 0.260000 0.075193 0.075957 -0.994272 0.000000
-0.043733 -0.037419 0.262000 0.321220 0.254020 -0.912300 0.000000
-0.005558 -0.037562 0.263000 -0.396855 0.836205 -0.378507 0.000000
0.000616 -0.036991 0.259000 -0.191292 0.799907 -0.568820 0.000000
0.006707 -0.036991 0.259000 -0.613385 -0.541907 0.574539 0.000000
-0.052570 -0.036522 0.260000 0.258075 -0.002876 0.966121 0.000000
-0.046635 -0.036663 0.261000 0.329751 0.066982 -0.941689 0.000000
-0.040808 -0.036944 0.263000 0.328264 0.248657 -0.911270 0.000000
-0.001225 -0.036803 0.262000 -0.360143 0.831721 -0.422538 0.000000
0.004842 -0.036101 0.257000 0.232455 0.685157 -0.690307 0.000000
0.011266 -0.037365 0.266000 -0.755327 -0.335945 0.562691 0.000000
-0.049932 -0.035773 0.259000 0.035405 0.064331 -0.997300 0.000000
-0.044180 -0.036049 0.261000 0.364500 0.073773 -0.928277 0.000000
-0.005622 -0.036740 0.266000 -0.424726 0.822910 -0.377395 0.000000
0.000619 -0.035911 0.260000 -0.263398 0.820538 -0.507285 0.000000
0.006732 -0.035911 0.260000 -0.614192 -0.545009 0.570730 0.000000
-0.056708 -0.036386 0.268000 0.590550 0.030313 0.806432 0.000000
-0.048104 -0.035164 0.259000 0.118985 0.002286 -0.992893 0.000000
-0.042501 -0.035571 0.262000 0.366087 0.128800 -0.921624 0.000000
-0.002476 -0.035843 0.264000 -0.394798 0.824779 -0.404814 0.000000
0.003661 -0.035164 0.259000 0.110790 0.792289 -0.600003 0.000000
0.010015 -0.036114 0.266000 -0.674073 -0.457999 0.579536 0.000000
-0.052570 -0.034688 0.260000 0.303181 0.002414 0.952930 0.000000
-0.046456 -0.034688 0.260000 0.204321 -0.096195 -0.974166 0.000000
-0.040808 -0.035088 0.263000 0.339499 0.014032 -0.940502 0.000000
-0.000613 -0.035222 0.264000 -0.355836 0.815309 -0.456785 0.000000
0.005531 -0.034822 0.261000 0.338417 0.784088 -0.520268 0.000000
0.011981 -0.035756 0.268000 -0.668162 -0.418946 0.614852 0.000000
-0.050736 -0.034077 0.260000 -0.009635 -0.016929 -0.999810 0.000000
-0.044794 -0.034208 0.261000 0.366009 -0.159890 -0.916773 0.000000
-0.004404 -0.035125 0.268000 -0.428048 0.813963 -0.392733 0.000000
0.001856 -0.034339 0.262000 -0.134131 0.834981 -0.533681 0.000000
0.008108 -0.034732 0.265000 -0.599407 -0.560532 0.571415 0.000000
-0.055659 -0.034238 0.266000 0.628480 0.068910 0.774767 0.000000
-0.048290 -0.033465 0.260000 0.040132 -0.110874 -0.993024 0.000000
-0.042501 -0.033723 0.262000 0.389577 -0.075047 -0.917931 0.000000
-0.000618 -0.034238 0.266000 -0.338050 0.818446 -0.464616 0.000000
0.005573 -0.033852 0.263000 0.312891 0.739471 -0.596055 0.000000
0.012070 -0.034753 0.270000 -0.588216 -0.408957 0.697679 0.000000
-0.050736 -0.032854 0.260000 -0.096359 -0.035402 -0.994717 0.000000
-0.044794 -0.032980 0.261000 0.374678 -0.196958 -0.905993 0.000000
-0.002513 -0.033865 0.268000 -0.396730 0.826068 -0.400270 0.000000
0.003718 -0.033233 0.263000 -0.007787 0.856312 -0.516400 0.000000
0.010090 -0.033865 0.268000 -0.565516 -0.495355 0.659405 0.000000
-0.052772 -0.032367 0.261000 0.373851 -0.001078 0.927488 0.000000
-0.046456 -0.032243 0.260000 0.188182 -0.188697 -0.963837 0.000000
-0.040963 -0.032739 0.264000 0.636610 0.059082 -0.768920 0.000000
0.002491 -0.032739 0.264000 -0.222838 0.849143 -0.478852 0.000000
0.008830 -0.033235 0.268000 -0.476461 -0.609860 0.633290 0.000000
-0.053386 -0.031753 0.261000 0.374180 0.045202 0.926254 0.000000
-0.046886 -0.031510 0.259000 0.060618 -0.152703 -0.986411 0.000000
-0.041426 -0.031996 0.263000 0.618835 0.022329 -0.785204 0.000000
0.003732 -0.032118 0.264000 -0.048121 0.858677 -0.510253 0.000000
0.010128 -0.032726 0.269000 -0.526853 -0.514105 0.676847 0.000000
-0.052158 -0.031139 0.261000 0.374630 0.111295 0.920470 0.000000
-0.045845 -0.031020 0.260000 0.243393 -0.157525 -0.957050 0.000000
-0.000627 -0.032213 0.270000 -0.242813 0.800477 -0.547976 0.000000
0.005637 -0.031736 0.266000 0.171573 0.773345 -0.610328 0.000000
0.012115 -0.032332 0.271000 -0.479926 -0.483911 0.731779 0.000000
-0.051958 -0.030409 0.260000 0.264833 0.054665 0.962744 0.000000
-0.045668 -0.030292 0.259000 0.209546 -0.134659 -0.968482 0.000000
0.000008 -0.031578 0.270000 -0.181092 0.802346 -0.568723 0.000000
0.006286 -0.031227 0.267000 0.223777 0.774967 -0.591058 0.000000
0.012846 -0.031929 0.273000 0.470140 0.484514 -0.737709 0.000000
-0.051347 -0.029797 0.260000 0.269703 0.054421 0.961404 0.000000
-0.045059 -0.029683 0.259000 0.314038 -0.063331 -0.947296 0.000000
0.000640 -0.030829 0.269000 -0.181092 0.802346 -0.568723 0.000000
0.007598 -0.030829 0.269000 0.401216 0.639789 -0.655512 0.000000
0.023501 -0.042404 0.370000 -0.988602 0.036309 0.146111 0.000000
-0.049932 -0.029074 0.259000 -0.186989 -0.095712 -0.977688 0.000000
-0.044011 -0.029186 0.260000 0.495430 -0.049082 -0.867260 0.000000
0.003147 -0.029972 0.267000 -0.116847 0.810602 -0.573822 0.000000
0.009531 -0.030308 0.270000 0.400218 0.541954 -0.738994 0.000000
-0.054822 -0.028794 0.262000 0.434394 0.106257 0.894433 0.000000
-0.047919 -0.028355 0.258000 0.065601 -0.039420 -0.997067 0.000000
-0.042339 -0.028684 0.261000 0.688364 0.059735 -0.722902 0.000000
0.005679 -0.029454 0.268000 0.125816 0.704893 -0.698066 0.000000
0.012160 -0.029893 0.272000 0.441791 0.405064 -0.800464 0.000000
-0.051347 -0.027963 0.260000 0.234459 0.054933 0.970573 0.000000
-0.045059 -0.027856 0.259000 0.319501 -0.000818 -0.947585 0.000000
0.001919 -0.029146 0.271000 -0.064583 0.680997 -0.729433 0.000000
0.008929 -0.029146 0.271000 0.388120 0.442998 -0.808156 0.000000
-0.054613 -0.027457 0.261000 0.269150 0.081191 0.959670 0.000000
-0.047919 -0.027141 0.258000 0.089738 0.080210 -0.992730 0.000000
-0.042339 -0.027457 0.261000 0.686099 0.087581 -0.722217 0.000000
0.006356 -0.028404 0.270000 0.176311 0.541626 -0.821922 0.000000
0.012893 -0.028825 0.274000 0.390384 0.309993 -0.866893 0.000000
-0.051958 -0.026740 0.260000 -0.198902 -0.072067 -0.977366 0.000000
-0.045668 -0.026638 0.259000 0.211835 0.137134 -0.967636 0.000000
-0.040648 -0.027358 0.266000 0.783463 0.066194 -0.617903 0.000000
0.008929 -0.027872 0.271000 0.390662 0.389772 -0.833943 0.000000
-0.055438 -0.026330 0.262000 0.379708 0.135474 0.915133 0.000000
-0.048713 -0.026029 0.259000 0.012432 0.091280 -0.995748 0.000000
-0.042953 -0.026230 0.261000 0.670982 0.104319 -0.734098 0.000000
0.005743 -0.027235 0.271000 0.129637 0.378633 -0.916423 0.000000
0.012249 -0.027536 0.274000 0.421129 0.262346 -0.868231 0.000000
-0.051958 -0.025518 0.260000 -0.182453 -0.043510 -0.982251 0.000000
-0.045845 -0.025518 0.260000 0.303247 0.170920 -0.937458 0.000000
-0.040801 -0.026205 0.267000 0.924009 0.099547 -0.369185 0.000000
0.010921 -0.026794 0.273000 0.421129 0.262346 -0.868231 0.000000
-0.053792 -0.024906 0.260000 0.222413 0.047962 0.973772 0.000000
-0.047495 -0.024811 0.259000 0.122105 0.157512 -0.979939 0.000000
-0.042045 -0.025194 0.263000 0.754667 0.124139 -0.644257 0.000000
0.008995 -0.026152 0.273000 0.347715 0.247035 -0.904471 0.000000
0.025855 -0.036306 0.379000 -0.988602 0.036309 0.146111 0.000000
-0.049932 -0.024202 0.259000 0.001418 0.067368 -0.997727 0.000000
-0.044180 -0.024388 0.261000 0.476088 0.178353 -0.861121 0.000000
0.006451 -0.025603 0.274000 0.352484 0.191352 -0.916046 0.000000
0.012941 -0.025697 0.275000 0.302966 0.160984 -0.939306 0.000000
-0.051958 -0.023684 0.260000 -0.106870 -0.037726 -0.993557 0.000000
-0.045845 -0.023684 0.260000 0.386366 0.167811 -0.906951 0.000000
-0.040954 -0.024412 0.268000 0.951809 0.089602 -0.293310 0.000000
0.010921 -0.024868 0.273000 0.371886 0.136551 -0.918180 0.000000
-0.053586 -0.022984 0.259000 -0.137683 -0.056942 -0.988838 0.000000
-0.047679 -0.023072 0.260000 0.108863 0.142319 -0.983816 0.000000
-0.042205 -0.023427 0.264000 0.743290 0.045961 -0.667388 0.000000
0.008995 -0.024226 0.273000 0.311994 0.123558 -0.942015 0.000000
0.026128 -0.033987 0.383000 -0.988602 0.036309 0.146111 0.000000
-0.050124 -0.022461 0.260000 0.113772 0.085985 -0.989779 0.000000
-0.044180 -0.022547 0.261000 0.488693 0.121285 -0.863984 0.000000
0.007095 -0.023670 0.274000 0.293131 0.136829 -0.946230 0.000000
0.023487 -0.033173 0.384000 -0.988602 0.036309 0.146111 0.000000
-0.051347 -0.021850 0.260000 -0.017943 -0.046820 -0.998742 0.000000
-0.045407 -0.021934 0.261000 0.397984 0.065403 -0.915058 0.000000
-0.041377 -0.023110 0.275000 0.959600 0.036149 -0.279037 0.000000
0.012160 -0.022858 0.272000 0.286563 0.129432 -0.949278 0.000000
-0.053586 -0.021157 0.259000 0.048255 -0.144536 -0.988322 0.000000
-0.047679 -0.021238 0.260000 0.124180 0.012133 -0.992186 0.000000
-0.042205 -0.021565 0.264000 0.721758 -0.003898 -0.692135 0.000000
0.009601 -0.022218 0.272000 0.391336 0.130301 -0.910976 0.000000
0.026333 -0.031531 0.386000 -0.988602 0.036309 0.146111 0.000000
-0.050736 -0.020627 0.260000 0.063476 -0.049836 -0.996738 0.000000
-0.044794 -0.020706 0.261000 0.499367 -0.028558 -0.865920 0.000000
0.007095 -0.021738 0.274000 0.293332 0.130783 -0.947023 0.000000
0.013488 -0.021658 0.273000 0.320396 0.115967 -0.940158 0.000000
-0.052977 -0.019939 0.259000 0.148665 -0.156502 -0.976425 0.000000
-0.047067 -0.020015 0.260000 0.098369 -0.111669 -0.988865 0.000000
-0.041584 -0.020323 0.264000 0.727109 -0.055749 -0.684255 0.000000
0.010841 -0.020862 0.271000 0.379113 0.121522 -0.917336 0.000000
-0.055413 -0.019329 0.259000 0.224466 -0.227268 -0.947610 0.000000
-0.049513 -0.019404 0.260000 0.115402 -0.083680 -0.989788 0.000000
-0.043566 -0.019479 0.261000 0.592772 -0.128425 -0.795065 0.000000
0.009566 -0.020225 0.271000 0.433885 0.062329 -0.898810 0.000000
0.026333 -0.028808 0.386000 -0.988602 0.036309 0.146111 0.000000
-0.050736 -0.018793 0.260000 0.098302 -0.136303 -0.985778 0.000000
-0.044794 -0.018865 0.261000 0.424815 -0.146849 -0.893290 0.000000
0.008962 -0.019660 0.272000 0.447403 0.062308 -0.892159 0.000000
0.025359 -0.027828 0.385000 -0.988602 0.036309 0.146111 0.000000
-0.051347 -0.018181 0.260000 0.064698 -0.141552 -0.987814 0.000000
-0.045233 -0.018181 0.260000 0.413608 -0.275291 -0.867838 0.000000
-0.041678 -0.019370 0.277000 0.945245 0.018804 -0.325819 0.000000
0.024390 -0.026853 0.384000 -0.988602 0.036309 0.146111 0.000000
-0.051958 -0.017570 0.260000 0.149115 -0.226642 -0.962496 0.000000
-0.045845 -0.017570 0.260000 0.360635 -0.265167 -0.894220 0.000000
-0.041718 -0.018449 0.273000 0.948268 0.010878 -0.317285 0.000000
0.013538 -0.018516 0.274000 0.450450 0.070356 -0.890025 0.000000
-0.052977 -0.016893 0.259000 0.188770 -0.255337 -0.948245 0.000000
-0.046886 -0.016893 0.259000 0.058838 -0.387279 -0.920083 0.000000
-0.041584 -0.017220 0.264000 0.801247 -0.215119 -0.558326 0.000000
0.013587 -0.017937 0.275000 0.283384 0.174515 -0.942994 0.000000
-0.052977 -0.016284 0.259000 0.167423 -0.288305 -0.942788 0.000000
-0.046886 -0.016284 0.259000 0.029838 -0.433099 -0.900852 0.000000
-0.041584 -0.016599 0.264000 0.801247 -0.215119 -0.558326 0.000000
0.012893 -0.017228 0.274000 0.465493 0.101009 -0.879269 0.000000
-0.053586 -0.015675 0.259000 0.205959 -0.324723 -0.923112 0.000000
-0.047495 -0.015675 0.259000 0.016103 -0.435084 -0.900246 0.000000
-0.041885 -0.015857 0.262000 0.512374 -0.436788 -0.739385 0.000000
0.010961 -0.016583 0.274000 0.480893 0.091667 -0.871974 0.000000
-0.055156 -0.014834 0.255000 0.186245 -0.457973 -0.869237 0.000000
-0.049932 -0.015066 0.259000 0.096663 -0.372654 -0.922922 0.000000
-0.043841 -0.015066 0.259000 0.287937 -0.583746 -0.759166 0.000000
0.001820 -0.014950 0.257000 -0.702355 0.474612 0.530511 0.000000
0.022998 -0.021872 0.376000 -0.988602 0.036309 0.146111 0.000000
-0.052977 -0.014457 0.259000 0.159807 -0.396349 -0.904085 0.000000
-0.046705 -0.014402 0.258000 -0.022890 -0.546251 -0.837308 0.000000
-0.041426 -0.014681 0.263000 0.541098 -0.412283 -0.732964 0.000000
0.010961 -0.015295 0.274000 0.480893 0.091667 -0.871974 0.000000
-0.054557 -0.013635 0.255000 0.213076 -0.519967 -0.827184 0.000000
-0.049132 -0.013795 0.258000 -0.051128 -0.521973 -0.851428 0.000000
-0.042899 -0.013741 0.257000 -0.071218 -0.747921 -0.659956 0.000000
0.001211 -0.013688 0.256000 -0.690225 0.596118 0.410162 0.000000
0.013637 -0.014757 0.276000 0.465493 0.101009 -0.879269 0.000000
-0.053379 -0.013188 0.258000 0.142231 -0.488091 -0.861126 0.000000
-0.047129 -0.013137 0.257000 -0.129314 -0.599450 -0.789897 0.000000
-0.041245 -0.013188 0.258000 0.163210 -0.795906 -0.583006 0.000000
0.003076 -0.013342 0.261000 -0.795442 0.168481 0.582139 0.000000
0.024437 -0.018965 0.371000 -0.988602 0.036309 0.146111 0.000000
-0.050952 -0.012582 0.258000 0.015103 -0.568078 -0.822836 0.000000
-0.044364 -0.012435 0.255000 -0.242914 -0.651047 -0.719118 0.000000
-0.040023 -0.012972 0.266000 0.756694 -0.348760 -0.552974 0.000000
0.014286 -0.013459 0.276000 0.465493 0.101009 -0.879269 0.000000
-0.053172 -0.011929 0.257000 0.144364 -0.565998 -0.811668 0.000000
-0.046945 -0.011882 0.256000 -0.170672 -0.637720 -0.751122 0.000000
-0.040766 -0.011836 0.255000 -0.125975 -0.764426 -0.632284 0.000000
0.021643 -0.017081 0.368000 -0.988602 0.036309 0.146111 0.000000
-0.052567 -0.011324 0.257000 0.058819 -0.594669 -0.801816 0.000000
-0.038509 -0.011104 0.252000 -0.378886 -0.684136 -0.623220 0.000000
0.003803 -0.011853 0.269000 -0.754583 -0.019524 0.655914 0.000000
0.025105 -0.016215 0.368000 -0.988602 0.036309 0.146111 0.000000
-0.050150 -0.010720 0.257000 -0.016777 -0.628501 -0.777628 0.000000
0.013686 -0.011554 0.277000 -0.640679 -0.003986 0.767798 0.000000
-0.053746 -0.009998 0.254000 0.069711 -0.680030 -0.729863 0.000000
-0.047961 -0.010037 0.255000 -0.149629 -0.699218 -0.699075 0.000000
0.023120 -0.014327 0.364000 -0.988602 0.036309 0.146111 0.000000
-0.050959 -0.009437 0.255000 -0.020822 -0.679953 -0.732960 0.000000
0.014337 -0.010251 0.277000 -0.642189 0.028176 0.766028 0.000000
-0.052939 -0.008768 0.253000 0.015223 -0.707786 -0.706263 0.000000
-0.047176 -0.008803 0.254000 -0.171048 -0.722232 -0.670167 0.000000
-0.002504 -0.009254 0.267000 -0.762296 0.222886 0.607641 0.000000
0.022142 -0.012546 0.362000 -0.967508 0.134821 0.213895 0.000000
-0.051357 -0.008206 0.254000 -0.013924 -0.707269 -0.706807 0.000000
-0.045027 -0.008141 0.252000 -0.254013 -0.731269 -0.633027 0.000000
-0.006177 -0.008497 0.263000 0.673237 -0.507263 -0.537994 0.000000
0.000008 -0.008593 0.266000 -0.791712 0.201911 0.576562 0.000000
0.024627 -0.011663 0.361000 -0.967508 0.134821 0.213895 0.000000
-0.049370 -0.007579 0.253000 -0.151354 -0.767458 -0.622977 0.000000
-0.042906 -0.007489 0.250000 -0.265451 -0.773174 -0.575966 0.000000
-0.008453 -0.007698 0.257000 0.386605 -0.800132 -0.458612 0.000000
-0.002438 -0.007788 0.260000 -0.767305 0.487583 0.416539 0.000000
0.020270 -0.010754 0.359000 -0.989853 0.040359 0.136241 0.000000
-0.051340 -0.006928 0.251000 -0.082678 -0.785230 -0.613660 0.000000
-0.045619 -0.006956 0.252000 -0.186356 -0.778270 -0.599639 0.000000
-0.039064 -0.006846 0.248000 -0.333083 -0.727209 -0.600186 0.000000
-0.009398 -0.006901 0.250000 0.344205 -0.864815 -0.365539 0.000000
-0.003604 -0.007066 0.256000 0.631062 -0.643597 -0.433063 0.000000
0.023646 -0.009910 0.359000 -0.968498 0.138327 0.207068 0.000000
-0.048784 -0.006313 0.250000 -0.140279 -0.822180 -0.551672 0.000000
-0.042734 -0.006288 0.249000 -0.262202 -0.780256 -0.567847 0.000000
-0.036287 -0.006187 0.245000 -0.278223 -0.630646 -0.724484 0.000000
-0.030277 -0.006136 0.243000 0.037522 -0.447726 -0.893383 0.000000
-0.024664 -0.006161 0.244000 0.099068 -0.387371 -0.916586 0.000000
-0.008705 -0.006237 0.247000 0.343713 -0.843565 -0.412625 0.000000
-0.002967 -0.006389 0.253000 0.582821 -0.617614 -0.528084 0.000000
-0.053701 -0.005748 0.251000 0.020439 -0.774696 -0.632003 0.000000
-0.047418 -0.005702 0.249000 -0.154476 -0.825336 -0.543101 0.000000
-0.041396 -0.005679 0.248000 -0.253614 -0.783317 -0.567533 0.000000
-0.034991 -0.005588 0.244000 -0.183433 -0.567778 -0.802484 0.000000
-0.029134 -0.005565 0.243000 0.108164 -0.394879 -0.912344 0.000000
-0.023516 -0.005588 0.244000 0.006513 -0.450474 -0.892766 0.000000
-0.017779 -0.005588 0.244000 0.023427 -0.775420 -0.631012 0.000000
-0.012042 -0.005588 0.244000 0.177525 -0.880871 -0.438806 0.000000
-0.005241 -0.005679 0.248000 0.557498 -0.738018 -0.380165 0.000000
0.013129 -0.006389 0.279000 -0.660269 0.087984 0.745858 0.000000
-0.052102 -0.005117 0.249000 -0.145426 -0.826046 -0.544518 0.000000
-0.045876 -0.005076 0.247000 -0.149461 -0.859407 -0.488960 0.000000
-0.039906 -0.005055 0.246000 -0.211773 -0.766968 -0.605733 0.000000
-0.033705 -0.004993 0.243000 -0.070367 -0.582585 -0.809718 0.000000
-0.027991 -0.004993 0.243000 -0.140162 0.342629 0.928957 0.000000
-0.022369 -0.005014 0.244000 -0.026899 -0.479585 -0.877083 0.000000
-0.016563 -0.004993 0.243000 0.006086 -0.852730 -0.522316 0.000000
-0.009667 -0.004973 0.242000 0.317378 -0.875088 -0.365365 0.000000
-0.000581 -0.005137 0.250000 -0.809479 0.337105 0.480732 0.000000
0.022548 -0.007295 0.355000 0.375678 -0.777705 -0.504025 0.000000
-0.048582 -0.004477 0.246000 -0.202233 -0.822584 -0.531467 0.000000
-0.042798 -0.004477 0.246000 -0.178784 -0.843718 -0.506139 0.000000
-0.036562 -0.004422 0.243000 -0.091001 -0.667913 -0.738655 0.000000
-0.030721 -0.004404 0.242000 -0.139737 0.361986 0.921650 0.000000
-0.025238 -0.004440 0.244000 0.076499 -0.355991 -0.931353 0.000000
-0.019340 -0.004404 0.242000 -0.207571 -0.802430 -0.559483 0.000000
-0.013537 -0.004367 0.240000 0.076360 -0.894189 -0.441130 0.000000
-0.006765 -0.004367 0.240000 -0.660437 0.600527 0.450766 0.000000
-0.001159 -0.004513 0.248000 -0.840602 0.327527 0.431409 0.000000
0.019875 -0.006406 0.352000 0.375678 -0.777705 -0.504025 0.000000
-0.051103 -0.003914 0.247000 -0.289400 -0.760478 -0.581310 0.000000
-0.044745 -0.003867 0.244000 -0.147632 -0.851999 -0.502298 0.000000
-0.038847 -0.003851 0.243000 -0.116255 -0.724054 -0.679876 0.000000
-0.032997 -0.003835 0.242000 0.031361 -0.489650 -0.871355 0.000000
-0.027420 -0.003851 0.243000 -0.169640 0.302527 0.937923 0.000000
-0.021617 -0.003835 0.242000 -0.252197 -0.685204 -0.683295 0.000000
-0.015729 -0.003787 0.239000 -0.010459 -0.908849 -0.416993 0.000000
-0.009982 -0.003740 0.236000 -0.602895 0.408272 0.685443 0.000000
-0.004508 -0.003803 0.240000 -0.756194 0.452649 0.472525 0.000000
0.001192 -0.003993 0.252000 -0.864497 0.279105 0.418025 0.000000
0.021469 -0.005562 0.351000 0.375678 -0.777705 -0.504025 0.000000
-0.049335 -0.003293 0.244000 0.422796 0.658988 0.622075 0.000000
-0.043419 -0.003279 0.243000 -0.066085 -0.829241 -0.554970 0.000000
-0.037550 -0.003266 0.242000 0.014408 -0.624027 -0.781270 0.000000
-0.031859 -0.003266 0.242000 0.110817 -0.439854 -0.891206 0.000000
-0.026277 -0.003279 0.243000 -0.116884 0.319143 0.940471 0.000000
-0.020309 -0.003239 0.240000 -0.271862 -0.807841 -0.522957 0.000000
-0.014483 -0.003198 0.237000 -0.014946 -0.852468 -0.522566 0.000000
-0.008835 -0.003171 0.235000 -0.621374 0.364201 0.693724 0.000000
-0.003407 -0.003266 0.242000 -0.882925 0.000736 0.469514 0.000000
0.002415 -0.003455 0.256000 -0.904907 0.213505 0.368183 0.000000
0.023054 -0.004723 0.350000 0.375678 -0.777705 -0.504025 0.000000
-0.047990 -0.002708 0.243000 -0.383172 -0.693028 -0.610648 0.000000
-0.041928 -0.002686 0.241000 -0.019608 -0.744979 -0.666800 0.000000
-0.036261 -0.002686 0.241000 0.073854 -0.537148 -0.840248 0.000000
-0.030721 -0.002697 0.242000 0.175237 -0.391309 -0.903421 0.000000
-0.025134 -0.002708 0.243000 -0.002759 -0.387332 -0.921936 0.000000
-0.019021 -0.002652 0.238000 -0.276608 -0.844012 -0.459491 0.000000
-0.013255 -0.002619 0.235000 -0.024541 -0.748717 -0.662436 0.000000
-0.007696 -0.002608 0.234000 -0.758584 0.013724 0.651431 0.000000
-0.002307 -0.002741 0.246000 -0.827187 0.182106 0.531601 0.000000
0.003690 -0.002908 0.261000 -0.891052 0.353354 0.284899 0.000000
0.023808 -0.003889 0.349000 0.668345 -0.612926 -0.421469 0.000000
-0.047028 -0.002119 0.241000 0.331221 0.649907 0.684042 0.000000
-0.041190 -0.002110 0.240000 0.047218 -0.577946 -0.814708 0.000000
-0.035694 -0.002119 0.241000 0.062099 -0.525184 -0.848720 0.000000
-0.030152 -0.002128 0.242000 0.193367 -0.360252 -0.912594 0.000000
-0.024563 -0.002136 0.243000 -0.002971 -0.416559 -0.909104 0.000000
-0.018306 -0.002075 0.236000 -0.119055 -0.793852 -0.596343 0.000000
-0.012649 -0.002057 0.234000 0.006961 -0.629885 -0.776658 0.000000
-0.007177 -0.002066 0.235000 -0.741246 -0.188988 0.644079 0.000000
-0.001742 -0.002180 0.248000 -0.865433 0.084586 0.493833 0.000000
0.004353 -0.002321 0.264000 -0.891052 0.353354 0.284899 0.000000
0.023740 -0.003060 0.348000 0.668345 -0.612926 -0.421469 0.000000
-0.047595 -0.001552 0.241000 0.388741 0.500706 0.773417 0.000000
-0.041754 -0.001546 0.240000 0.039301 -0.562981 -0.825535 0.000000
-0.036111 -0.001546 0.240000 0.087320 -0.481542 -0.872063 0.000000
-0.030721 -0.001559 0.242000 0.175237 -0.391309 -0.903421 0.000000
-0.025031 -0.001559 0.242000 0.004287 -0.385800 -0.922572 0.000000
-0.018861 -0.001520 0.236000 -0.212768 -0.773886 -0.596515 0.000000
-0.013142 -0.001501 0.233000 -0.102371 0.291448 0.951093 0.000000
-0.007729 -0.001514 0.235000 -0.752753 -0.176999 0.634062 0.000000
-0.002316 -0.001591 0.247000 -0.863671 0.061158 0.500331 0.000000
0.003690 -0.001681 0.261000 -0.904219 0.374312 0.205618 0.000000
0.022856 -0.002235 0.347000 0.668345 -0.612926 -0.421469 0.000000
-0.047962 -0.000981 0.240000 0.407446 0.408747 0.816648 0.000000
-0.042142 -0.000977 0.239000 0.085276 -0.448324 -0.889794 0.000000
-0.036675 -0.000981 0.240000 0.093344 -0.436479 -0.894859 0.000000
-0.031290 -0.000990 0.242000 0.175998 -0.390023 -0.903829 0.000000
-0.025706 -0.000994 0.243000 0.004287 -0.385800 -0.922572 0.000000
-0.019334 -0.000961 0.235000 -0.203811 -0.685568 -0.698897 0.000000
-0.013631 -0.000949 0.232000 -0.064666 0.475202 0.877497 0.000000
-0.008317 -0.000965 0.236000 -0.752753 -0.176999 0.634062 0.000000
-0.002885 -0.001006 0.246000 -0.823455 -0.049627 0.565207 0.000000
0.003041 -0.001055 0.258000 -0.909697 0.300319 0.286809 0.000000
0.021913 -0.001411 0.345000 0.663057 -0.619490 -0.420223 0.000000
-0.048526 -0.000417 0.240000 0.407446 0.408747 0.816648 0.000000
-0.042525 -0.000414 0.238000 -0.039236 0.361167 0.931675 0.000000
-0.037239 -0.000417 0.240000 0.104492 -0.389567 -0.915051 0.000000
-0.031728 -0.000419 0.241000 0.160184 -0.511322 -0.844329 0.000000
-0.026277 -0.000422 0.243000 0.061082 -0.396282 -0.916095 0.000000
-0.019801 -0.000407 0.234000 -0.265187 -0.643914 -0.717670 0.000000
-0.014177 -0.000403 0.232000 -0.198603 0.401744 0.893957 0.000000
-0.008872 -0.000410 0.236000 -0.698703 -0.288215 0.654787 0.000000
-0.003450 -0.000426 0.245000 -0.822777 -0.171761 0.541790 0.000000
0.002415 -0.000445 0.256000 -0.885187 0.266044 0.381661 0.000000
0.019310 -0.000594 0.342000 0.698649 -0.593192 -0.400016 0.000000
-0.050428 0.000148 0.241000 0.599319 0.267951 0.754333 0.000000
-0.044204 0.000146 0.238000 0.076363 0.235136 0.968958 0.000000
-0.038770 0.000147 0.239000 -0.182101 0.324156 0.928312 0.000000
-0.033289 0.000147 0.240000 0.056975 -0.568168 -0.820938 0.000000
-0.027876 0.000148 0.242000 0.153230 -0.430526 -0.889476 0.000000
-0.021452 0.000144 0.234000 -0.539639 -0.517371 -0.664167 0.000000
-0.015814 0.000142 0.232000 -0.046741 0.440938 0.896320 0.000000
-0.010448 0.000144 0.234000 -0.609728 -0.294484 0.735874 0.000000
-0.005114 0.000148 0.242000 -0.803936 -0.243252 0.542692 0.000000
0.000600 0.000155 0.252000 -0.871213 0.051229 0.488224 0.000000
0.016799 0.000209 0.340000 0.698649 -0.594601 -0.397919 0.000000
-0.052561 0.000720 0.243000 0.822666 0.132120 0.552960 0.000000
-0.045883 0.000706 0.238000 0.288024 0.144436 0.946668 0.000000
-0.040456 0.000709 0.239000 -0.161653 0.239177 0.957425 0.000000
-0.034982 0.000712 0.240000 -0.033321 -0.510081 -0.859481 0.000000
-0.029461 0.000715 0.241000 0.199217 -0.531982 -0.822987 0.000000
-0.018541 0.000688 0.232000 0.217403 0.465365 0.858004 0.000000
-0.013086 0.000688 0.232000 -0.511597 -0.172994 0.841630 0.000000
-0.007861 0.000709 0.239000 -0.761112 -0.336550 0.554475 0.000000
-0.002325 0.000735 0.248000 -0.817947 -0.028376 0.574593 0.000000
0.003690 0.000774 0.261000 -0.912143 0.264845 0.312814 0.000000
0.020796 0.001008 0.340000 0.698649 -0.594601 -0.397919 0.000000
-0.049090 0.001276 0.240000 0.497089 -0.037041 0.866908 0.000000
-0.043085 0.001265 0.238000 0.036254 0.117410 0.992422 0.000000
-0.037804 0.001276 0.240000 -0.095992 0.299839 0.949148 0.000000
-0.032026 0.001271 0.239000 0.051186 -0.486857 -0.871981 0.000000
-0.020091 0.001228 0.231000 -0.063088 -0.697053 -0.714239 0.000000
-0.014723 0.001233 0.232000 -0.272335 0.084985 0.958442 0.000000
-0.009467 0.001260 0.237000 -0.677243 -0.362058 0.640512 0.000000
-0.004026 0.001302 0.245000 -0.785749 -0.228609 0.574749 0.000000
0.001799 0.001350 0.254000 -0.890216 0.049410 0.452851 0.000000
0.018235 0.001792 0.337000 0.729595 -0.571299 -0.375912 0.000000
-0.050428 0.001848 0.241000 0.570716 -0.131781 0.810504 0.000000
-0.044204 0.001825 0.238000 0.084973 0.099315 0.991421 0.000000
-0.038770 0.001833 0.239000 -0.125789 0.145401 0.981344 0.000000
-0.033150 0.001833 0.239000 -0.015920 -0.474377 -0.880178 0.000000
-0.018922 0.001764 0.230000 0.005827 -0.698643 -0.715446 0.000000
-0.013631 0.001779 0.232000 -0.418758 -0.191973 0.887574 0.000000
-0.008423 0.001833 0.239000 -0.780305 -0.348155 0.519531 0.000000
-0.002897 0.001894 0.247000 -0.753634 -0.100663 0.649540 0.000000
0.003041 0.001978 0.258000 -0.917136 0.073695 0.391702 0.000000
0.019028 0.002584 0.337000 0.729595 -0.571299 -0.375912 0.000000
-0.049861 0.002415 0.241000 0.549329 -0.139277 0.823917 0.000000
-0.043644 0.002385 0.238000 0.059125 -0.102636 0.992960 0.000000
-0.038208 0.002395 0.239000 -0.076001 0.074869 0.994293 0.000000
-0.032179 0.002364 0.236000 0.055482 0.394121 0.917382 0.000000
-0.018381 0.002304 0.230000 -0.504444 -0.863093 0.024659 0.000000
-0.013142 0.002334 0.233000 -0.524754 -0.421936 0.739326 0.000000
-0.007927 0.002415 0.241000 -0.754548 -0.377456 0.536828 0.000000
-0.002325 0.002485 0.248000 -0.787490 -0.007265 0.616284 0.000000
0.003676 0.002605 0.260000 -0.934734 0.134664 0.328842 0.000000
0.019761 0.003366 0.336000 0.763925 -0.530710 -0.367105 0.000000
-0.049090 0.002969 0.240000 0.500228 -0.209771 0.840100 0.000000
-0.043085 0.002944 0.238000 -0.033656 -0.160937 0.986391 0.000000
-0.037646 0.002957 0.239000 0.097238 0.159693 0.982366 0.000000
-0.027749 0.002808 0.227000 -0.255114 -0.963559 -0.080442 0.000000
-0.018922 0.002845 0.230000 -0.594143 -0.679797 0.429965 0.000000
-0.013690 0.002882 0.233000 -0.517738 -0.458258 0.722459 0.000000
-0.008458 0.002969 0.240000 -0.691871 -0.467342 0.550369 0.000000
-0.002909 0.003068 0.248000 -0.751857 -0.003907 0.659315 0.000000
0.003041 0.003192 0.258000 -0.918545 0.097859 0.383012 0.000000
0.017694 0.004045 0.327000 0.793367 -0.494578 -0.354910 0.000000
-0.050637 0.003563 0.242000 0.609940 -0.166668 0.774722 0.000000
-0.044204 0.003504 0.238000 0.141298 -0.259096 0.955460 0.000000
-0.038770 0.003518 0.239000 -0.048468 -0.088106 0.994931 0.000000
-0.032734 0.003474 0.236000 0.207590 0.272284 0.939557 0.000000
-0.024222 0.003298 0.224000 -0.570040 -0.706220 0.419890 0.000000
-0.019463 0.003386 0.230000 -0.607492 -0.668481 0.429053 0.000000
-0.014238 0.003430 0.233000 -0.487198 -0.456684 0.744364 0.000000
-0.008985 0.003518 0.239000 -0.621988 -0.573917 0.532682 0.000000
-0.003478 0.003636 0.247000 -0.685556 -0.035609 0.727149 0.000000
0.002406 0.003754 0.255000 -0.887463 0.127531 0.442882 0.000000
0.016511 0.004696 0.319000 0.793367 -0.494578 -0.354910 0.000000
-0.050847 0.004149 0.243000 0.623233 -0.155103 0.766501 0.000000
-0.044390 0.004080 0.239000 0.171774 -0.369258 0.913314 0.000000
-0.038770 0.004080 0.239000 -0.012075 -0.096644 0.995246 0.000000
-0.032734 0.004029 0.236000 0.322494 0.306233 0.895667 0.000000
-0.025276 0.003824 0.224000 -0.462556 -0.826747 0.320204 0.000000
-0.020455 0.003910 0.229000 -0.637593 -0.607546 0.473670 0.000000
-0.015334 0.003978 0.233000 -0.381210 -0.539648 0.750640 0.000000
-0.010067 0.004063 0.238000 -0.615785 -0.581546 0.531614 0.000000
-0.004621 0.004200 0.246000 -0.696911 -0.055469 0.715009 0.000000
0.001192 0.004302 0.252000 -0.843023 0.147871 0.517153 0.000000
0.007570 0.004576 0.268000 -0.943339 0.116352 0.310762 0.000000
0.022000 0.005702 0.334000 0.794020 -0.495252 -0.352501 0.000000
-0.046833 0.004662 0.240000 0.401429 -0.402701 0.822610 0.000000
-0.041018 0.004642 0.239000 -0.008904 -0.243028 0.969978 0.000000
-0.035250 0.004623 0.238000 0.297649 -0.038671 0.953892 0.000000
-0.027505 0.004371 0.225000 -0.468781 -0.836985 0.282312 0.000000
-0.022313 0.004390 0.226000 -0.570040 -0.706220 0.419890 0.000000
-0.017525 0.004526 0.233000 -0.167731 -0.625822 0.761717 0.000000
-0.012202 0.004584 0.236000 -0.559512 -0.596297 0.575653 0.000000
-0.006850 0.004720 0.243000 -0.723981 -0.264695 0.637014 0.000000
-0.001169 0.004856 0.250000 -0.800530 0.134575 0.583987 0.000000
0.004917 0.005070 0.261000 -0.946270 0.052707 0.319055 0.000000
0.019350 0.006391 0.329000 0.793367 -0.494578 -0.354910 0.000000
-0.048930 0.005270 0.242000 0.427842 -0.324153 0.843728 0.000000
-0.042704 0.005204 0.239000 0.076519 -0.397779 0.914285 0.000000
-0.036929 0.005183 0.238000 0.290861 -0.131759 0.947649 0.000000
-0.028690 0.004921 0.226000 -0.200511 -0.976431 0.079868 0.000000
-0.023272 0.004900 0.225000 -0.570040 -0.706220 0.419890 0.000000
-0.018621 0.005074 0.233000 -0.356268 -0.605042 0.712038 0.000000
-0.013255 0.005117 0.235000 -0.443255 -0.640890 0.626726 0.000000
-0.007960 0.005270 0.242000 -0.616938 -0.354476 0.702663 0.000000
-0.002335 0.005422 0.249000 -0.731715 0.138448 0.667402 0.000000
0.003633 0.005596 0.257000 -0.926732 0.094839 0.363556 0.000000
0.018520 0.007143 0.328000 0.793367 -0.494578 -0.354910 0.000000
-0.049704 0.005863 0.243000 0.460575 -0.315108 0.829806 0.000000
-0.043447 0.005791 0.240000 0.173792 -0.425133 0.888289 0.000000
-0.037646 0.005766 0.239000 0.140051 -0.206559 0.968359 0.000000
-0.028817 0.005477 0.227000 -0.002541 -0.946678 0.322170 0.000000
-0.023376 0.005453 0.226000 -0.513217 -0.749936 0.417378 0.000000
-0.018701 0.005646 0.234000 -0.241582 -0.685826 0.686499 0.000000
-0.013312 0.005694 0.236000 -0.447966 -0.706208 0.548267 0.000000
-0.007992 0.005863 0.243000 -0.561363 -0.349636 0.750084 0.000000
-0.002325 0.005984 0.248000 -0.659033 0.161979 0.734465 0.000000
0.003633 0.006201 0.257000 -0.926732 0.094839 0.363556 0.000000
0.020062 0.007914 0.328000 0.793367 -0.494578 -0.354910 0.000000
-0.047792 0.006408 0.242000 0.330313 -0.328053 0.885028 0.000000
-0.041754 0.006355 0.240000 0.079909 -0.421648 0.903232 0.000000
-0.035810 0.006302 0.238000 0.335532 -0.157118 0.928834 0.000000
-0.027627 0.005984 0.226000 -0.381604 -0.832338 0.401984 0.000000
-0.022510 0.006037 0.228000 -0.522856 -0.731187 0.438164 0.000000
-0.017751 0.006249 0.236000 -0.302890 -0.765388 0.567837 0.000000
-0.012305 0.006302 0.238000 -0.494005 -0.708244 0.504330 0.000000
-0.006878 0.006461 0.244000 -0.521086 -0.147030 0.840745 0.000000
-0.001164 0.006593 0.249000 -0.731076 0.190469 0.655171 0.000000
0.005573 0.006964 0.263000 -0.963344 0.021385 0.267417 0.000000
0.021605 0.008685 0.328000 0.793367 -0.494578 -0.354910 0.000000
-0.046085 0.006977 0.242000 0.324866 -0.351954 0.877833 0.000000
-0.040061 0.006919 0.240000 0.111235 -0.408202 0.906089 0.000000
-0.034131 0.006862 0.238000 0.483585 -0.203121 0.851403 0.000000
-0.025501 0.006516 0.226000 -0.369369 -0.846536 0.383333 0.000000
-0.020902 0.006746 0.234000 -0.564175 -0.660774 0.495060 0.000000
-0.015597 0.006833 0.237000 -0.316338 -0.774596 0.547659 0.000000
-0.010193 0.006948 0.241000 -0.389819 -0.609666 0.690180 0.000000
-0.004621 0.007092 0.246000 -0.606338 0.214036 0.765861 0.000000
0.001183 0.007208 0.250000 -0.806580 0.206621 0.553838 0.000000
0.017261 0.009197 0.319000 0.793367 -0.494578 -0.354910 0.000000
-0.049335 0.007608 0.244000 0.405838 -0.296464 0.864526 0.000000
-0.043061 0.007515 0.241000 0.150740 -0.445594 0.882453 0.000000
-0.037239 0.007484 0.240000 0.214744 -0.350548 0.911593 0.000000
-0.030806 0.007296 0.234000 0.643683 -0.419117 0.640322 0.000000
-0.024119 0.007109 0.228000 -0.434086 -0.783744 0.444201 0.000000
-0.019498 0.007390 0.237000 -0.319485 -0.777722 0.541367 0.000000
-0.014043 0.007452 0.239000 -0.398624 -0.748403 0.530087 0.000000
-0.008025 0.007608 0.244000 -0.081149 -0.359835 0.929480 0.000000
-0.002325 0.007733 0.248000 -0.665038 0.201487 0.719116 0.000000
0.003633 0.008014 0.257000 -0.938251 0.069517 0.338900 0.000000
0.019879 0.010134 0.325000 0.793367 -0.494578 -0.354910 0.000000
-0.047418 0.008148 0.243000 0.345456 -0.284621 0.894232 0.000000
-0.041361 0.008081 0.241000 0.112467 -0.451358 0.885227 0.000000
-0.035398 0.008014 0.239000 0.361562 -0.377512 0.852501 0.000000
-0.028782 0.007746 0.231000 0.426592 -0.771334 0.472296 0.000000
-0.023451 0.007780 0.232000 -0.458495 -0.807027 0.372142 0.000000
-0.018461 0.007981 0.238000 -0.307152 -0.762940 0.568842 0.000000
-0.013081 0.008115 0.242000 -0.378487 -0.685853 0.621572 0.000000
-0.007452 0.008182 0.244000 -0.240158 -0.210445 0.947648 0.000000
-0.001735 0.008283 0.247000 -0.646130 0.175179 0.742852 0.000000
0.004955 0.008819 0.263000 -0.957965 -0.010412 0.286697 0.000000
-0.052264 0.008863 0.247000 0.482418 -0.251089 0.839182 0.000000
-0.045516 0.008684 0.242000 0.232484 -0.329610 0.915045 0.000000
-0.039661 0.008648 0.241000 0.149434 -0.449103 0.880895 0.000000
-0.033712 0.008576 0.239000 0.522350 -0.398761 0.753750 0.000000
-0.027034 0.008253 0.230000 -0.092781 -0.870706 0.482972 0.000000
-0.022190 0.008469 0.236000 -0.395072 -0.754053 0.524711 0.000000
-0.016853 0.008576 0.239000 -0.318367 -0.753362 0.575402 0.000000
-0.011468 0.008756 0.244000 -0.201531 -0.479093 0.854315 0.000000
-0.005730 0.008756 0.244000 -0.376542 0.006836 0.926374 0.000000
0.000007 0.008899 0.248000 -0.733617 0.122092 0.668506 0.000000
0.016201 0.011232 0.313000 -0.987445 0.072281 0.140459 0.000000
-0.049908 0.009330 0.244000 0.426091 -0.269938 0.863470 0.000000
-0.043809 0.009253 0.242000 0.144599 -0.378729 0.914142 0.000000
-0.037961 0.009215 0.241000 0.191872 -0.457911 0.868045 0.000000
-0.031758 0.009062 0.237000 0.561670 -0.404607 0.721679 0.000000
-0.025633 0.008871 0.232000 -0.246815 -0.862430 0.441923 0.000000
-0.020787 0.009138 0.239000 -0.347311 -0.676234 0.649679 0.000000
-0.015357 0.009253 0.242000 -0.373813 -0.641763 0.669630 0.000000
-0.009747 0.009330 0.244000 -0.073356 -0.370138 0.926076 0.000000
-0.004009 0.009330 0.244000 -0.533994 0.096630 0.839948 0.000000
0.001764 0.009521 0.249000 -0.801811 0.104713 0.588331 0.000000
0.018879 0.012274 0.321000 0.793367 -0.494578 -0.354910 0.000000
-0.047990 0.009863 0.243000 0.372311 -0.262586 0.890187 0.000000
-0.042102 0.009822 0.242000 0.112922 -0.361700 0.925431 0.000000
-0.036261 0.009781 0.241000 0.281386 -0.456789 0.843899 0.000000
-0.029832 0.009538 0.235000 0.533613 -0.441150 0.721557 0.000000
-0.024410 0.009579 0.236000 -0.372542 -0.692663 0.617600 0.000000
-0.019181 0.009741 0.240000 -0.362864 -0.598663 0.714095 0.000000
-0.013763 0.009903 0.244000 -0.390784 -0.466270 0.793650 0.000000
-0.008025 0.009903 0.244000 0.015108 -0.355152 0.934686 0.000000
-0.002297 0.009944 0.245000 -0.586048 0.166255 0.793037 0.000000
0.003647 0.010471 0.258000 -0.954715 -0.028117 0.296190 0.000000
-0.052264 0.010606 0.247000 0.438048 -0.243082 0.865462 0.000000
-0.045516 0.010391 0.242000 0.192138 -0.271503 0.943064 0.000000
-0.039826 0.010391 0.242000 0.108761 -0.400914 0.909637 0.000000
-0.033853 0.010305 0.240000 0.517561 -0.405962 0.753210 0.000000
-0.027505 0.010048 0.234000 0.061361 -0.717856 0.693482 0.000000
-0.022472 0.010262 0.239000 -0.428593 -0.574280 0.697503 0.000000
-0.016994 0.010348 0.241000 -0.403805 -0.511871 0.758241 0.000000
-0.011562 0.010563 0.246000 -0.121307 -0.376843 0.918299 0.000000
-0.005707 0.010434 0.243000 -0.196335 -0.300382 0.933393 0.000000
0.000007 0.010606 0.247000 -0.738544 -0.077969 0.669682 0.000000
0.016991 0.013483 0.314000 -0.987445 0.072281 0.140459 0.000000
-0.049133 0.011005 0.243000 0.386616 -0.236978 0.891274 0.000000
-0.043240 0.010960 0.242000 0.126108 -0.327506 0.936396 0.000000
-0.037550 0.010960 0.242000 0.162171 -0.346956 0.923755 0.000000
-0.031201 0.010734 0.237000 0.457144 -0.312901 0.832534 0.000000
-0.025520 0.010688 0.236000 -0.318658 -0.633013 0.705515 0.000000
-0.020394 0.010915 0.241000 -0.398993 -0.447618 0.800277 0.000000
-0.014910 0.011051 0.244000 -0.463064 -0.317222 0.827612 0.000000
-0.009173 0.011051 0.244000 0.015847 -0.344866 0.938518 0.000000
-0.003421 0.011005 0.243000 -0.406504 -0.159953 0.899539 0.000000
0.002377 0.011413 0.252000 -0.868817 -0.013939 0.494937 0.000000
0.020262 0.014447 0.319000 0.793367 -0.494578 -0.354910 0.000000
-0.046654 0.011529 0.242000 0.192735 -0.276894 0.941373 0.000000
-0.040964 0.011529 0.242000 0.085544 -0.315675 0.945003 0.000000
-0.035273 0.011529 0.242000 0.383307 -0.288491 0.877410 0.000000
-0.028850 0.011243 0.236000 0.195853 -0.632255 0.749596 0.000000
-0.023596 0.011386 0.239000 -0.456997 -0.419729 0.784208 0.000000
-0.018127 0.011482 0.241000 -0.338474 -0.373652 0.863609 0.000000
-0.012719 0.011720 0.246000 -0.231987 -0.234663 0.943989 0.000000
-0.006850 0.011577 0.243000 -0.092581 -0.288417 0.953018 0.000000
-0.001150 0.011720 0.246000 -0.655007 -0.223831 0.721710 0.000000
0.005637 0.012673 0.266000 -0.963328 -0.018209 0.267707 0.000000
-0.049704 0.012148 0.243000 0.394593 -0.229659 0.889693 0.000000
-0.043990 0.012148 0.243000 0.101743 -0.305067 0.946880 0.000000
-0.038276 0.012148 0.243000 0.135627 -0.227114 0.964378 0.000000
-0.032160 0.011998 0.240000 0.557437 -0.319114 0.766440 0.000000
-0.026185 0.011848 0.237000 -0.326520 -0.523291 0.787116 0.000000
-0.020960 0.012048 0.241000 -0.371681 -0.400508 0.837524 0.000000
-0.015484 0.012198 0.244000 -0.491668 -0.140351 0.859398 0.000000
-0.009787 0.012248 0.245000 -0.007757 -0.202695 0.979211 0.000000
-0.004009 0.012198 0.244000 -0.358393 -0.333472 0.871981 0.000000
0.001771 0.012498 0.250000 -0.687100 -0.222808 0.691556 0.000000
0.020135 0.015848 0.317000 0.793367 -0.494578 -0.354910 0.000000
-0.046847 0.012720 0.243000 0.209886 -0.299432 0.930746 0.000000
-0.041133 0.012720 0.243000 0.089858 -0.238083 0.967079 0.000000
-0.035419 0.012720 0.243000 0.277677 -0.166626 0.946114 0.000000
-0.028850 0.012353 0.236000 0.246054 -0.532339 0.809983 0.000000
-0.023695 0.012563 0.240000 -0.506651 -0.355664 0.785371 0.000000
-0.018202 0.012667 0.242000 -0.348402 -0.110734 0.930782 0.000000
-0.012719 0.012877 0.246000 -0.240755 -0.165820 0.956316 0.000000
-0.006878 0.012772 0.244000 -0.089386 -0.289320 0.953050 0.000000
-0.001159 0.012981 0.248000 -0.608074 -0.396820 0.687590 0.000000
0.004936 0.013714 0.262000 -0.953422 -0.068651 0.293723 0.000000
-0.051265 0.013400 0.245000 0.373194 -0.270815 0.887348 0.000000
-0.045133 0.013291 0.243000 0.157829 -0.306070 0.938835 0.000000
-0.039419 0.013291 0.243000 0.125677 -0.146282 0.981227 0.000000
-0.033705 0.013291 0.243000 0.414733 -0.131722 0.900359 0.000000
-0.027185 0.012908 0.236000 -0.144192 -0.503745 0.851733 0.000000
-0.022186 0.013236 0.242000 -0.424260 -0.162734 0.890798 0.000000
-0.016563 0.013291 0.243000 -0.434053 0.004262 0.900877 0.000000
-0.010983 0.013455 0.246000 -0.167052 -0.091549 0.981689 0.000000
-0.005178 0.013400 0.245000 -0.324435 -0.451557 0.831167 0.000000
0.000593 0.013619 0.249000 -0.601828 -0.388337 0.697852 0.000000
0.016828 0.017010 0.311000 -0.993121 0.028589 0.113549 0.000000
-0.049335 0.013919 0.244000 0.361176 -0.261954 0.894948 0.000000
-0.043597 0.013919 0.244000 0.146294 -0.271360 0.951295 0.000000
-0.037705 0.013862 0.243000 0.178844 -0.123495 0.976096 0.000000
-0.031596 0.013691 0.240000 0.517978 -0.221717 0.826160 0.000000
-0.025844 0.013634 0.239000 -0.448578 -0.397740 0.800363 0.000000
-0.020478 0.013805 0.242000 -0.342502 -0.064046 0.937331 0.000000
-0.014910 0.013919 0.244000 -0.412161 0.201274 0.888601 0.000000
-0.009248 0.014034 0.246000 -0.150002 -0.215903 0.964824 0.000000
-0.003478 0.014091 0.247000 -0.470068 -0.513083 0.718180 0.000000
0.002387 0.014433 0.253000 -0.834989 -0.275335 0.476429 0.000000
0.019206 0.017913 0.314000 -0.987445 0.072281 0.140459 0.000000
-0.047040 0.014493 0.244000 0.222353 -0.342969 0.912651 0.000000
-0.041133 0.014434 0.243000 0.163391 -0.159468 0.973588 0.000000
-0.035419 0.014434 0.243000 0.328769 -0.034060 0.943796 0.000000
-0.028972 0.014077 0.237000 0.049177 -0.456252 0.888490 0.000000
-0.023794 0.014315 0.241000 -0.469220 -0.198418 0.860501 0.000000
-0.018277 0.014434 0.243000 -0.305106 0.072583 0.949548 0.000000
-0.012719 0.014612 0.246000 -0.364800 0.192295 0.911012 0.000000
-0.006962 0.014671 0.247000 -0.237207 -0.568966 0.787408 0.000000
-0.001169 0.014850 0.250000 -0.592301 -0.437416 0.676644 0.000000
0.004917 0.015503 0.261000 -0.937862 -0.122198 0.324781 0.000000
-0.050896 0.015190 0.246000 0.360109 -0.273237 0.892000 0.000000
-0.044745 0.015067 0.244000 0.184319 -0.349401 0.918665 0.000000
-0.038847 0.015005 0.243000 0.167150 -0.081661 0.982544 0.000000
-0.032861 0.014882 0.241000 0.494010 -0.000155 0.869456 0.000000
-0.026856 0.014696 0.238000 -0.207619 -0.466390 0.859869 0.000000
-0.021617 0.014943 0.242000 -0.324433 -0.062423 0.943847 0.000000
-0.015992 0.015005 0.243000 -0.369372 0.233106 0.899570 0.000000
-0.010405 0.015190 0.246000 -0.298854 0.014552 0.954188 0.000000
-0.004677 0.015376 0.249000 -0.336710 -0.625146 0.704144 0.000000
0.001188 0.015499 0.251000 -0.660153 -0.412266 0.627881 0.000000
0.019206 0.019389 0.314000 -0.987445 0.072281 0.140459 0.000000
-0.047233 0.015705 0.245000 0.271267 -0.323456 0.906526 0.000000
-0.041133 0.015577 0.243000 0.188463 -0.108426 0.976077 0.000000
-0.035273 0.015512 0.242000 0.353038 0.050272 0.934258 0.000000
-0.028972 0.015192 0.237000 0.049177 -0.456252 0.888490 0.000000
-0.023794 0.015448 0.241000 -0.472434 -0.178936 0.863011 0.000000
-0.018202 0.015512 0.242000 -0.305106 0.072583 0.949548 0.000000
-0.012615 0.015641 0.244000 0.364703 -0.322062 -0.873652 0.000000
-0.006991 0.015897 0.248000 -0.312476 -0.435259 0.844339 0.000000
-0.001169 0.016025 0.250000 -0.558335 -0.451116 0.696244 0.000000
0.004974 0.016923 0.264000 -0.934684 -0.098952 0.341431 0.000000
-0.049161 0.016347 0.246000 0.331821 -0.291760 0.897090 0.000000
-0.043024 0.016214 0.244000 0.223502 -0.259095 0.939636 0.000000
-0.036981 0.016081 0.242000 0.321358 0.041234 0.946060 0.000000
-0.030902 0.015882 0.239000 0.428332 -0.199721 0.881273 0.000000
-0.025282 0.015882 0.239000 -0.377059 -0.297573 0.877084 0.000000
-0.019827 0.016015 0.241000 -0.295701 0.045919 0.954176 0.000000
-0.014278 0.016148 0.243000 0.411316 -0.319157 -0.853790 0.000000
-0.008670 0.016347 0.246000 -0.364422 -0.395707 0.842978 0.000000
-0.002932 0.016613 0.250000 -0.512642 -0.529075 0.676223 0.000000
0.003017 0.017012 0.256000 -0.873789 -0.290283 0.390164 0.000000
-0.050896 0.016926 0.246000 0.348849 -0.275368 0.895811 0.000000
-0.044928 0.016857 0.245000 0.220979 -0.367859 0.903243 0.000000
-0.038688 0.016651 0.242000 0.276573 0.058669 0.959200 0.000000
-0.032725 0.016513 0.240000 0.420699 0.058675 0.905301 0.000000
-0.026856 0.016375 0.238000 -0.158258 -0.495290 0.854191 0.000000
-0.021527 0.016582 0.241000 -0.339326 0.030336 0.940180 0.000000
-0.015860 0.016582 0.241000 -0.342318 0.218638 0.913792 0.000000
-0.010278 0.016719 0.243000 -0.287512 0.160760 0.944189 0.000000
-0.004696 0.017201 0.250000 -0.432729 -0.563623 0.703615 0.000000
0.001197 0.017407 0.253000 -0.746490 -0.416692 0.518769 0.000000
-0.051103 0.017575 0.247000 0.335792 -0.276037 0.900582 0.000000
-0.044928 0.017433 0.245000 0.220979 -0.367859 0.903243 0.000000
-0.038688 0.017220 0.242000 0.276573 0.058669 0.959200 0.000000
-0.032588 0.017006 0.239000 0.452690 -0.005264 0.891652 0.000000
-0.026856 0.016935 0.238000 -0.164342 -0.468308 0.868147 0.000000
-0.021438 0.017077 0.240000 -0.366119 -0.005373 0.930553 0.000000
-0.015860 0.017148 0.241000 0.358727 -0.316179 -0.878263 0.000000
-0.010278 0.017291 0.243000 -0.287512 0.160760 0.944189 0.000000
-0.004696 0.017789 0.250000 -0.432729 -0.563623 0.703615 0.000000
0.001202 0.018073 0.254000 -0.757080 -0.429705 0.492121 0.000000
-0.048582 0.018083 0.246000 0.314069 -0.294790 0.902474 0.000000
-0.042450 0.017936 0.244000 0.233975 -0.205951 0.950179 0.000000
-0.036261 0.017715 0.241000 0.367373 0.113798 0.923086 0.000000
-0.030086 0.017421 0.237000 0.163454 -0.523579 0.836150 0.000000
-0.024720 0.017568 0.239000 -0.339809 -0.266550 0.901932 0.000000
-0.019181 0.017642 0.240000 -0.288290 0.088554 0.953439 0.000000
-0.013594 0.017715 0.241000 0.353771 -0.402259 -0.844413 0.000000
-0.008058 0.018009 0.245000 -0.362785 -0.455035 0.813222 0.000000
-0.002344 0.018377 0.250000 -0.459668 -0.617283 0.638488 0.000000
0.003760 0.019553 0.266000 -0.913546 -0.147352 0.379106 0.000000
-0.037394 0.018282 0.241000 0.338440 0.147805 0.929307 0.000000
0.001221 0.019571 0.258000 -0.855782 -0.299623 0.421738 0.000000
-0.045679 0.024045 0.290000 0.985757 -0.012203 -0.167730 0.000000
-0.039128 0.024210 0.292000 0.990158 0.023642 -0.137941 0.000000
-0.032373 0.024293 0.293000 0.208639 -0.834609 -0.509802 0.000000
