0.005719 -0.009043 0.162000 -0.381335 0.570302 0.727557 1.000000
0.005683 -0.008608 0.161000 -0.378963 0.502354 0.777192 1.000000
0.009645 -0.008769 0.164000 -0.288842 0.706606 0.645971 1.000000
0.013666 -0.008876 0.166000 -0.405286 0.475763 0.780636 1.000000
0.001119 -0.008077 0.158000 -0.225438 0.309378 0.923831 1.000000
0.004895 -0.008179 0.160000 -0.412045 0.443423 0.795987 1.000000
0.008766 -0.008281 0.162000 -0.398790 0.568386 0.719655 1.000000
0.012808 -0.008434 0.165000 -0.435774 0.502458 0.746751 1.000000
0.016991 -0.008588 0.168000 -0.664320 0.280969 0.692630 1.000000
-0.003687 -0.007656 0.157000 -0.192514 -0.123847 0.973448 1.000000
0.000005 -0.007705 0.158000 -0.268266 0.263040 0.926738 1.000000
0.003767 -0.007803 0.160000 -0.377469 0.381741 0.843677 1.000000
0.007576 -0.007851 0.161000 -0.388466 0.503952 0.771444 1.000000
0.011574 -0.007998 0.164000 -0.368910 0.541669 0.755314 1.000000
0.015712 -0.008144 0.167000 -0.596657 0.303490 0.742896 1.000000
0.020227 -0.008388 0.172000 -0.685748 0.233792 0.689269 1.000000
-0.003687 -0.007287 0.157000 -0.192514 -0.123847 0.973448 1.000000
0.000005 -0.007333 0.158000 -0.243405 0.210055 0.946906 1.000000
0.003743 -0.007380 0.159000 -0.383690 0.364957 0.848286 1.000000
0.007576 -0.007473 0.161000 -0.401595 0.486664 0.775809 1.000000
0.011574 -0.007612 0.164000 -0.368910 0.541669 0.755314 1.000000
0.015712 -0.007751 0.167000 -0.611008 0.307804 0.729332 1.000000
0.020227 -0.007983 0.172000 -0.679325 0.245121 0.691689 1.000000
-0.005197 -0.006962 0.158000 -0.041427 -0.115760 0.992413 1.000000
-0.001491 -0.007006 0.159000 -0.124762 0.172095 0.977148 1.000000
0.002248 -0.007006 0.159000 -0.255159 0.333635 0.907514 1.000000
0.006024 -0.007050 0.160000 -0.373072 0.384712 0.844283 1.000000
0.009909 -0.007138 0.162000 -0.431282 0.457931 0.777364 1.000000
0.013972 -0.007270 0.165000 -0.523154 0.410498 0.746861 1.000000
0.018285 -0.007447 0.169000 -0.714116 0.234675 0.659520 1.000000
-0.009963 -0.006549 0.157000 -0.130031 -0.753498 0.644463 1.000000
-0.004825 -0.006590 0.158000 -0.006311 0.004738 0.999969 1.000000
-0.001117 -0.006632 0.159000 -0.143747 0.189093 0.971381 1.000000
0.002622 -0.006632 0.159000 -0.280154 0.305883 0.909917 1.000000
0.006400 -0.006674 0.160000 -0.354437 0.380881 0.853993 1.000000
0.010290 -0.006757 0.162000 -0.418422 0.463241 0.781237 1.000000
0.014360 -0.006882 0.165000 -0.571796 0.377991 0.728129 1.000000
0.018682 -0.007049 0.169000 -0.717395 0.224210 0.659602 1.000000
-0.012101 -0.006140 0.156000 -0.155024 -0.819990 0.550984 1.000000
-0.008540 -0.006219 0.158000 -0.043220 -0.606839 0.793649 1.000000
-0.004825 -0.006219 0.158000 0.017290 0.041057 0.999007 1.000000
-0.001117 -0.006258 0.159000 -0.143747 0.189093 0.971381 1.000000
0.002622 -0.006258 0.159000 -0.280154 0.305883 0.909917 1.000000
0.006400 -0.006298 0.160000 -0.397751 0.322071 0.859107 1.000000
0.010290 -0.006376 0.162000 -0.420919 0.427677 0.799950 1.000000
0.014360 -0.006494 0.165000 -0.585317 0.367771 0.722598 1.000000
0.018682 -0.006652 0.169000 -0.717395 0.224210 0.659602 1.000000
-0.013286 -0.005810 0.157000 -0.024303 -0.861534 0.507119 1.000000
-0.009655 -0.005847 0.158000 -0.045811 -0.661752 0.748322 1.000000
-0.005940 -0.005847 0.158000 0.193335 -0.140544 0.971014 1.000000
-0.002225 -0.005847 0.158000 -0.020693 0.270630 0.962461 1.000000
0.001491 -0.005847 0.158000 -0.140266 0.309414 0.940526 1.000000
0.005272 -0.005921 0.160000 -0.374980 0.340369 0.862287 1.000000
0.009090 -0.005958 0.161000 -0.405748 0.377495 0.832386 1.000000
0.013036 -0.006032 0.163000 -0.477254 0.458873 0.749442 1.000000
0.017283 -0.006180 0.167000 -0.665852 0.222079 0.712265 1.000000
-0.016446 -0.005511 0.159000 0.185610 -0.822035 0.538337 1.000000
-0.012256 -0.005476 0.158000 -0.004916 -0.774238 0.632875 1.000000
-0.008540 -0.005476 0.158000 0.102980 -0.361379 0.926715 1.000000
-0.004825 -0.005476 0.158000 0.042995 0.049127 0.997867 1.000000
-0.001110 -0.005476 0.158000 -0.130133 0.248957 0.959732 1.000000
0.002605 -0.005476 0.158000 -0.307845 0.274533 0.910968 1.000000
0.006400 -0.005545 0.160000 -0.388953 0.325213 0.861946 1.000000
0.010290 -0.005615 0.162000 -0.390541 0.388826 0.834441 1.000000
0.014273 -0.005684 0.164000 -0.595932 0.387572 0.703315 1.000000
0.018682 -0.005857 0.169000 -0.718623 0.212721 0.662066 1.000000
-0.016549 -0.005169 0.160000 0.318506 -0.602603 0.731726 1.000000
-0.012627 -0.005104 0.158000 0.004799 -0.757878 0.652378 1.000000
-0.008968 -0.005137 0.159000 0.129803 -0.387784 0.912565 1.000000
-0.005197 -0.005104 0.158000 0.193345 -0.002120 0.981129 1.000000
-0.001482 -0.005104 0.158000 -0.104390 0.334427 0.936622 1.000000
0.002234 -0.005104 0.158000 -0.250480 0.311082 0.916781 1.000000
0.006024 -0.005169 0.160000 -0.373328 0.294679 0.879654 1.000000
0.009909 -0.005234 0.162000 -0.397227 0.379659 0.835506 1.000000
0.013887 -0.005298 0.164000 -0.582726 0.392676 0.711503 1.000000
0.018176 -0.005427 0.168000 -0.704597 0.220839 0.674368 1.000000
-0.017410 -0.004823 0.161000 0.399954 -0.511269 0.760684 1.000000
-0.013455 -0.004763 0.159000 0.150950 -0.657864 0.737854 1.000000
-0.009716 -0.004763 0.159000 0.077595 -0.511952 0.855502 1.000000
-0.005940 -0.004733 0.158000 0.243763 -0.108503 0.963746 1.000000
-0.002211 -0.004703 0.157000 -0.063171 0.375687 0.924591 1.000000
0.001491 -0.004733 0.158000 -0.137754 0.279056 0.950343 1.000000
0.005272 -0.004793 0.160000 -0.387395 0.270393 0.881370 1.000000
0.009090 -0.004823 0.161000 -0.368715 0.309678 0.876441 1.000000
0.013036 -0.004883 0.163000 -0.458758 0.432463 0.776220 1.000000
0.017283 -0.005002 0.167000 -0.665852 0.222079 0.712265 1.000000
-0.019042 -0.004472 0.162000 0.471728 -0.489113 0.733649 1.000000
-0.015044 -0.004417 0.160000 0.359680 -0.550968 0.753037 1.000000
-0.011212 -0.004389 0.159000 0.006286 -0.562838 0.826543 1.000000
-0.007473 -0.004389 0.159000 0.247716 -0.171522 0.953529 1.000000
-0.003687 -0.004334 0.157000 0.172418 0.231327 0.957476 1.000000
0.000004 -0.004334 0.157000 -0.168983 0.374330 0.911769 1.000000
0.003720 -0.004361 0.158000 -0.340301 0.329544 0.880679 1.000000
0.007576 -0.004444 0.161000 -0.373227 0.299232 0.878158 1.000000
0.011432 -0.004472 0.162000 -0.407253 0.395261 0.823355 1.000000
0.015524 -0.004555 0.165000 -0.672360 0.290796 0.680712 1.000000
0.019874 -0.004665 0.169000 -0.667873 0.259193 0.697685 1.000000
-0.019423 -0.004091 0.162000 0.471728 -0.489113 0.733649 1.000000
-0.015421 -0.004040 0.160000 0.318506 -0.602603 0.731726 1.000000
-0.011585 -0.004015 0.159000 0.041817 -0.504410 0.862451 1.000000
-0.007847 -0.004015 0.159000 0.283394 -0.218950 0.933675 1.000000
-0.004056 -0.003965 0.157000 0.213746 0.229895 0.949453 1.000000
-0.000365 -0.003965 0.157000 -0.155339 0.397838 0.904209 1.000000
0.003348 -0.003990 0.158000 -0.341863 0.330178 0.879836 1.000000
0.007153 -0.004040 0.160000 -0.382029 0.335804 0.860982 1.000000
0.010983 -0.004066 0.161000 -0.365729 0.401986 0.839434 1.000000
0.015044 -0.004141 0.164000 -0.664278 0.309052 0.680603 1.000000
0.019477 -0.004268 0.169000 -0.667873 0.259193 0.697685 1.000000
-0.021076 -0.003733 0.163000 0.479637 -0.623652 0.617258 1.000000
-0.017031 -0.003687 0.161000 0.425760 -0.472099 0.771914 1.000000
-0.013163 -0.003664 0.160000 0.217411 -0.396964 0.891713 1.000000
-0.009401 -0.003664 0.160000 0.165723 -0.198012 0.966089 1.000000
-0.005533 -0.003595 0.157000 0.404911 0.109082 0.907826 1.000000
-0.001841 -0.003595 0.157000 -0.054505 0.383727 0.921837 1.000000
0.001862 -0.003618 0.158000 -0.209816 0.319031 0.924227 1.000000
0.005613 -0.003641 0.159000 -0.362355 0.373109 0.854101 1.000000
0.009469 -0.003687 0.161000 -0.369860 0.348639 0.861194 1.000000
0.013337 -0.003710 0.162000 -0.457932 0.410660 0.788452 1.000000
0.017676 -0.003824 0.167000 -0.692532 0.222121 0.686339 1.000000
-0.024976 -0.003411 0.166000 0.623509 -0.429462 0.653299 1.000000
-0.020819 -0.003370 0.164000 0.564620 -0.416194 0.712732 1.000000
-0.016653 -0.003308 0.161000 0.452404 -0.401715 0.796213 1.000000
-0.012787 -0.003288 0.160000 0.198209 -0.402275 0.893806 1.000000
-0.009025 -0.003288 0.160000 0.238225 -0.129313 0.962563 1.000000
-0.005164 -0.003226 0.157000 0.436604 0.127383 0.890590 1.000000
-0.001463 -0.003206 0.156000 -0.062108 0.280033 0.957979 1.000000
0.002234 -0.003247 0.158000 -0.300285 0.327264 0.895950 1.000000
0.005986 -0.003267 0.159000 -0.372581 0.376576 0.848159 1.000000
0.009848 -0.003308 0.161000 -0.346925 0.370086 0.861788 1.000000
0.013718 -0.003329 0.162000 -0.575862 0.317213 0.753498 1.000000
0.018176 -0.003452 0.168000 -0.701649 0.225088 0.676035 1.000000
-0.026067 -0.003057 0.168000 0.681649 -0.428050 0.593403 1.000000
-0.021722 -0.003003 0.165000 0.600201 -0.433164 0.672404 1.000000
-0.017518 -0.002948 0.162000 0.491583 -0.397959 0.774581 1.000000
-0.013539 -0.002912 0.160000 0.299786 -0.341320 0.890858 1.000000
-0.009777 -0.002912 0.160000 0.213152 -0.075105 0.974128 1.000000
-0.005940 -0.002875 0.158000 0.494548 0.049838 0.867720 1.000000
-0.002196 -0.002839 0.156000 -0.002531 0.225615 0.974213 1.000000
0.001481 -0.002857 0.157000 -0.232660 0.284681 0.929960 1.000000
0.005239 -0.002893 0.159000 -0.356937 0.387828 0.849815 1.000000
0.009034 -0.002912 0.160000 -0.347959 0.405043 0.845497 1.000000
0.012956 -0.002948 0.162000 -0.502535 0.359947 0.786064 1.000000
0.017283 -0.003039 0.167000 -0.699081 0.229825 0.677101 1.000000
-0.027337 -0.002710 0.171000 0.703605 -0.401558 0.586251 1.000000
-0.022771 -0.002646 0.167000 0.613418 -0.432937 0.660517 1.000000
-0.018393 -0.002583 0.163000 0.497634 -0.396227 0.771598 1.000000
-0.014381 -0.002551 0.161000 0.321878 -0.309010 0.894934 1.000000
-0.010530 -0.002535 0.160000 0.089390 -0.043611 0.995041 1.000000
-0.006683 -0.002504 0.158000 0.452151 0.031478 0.891386 1.000000
-0.002930 -0.002472 0.156000 0.070410 0.191308 0.979001 1.000000
0.000743 -0.002488 0.157000 -0.188452 0.318542 0.928987 1.000000
0.004463 -0.002504 0.158000 -0.314114 0.389565 0.865778 1.000000
0.008281 -0.002535 0.160000 -0.350704 0.412594 0.840698 1.000000
0.012119 -0.002551 0.161000 -0.384505 0.379886 0.841334 1.000000
0.016399 -0.002631 0.166000 -0.699624 0.233618 0.675239 1.000000
-0.027497 -0.002321 0.172000 0.703605 -0.401558 0.586251 1.000000
-0.022771 -0.002254 0.167000 0.619909 -0.421025 0.662156 1.000000
-0.018393 -0.002200 0.163000 0.507091 -0.370550 0.778172 1.000000
-0.014381 -0.002173 0.161000 0.326097 -0.231095 0.916655 1.000000
-0.010530 -0.002159 0.160000 0.151257 0.037724 0.987774 1.000000
-0.006683 -0.002132 0.158000 0.461699 0.050403 0.885603 1.000000
-0.002930 -0.002105 0.156000 0.072217 0.163341 0.983923 1.000000
0.000743 -0.002119 0.157000 -0.211374 0.318624 0.924013 1.000000
0.004463 -0.002132 0.158000 -0.312828 0.384336 0.868576 1.000000
0.008230 -0.002146 0.159000 -0.354482 0.415608 0.837623 1.000000
0.012119 -0.002173 0.161000 -0.384505 0.379886 0.841334 1.000000
0.016399 -0.002240 0.166000 -0.698375 0.233631 0.676527 1.000000
-0.028635 -0.001939 0.174000 0.703605 -0.401558 0.586251 1.000000
-0.023302 -0.001872 0.168000 0.643191 -0.441880 0.625338 1.000000
-0.018891 -0.001828 0.164000 0.604218 -0.333661 0.723596 1.000000
-0.014760 -0.001794 0.161000 0.395732 -0.236887 0.887289 1.000000
-0.010906 -0.001783 0.160000 0.203009 0.065139 0.977008 1.000000
-0.007099 -0.001772 0.159000 0.452518 0.048338 0.890444 1.000000
-0.003297 -0.001738 0.156000 0.139289 0.106448 0.984514 1.000000
0.000374 -0.001750 0.157000 -0.201561 0.292461 0.934794 1.000000
0.004065 -0.001750 0.157000 -0.273953 0.339983 0.899645 1.000000
0.007856 -0.001772 0.159000 -0.355456 0.411516 0.839229 1.000000
0.011740 -0.001794 0.161000 -0.380516 0.401984 0.832837 1.000000
0.016789 -0.001850 0.166000 -0.698375 0.233631 0.676527 1.000000
-0.028226 -0.001530 0.174000 0.703605 -0.401558 0.586251 1.000000
-0.023302 -0.001477 0.168000 0.643191 -0.441880 0.625338 1.000000
-0.018891 -0.001442 0.164000 0.604218 -0.333661 0.723596 1.000000
-0.014760 -0.001416 0.161000 0.420239 -0.168780 0.891579 1.000000
-0.010906 -0.001407 0.160000 0.211122 0.067729 0.975110 1.000000
-0.007099 -0.001398 0.159000 0.462329 0.036843 0.885942 1.000000
-0.003297 -0.001372 0.156000 0.139289 0.106448 0.984514 1.000000
0.000374 -0.001380 0.157000 -0.168975 0.243460 0.955078 1.000000
0.004065 -0.001380 0.157000 -0.267301 0.313007 0.911360 1.000000
0.007856 -0.001398 0.159000 -0.337289 0.447196 0.828403 1.000000
-0.029211 -0.001127 0.175000 0.703605 -0.401558 0.586251 1.000000
-0.024236 -0.001088 0.169000 0.673787 -0.424985 0.604483 1.000000
-0.019782 -0.001063 0.165000 0.624911 -0.332043 0.706565 1.000000
-0.015613 -0.001043 0.162000 0.526031 -0.187519 0.829535 1.000000
-0.011585 -0.001024 0.159000 0.218951 0.086842 0.971864 1.000000
-0.007847 -0.001024 0.159000 0.298025 0.140410 0.944175 1.000000
-0.004056 -0.001011 0.157000 0.370265 0.023827 0.928621 1.000000
-0.000362 -0.001005 0.156000 -0.095011 0.159482 0.982618 1.000000
0.003327 -0.001011 0.157000 -0.246914 0.315914 0.916096 1.000000
0.007063 -0.001018 0.158000 -0.350390 0.427606 0.833295 1.000000
0.010915 -0.001031 0.160000 -0.337058 0.426634 0.839271 1.000000
-0.024379 -0.000695 0.170000 0.679231 -0.422651 0.600010 1.000000
-0.019782 -0.000675 0.165000 0.648426 -0.292204 0.702966 1.000000
-0.015613 -0.000662 0.162000 0.546684 -0.173226 0.819225 1.000000
-0.011585 -0.000650 0.159000 0.241829 0.036625 0.969628 1.000000
-0.007847 -0.000650 0.159000 0.298025 0.140410 0.944175 1.000000
-0.004056 -0.000642 0.157000 0.382222 -0.012297 0.923989 1.000000
-0.000362 -0.000638 0.156000 -0.095011 0.159482 0.982618 1.000000
0.003327 -0.000642 0.157000 -0.247617 0.331412 0.910413 1.000000
0.007063 -0.000646 0.158000 -0.350390 0.427606 0.833295 1.000000
-0.029378 -0.000306 0.176000 0.703605 -0.401558 0.586251 1.000000
-0.024379 -0.000295 0.170000 0.685392 -0.411498 0.600756 1.000000
-0.019782 -0.000287 0.165000 0.638196 -0.280956 0.716777 1.000000
-0.015613 -0.000282 0.162000 0.550002 -0.144497 0.822568 1.000000
-0.011658 -0.000278 0.160000 0.313549 0.077093 0.946437 1.000000
-0.007847 -0.000276 0.159000 0.295580 0.146255 0.944056 1.000000
-0.004056 -0.000273 0.157000 0.380834 -0.045607 0.923518 1.000000
-0.000362 -0.000271 0.156000 -0.093462 0.159618 0.982745 1.000000
0.003327 -0.000273 0.157000 -0.255017 0.332693 0.907900 1.000000
0.007063 -0.000275 0.158000 -0.347169 0.423869 0.836546 1.000000
-0.026436 0.000106 0.173000 0.703605 -0.401558 0.586251 1.000000
-0.021593 0.000102 0.167000 0.632139 -0.399523 0.663914 1.000000
-0.017243 0.000100 0.163000 0.615834 -0.128792 0.777278 1.000000
-0.013163 0.000098 0.160000 0.437577 0.048306 0.897883 1.000000
-0.009342 0.000098 0.159000 0.231490 0.134644 0.963475 1.000000
-0.005533 0.000096 0.157000 0.452133 -0.010890 0.891884 1.000000
-0.001830 0.000096 0.156000 0.009864 0.104536 0.994472 1.000000
0.001839 0.000096 0.156000 -0.179665 0.247806 0.952005 1.000000
-0.028388 0.000519 0.175000 0.703605 -0.401558 0.586251 1.000000
-0.023441 0.000501 0.169000 0.652760 -0.428502 0.624732 1.000000
-0.019006 0.000489 0.165000 0.637335 -0.244895 0.730637 1.000000
-0.014760 0.000477 0.161000 0.509899 -0.043439 0.859137 1.000000
-0.010838 0.000471 0.159000 0.284402 0.119405 0.951240 1.000000
-0.007054 0.000468 0.158000 0.353345 -0.008831 0.935452 1.000000
-0.003318 0.000465 0.157000 0.280159 -0.089266 0.955794 1.000000
0.000371 0.000463 0.156000 -0.090690 0.169104 0.981417 1.000000
-0.027977 0.000930 0.175000 0.703605 -0.401558 0.586251 1.000000
-0.023044 0.000898 0.169000 0.665348 -0.415642 0.620124 1.000000
-0.018505 0.000872 0.164000 0.625298 -0.165039 0.762735 1.000000
-0.014381 0.000856 0.161000 0.509069 0.001218 0.860725 1.000000
-0.010464 0.000845 0.159000 0.263992 0.086348 0.960652 1.000000
-0.006683 0.000840 0.158000 0.353345 -0.008831 0.935452 1.000000
-0.025475 0.001319 0.172000 0.703605 -0.401558 0.586251 1.000000
-0.020683 0.001273 0.166000 0.698256 -0.240930 0.674085 1.000000
-0.016375 0.001242 0.162000 0.580031 -0.058036 0.812524 1.000000
-0.012411 0.001227 0.160000 0.393830 0.034955 0.918518 1.000000
-0.008595 0.001219 0.159000 0.260385 0.075719 0.962531 1.000000
-0.028388 0.001753 0.175000 0.722197 -0.343560 0.600332 1.000000
-0.023580 0.001703 0.170000 0.665994 -0.426006 0.612348 1.000000
-0.019006 0.001653 0.165000 0.658026 -0.188910 0.728913 1.000000
-0.014760 0.001613 0.161000 0.526237 0.001997 0.850335 1.000000
-0.010838 0.001593 0.159000 0.298579 0.057491 0.952652 1.000000
-0.007054 0.001583 0.158000 0.286042 0.025620 0.957874 1.000000
-0.026030 0.002140 0.173000 0.697267 -0.410375 0.587716 1.000000
-0.021200 0.002066 0.167000 0.703712 -0.253674 0.663656 1.000000
-0.016860 0.002016 0.163000 0.607964 -0.051704 0.792279 1.000000
-0.012787 0.001979 0.160000 0.440166 0.040114 0.897020 1.000000
-0.008968 0.001967 0.159000 0.222965 0.062619 0.972813 1.000000
-0.027977 0.002576 0.175000 0.722197 -0.343560 0.600332 1.000000
-0.023044 0.002488 0.169000 0.665348 -0.415642 0.620124 1.000000
-0.018505 0.002414 0.164000 0.642924 -0.101904 0.759121 1.000000
-0.014381 0.002370 0.161000 0.516042 0.007918 0.856527 1.000000
-0.010464 0.002341 0.159000 0.264155 0.023200 0.964201 1.000000
-0.006725 0.002341 0.159000 0.318739 0.057868 0.946075 1.000000
-0.012787 0.002732 0.160000 0.401227 -0.018927 0.915783 1.000000
-0.015232 0.003147 0.162000 0.574254 0.009312 0.818625 1.000000
-0.011212 0.003089 0.159000 0.312273 -0.015089 0.949873 1.000000
-0.017626 0.003549 0.163000 0.617566 -0.054502 0.784629 1.000000
-0.013624 0.003506 0.161000 0.479136 -0.012544 0.877651 1.000000
-0.009716 0.003462 0.159000 0.276213 0.000284 0.961096 1.000000
-0.016756 0.003909 0.162000 0.598898 -0.006100 0.800802 1.000000
-0.012787 0.003860 0.160000 0.413711 -0.064672 0.908108 1.000000
-0.008968 0.003836 0.159000 0.281038 0.017436 0.959538 1.000000
-0.015138 0.004263 0.161000 0.516624 0.003571 0.856205 1.000000
-0.011212 0.004210 0.159000 0.332654 -0.057873 0.941271 1.000000
0.015073 0.009317 0.178000 -0.791889 0.448982 0.413917 2.000000
0.012947 0.009408 0.172000 -0.688632 0.374132 0.621137 2.000000
0.018078 0.010009 0.183000 0.712083 -0.623908 -0.321989 2.000000
0.012470 0.009755 0.171000 -0.652038 0.328053 0.683540 2.000000
0.017455 0.010325 0.181000 0.713474 -0.618684 -0.328915 2.000000
0.010398 0.010098 0.170000 0.614287 -0.315951 -0.723067 2.000000
0.014734 0.010335 0.174000 -0.757380 0.405959 0.511442 2.000000
-0.018924 0.010806 0.175000 -0.658743 -0.566950 -0.494596 2.000000
-0.008919 0.010189 0.165000 0.231514 -0.009528 0.972785 2.000000
0.000766 0.010003 0.162000 -0.227899 -0.339057 0.912744 2.000000
0.009542 0.010436 0.169000 -0.584937 0.274473 0.763225 2.000000
0.013836 0.010683 0.173000 -0.725878 0.385860 0.569398 2.000000
-0.020922 0.011410 0.178000 -0.638572 -0.576965 -0.509252 2.000000
-0.012486 0.010641 0.166000 0.261853 0.081073 0.961696 2.000000
-0.008479 0.010513 0.164000 0.298375 -0.024382 0.954137 2.000000
-0.004595 0.010448 0.163000 0.297222 -0.245424 0.922728 2.000000
-0.000757 0.010384 0.162000 -0.153340 -0.427928 0.890710 2.000000
0.005436 0.010577 0.165000 -0.489026 -0.121438 0.863774 2.000000
0.009542 0.010833 0.169000 -0.576859 0.260789 0.774095 2.000000
0.013836 0.011089 0.173000 -0.729792 0.394452 0.558401 2.000000
0.019146 0.011859 0.185000 0.698331 -0.635178 -0.329974 2.000000
-0.017285 0.011363 0.171000 -0.629575 -0.470811 -0.618040 2.000000
-0.010859 0.010965 0.165000 0.251304 0.032491 0.967363 2.000000
-0.006937 0.010898 0.164000 0.342612 -0.095441 0.934616 2.000000
-0.003043 0.010765 0.162000 0.174001 -0.341103 0.923782 2.000000
0.000766 0.010765 0.162000 -0.212668 -0.374001 0.902715 2.000000
0.004632 0.010898 0.164000 -0.436739 -0.246475 0.865164 2.000000
0.008696 0.011164 0.168000 -0.569453 0.219846 0.792080 2.000000
0.012872 0.011363 0.171000 -0.636075 0.318777 0.702702 2.000000
0.017683 0.011895 0.179000 0.697042 -0.629820 -0.342723 2.000000
-0.018599 0.011834 0.172000 -0.656465 -0.513247 -0.552840 2.000000
-0.011635 0.011353 0.165000 0.269705 0.074555 0.960053 2.000000
-0.007708 0.011284 0.164000 0.313598 -0.078548 0.946302 2.000000
-0.003805 0.011146 0.162000 0.217736 -0.260562 0.940584 2.000000
0.000005 0.011146 0.162000 -0.168240 -0.417489 0.892972 2.000000
0.003861 0.011284 0.164000 -0.407998 -0.235834 0.881998 2.000000
0.007858 0.011490 0.167000 -0.607680 0.131124 0.783282 2.000000
0.011997 0.011697 0.170000 -0.630203 0.325466 0.704923 2.000000
0.016559 0.012109 0.176000 -0.732628 0.538107 0.416769 2.000000
-0.019408 0.012239 0.172000 0.681826 0.508854 0.525530 2.000000
-0.014917 0.011883 0.167000 0.482035 0.303366 0.821956 2.000000
-0.010859 0.011741 0.165000 0.252860 0.055383 0.965917 2.000000
-0.006937 0.011669 0.164000 0.353897 -0.097417 0.930197 2.000000
-0.003043 0.011527 0.162000 0.136557 -0.317946 0.938223 2.000000
0.000766 0.011527 0.162000 -0.200493 -0.461952 0.863946 2.000000
0.004632 0.011669 0.164000 -0.433017 -0.233788 0.870540 2.000000
0.008644 0.011883 0.167000 -0.579341 0.183858 0.794078 2.000000
0.012872 0.012168 0.171000 -0.636339 0.318589 0.702548 2.000000
0.017584 0.012666 0.178000 0.681282 -0.620964 -0.387633 2.000000
-0.018383 0.012496 0.170000 0.639288 0.450363 0.623284 2.000000
-0.014047 0.012202 0.166000 0.347931 0.107561 0.931330 2.000000
-0.010083 0.012129 0.165000 0.209057 0.029531 0.977457 2.000000
-0.006165 0.012055 0.164000 0.331690 -0.164261 0.928978 2.000000
-0.002281 0.011908 0.162000 0.009758 -0.416603 0.909036 2.000000
0.001538 0.011982 0.163000 -0.277824 -0.428739 0.859649 2.000000
0.005436 0.012129 0.165000 -0.465685 -0.094695 0.879870 2.000000
0.009486 0.012349 0.168000 0.514446 -0.308779 -0.800001 2.000000
0.013676 0.012570 0.171000 -0.669124 0.310548 0.675155 2.000000
-0.025526 0.013503 0.178000 -0.615653 -0.604341 -0.505710 2.000000
-0.019183 0.012896 0.170000 0.645257 0.448596 0.618390 2.000000
-0.014917 0.012668 0.167000 0.498438 0.265485 0.825274 2.000000
-0.010859 0.012517 0.165000 0.191376 0.009723 0.981469 2.000000
-0.006979 0.012517 0.165000 0.270329 -0.096272 0.957943 2.000000
-0.003043 0.012289 0.162000 0.136557 -0.317946 0.938223 2.000000
0.000771 0.012365 0.163000 -0.211363 -0.473970 0.854797 2.000000
0.004632 0.012441 0.164000 -0.400512 -0.184063 0.897614 2.000000
0.008644 0.012668 0.167000 -0.534012 0.240049 0.810684 2.000000
0.012796 0.012896 0.170000 -0.628631 0.348397 0.695300 2.000000
0.017584 0.013503 0.178000 0.676382 -0.611791 -0.410146 2.000000
-0.023039 0.013687 0.175000 -0.635885 -0.584626 -0.503848 2.000000
-0.017772 0.013139 0.168000 0.621671 0.357505 0.696933 2.000000
-0.013575 0.012905 0.165000 0.327301 0.089554 0.940667 2.000000
-0.009695 0.012905 0.165000 0.186325 0.006226 0.982469 2.000000
-0.005780 0.012826 0.164000 0.309431 -0.210218 0.927395 2.000000
-0.001900 0.012670 0.162000 -0.058037 -0.447834 0.892231 2.000000
0.001921 0.012748 0.163000 -0.242612 -0.414925 0.876913 2.000000
0.005824 0.012905 0.165000 -0.445164 -0.102590 0.889553 2.000000
0.009881 0.013139 0.168000 0.506586 -0.301730 -0.807669 2.000000
0.014160 0.013452 0.172000 -0.693530 0.313299 0.648737 2.000000
0.020561 0.014547 0.186000 0.399767 -0.868123 -0.294191 2.000000
-0.022907 0.014018 0.174000 -0.642313 -0.565955 -0.516845 2.000000
-0.018167 0.013534 0.168000 0.621671 0.357505 0.696933 2.000000
-0.014047 0.013373 0.166000 0.358546 0.101608 0.927966 2.000000
-0.010083 0.013293 0.165000 0.160204 -0.027723 0.986695 2.000000
-0.006165 0.013212 0.164000 0.281804 -0.186045 0.941262 2.000000
-0.002295 0.013131 0.163000 -0.036909 -0.479809 0.876596 2.000000
0.001547 0.013212 0.164000 -0.208397 -0.432135 0.877400 2.000000
0.005436 0.013293 0.165000 -0.448778 -0.103134 0.887672 2.000000
0.009486 0.013534 0.168000 0.506586 -0.301730 -0.807669 2.000000
0.013676 0.013776 0.171000 -0.686636 0.321956 0.651824 2.000000
0.019475 0.014501 0.180000 0.692889 -0.628357 -0.353656 2.000000
-0.023862 0.014510 0.175000 -0.595509 -0.599010 -0.535309 2.000000
-0.018562 0.013929 0.168000 0.620337 0.321328 0.715493 2.000000
-0.014438 0.013763 0.166000 0.374730 0.100306 0.921692 2.000000
-0.010471 0.013681 0.165000 0.162517 -0.043404 0.985751 2.000000
-0.006551 0.013598 0.164000 0.232221 -0.168361 0.957981 2.000000
-0.002678 0.013515 0.163000 0.020281 -0.466569 0.884252 2.000000
0.001162 0.013598 0.164000 -0.199876 -0.433783 0.878568 2.000000
0.005048 0.013681 0.165000 -0.392332 -0.110204 0.913198 2.000000
0.009036 0.013846 0.167000 0.505533 -0.302434 -0.808066 2.000000
0.013196 0.014095 0.170000 -0.645696 0.374165 0.665640 2.000000
0.017902 0.014675 0.177000 0.672321 -0.612012 -0.416445 2.000000
-0.024826 0.015006 0.176000 -0.584245 -0.597289 -0.549458 2.000000
-0.019467 0.014410 0.169000 0.619049 0.327752 0.713693 2.000000
-0.015218 0.014154 0.166000 0.413334 0.096959 0.905402 2.000000
-0.011247 0.014068 0.165000 0.172399 -0.033233 0.984466 2.000000
-0.007367 0.014068 0.165000 0.211813 -0.122001 0.969665 2.000000
-0.003445 0.013898 0.163000 0.097169 -0.428205 0.898442 2.000000
0.000390 0.013983 0.164000 -0.152589 -0.424539 0.892459 2.000000
0.004272 0.014068 0.165000 -0.262935 -0.179392 0.947989 2.000000
0.008251 0.014239 0.167000 0.466167 -0.305438 -0.830299 2.000000
0.012324 0.014410 0.169000 0.568930 -0.453788 -0.685853 2.000000
0.016876 0.014921 0.175000 0.666132 -0.600237 -0.442700 2.000000
-0.026215 0.015508 0.177000 -0.569226 -0.613854 -0.546960 2.000000
-0.021306 0.014982 0.171000 0.711749 0.360255 0.603017 2.000000
-0.016881 0.014632 0.167000 0.555832 0.139473 0.819511 2.000000
-0.012799 0.014456 0.165000 0.215211 -0.005748 0.976551 2.000000
-0.008919 0.014456 0.165000 0.158035 -0.139764 0.977492 2.000000
-0.004978 0.014281 0.163000 0.214547 -0.342391 0.914734 2.000000
-0.001152 0.014369 0.164000 -0.111064 -0.449865 0.886164 2.000000
0.002704 0.014369 0.164000 -0.179312 -0.275838 0.944331 2.000000
0.006640 0.014544 0.166000 -0.374967 0.151553 0.914566 2.000000
0.010671 0.014719 0.168000 0.476868 -0.416830 -0.773854 2.000000
0.014969 0.015070 0.172000 0.666137 -0.431645 -0.608230 2.000000
-0.028038 0.016014 0.178000 -0.551362 -0.626548 -0.550852 2.000000
-0.023182 0.015564 0.173000 0.639367 0.492688 0.590311 2.000000
-0.018562 0.015114 0.168000 0.574986 0.168378 0.800650 2.000000
-0.014438 0.014934 0.166000 0.310533 0.057008 0.948852 2.000000
-0.010471 0.014844 0.165000 0.119473 -0.115189 0.986133 2.000000
-0.006551 0.014754 0.164000 0.168027 -0.192010 0.966902 2.000000
-0.002695 0.014754 0.164000 0.034434 -0.440429 0.897127 2.000000
0.001162 0.014754 0.164000 -0.145944 -0.314620 0.937931 2.000000
0.005048 0.014844 0.165000 -0.324012 0.007801 0.946021 2.000000
0.009036 0.015024 0.167000 0.419303 -0.428669 -0.800268 2.000000
0.013196 0.015294 0.170000 0.662778 -0.400847 -0.632493 2.000000
0.017699 0.015744 0.175000 0.672407 -0.613556 -0.414027 2.000000
-0.024134 0.016063 0.174000 -0.591828 -0.572274 -0.567664 2.000000
-0.019467 0.015602 0.169000 0.599732 0.293058 0.744606 2.000000
-0.015218 0.015325 0.166000 0.419075 0.091878 0.903291 2.000000
-0.011247 0.015232 0.165000 0.096327 -0.092902 0.991005 2.000000
-0.007322 0.015140 0.164000 0.177152 -0.215396 0.960324 2.000000
-0.003466 0.015140 0.164000 0.044633 -0.442177 0.895817 2.000000
0.000393 0.015232 0.165000 -0.078862 -0.323945 0.942783 2.000000
0.004272 0.015232 0.165000 -0.127920 -0.047452 0.990649 2.000000
0.008251 0.015417 0.167000 0.397579 -0.328674 -0.856682 2.000000
0.012324 0.015602 0.169000 0.553172 -0.536241 -0.637531 2.000000
0.016780 0.016063 0.174000 0.646085 -0.599621 -0.472259 2.000000
-0.025096 0.016567 0.175000 -0.551052 -0.627063 -0.550576 2.000000
-0.020382 0.016094 0.170000 0.684917 0.340374 0.644232 2.000000
-0.016095 0.015810 0.167000 0.504133 0.108125 0.856831 2.000000
-0.012023 0.015620 0.165000 0.123877 -0.034482 0.991698 2.000000
-0.008094 0.015526 0.164000 0.210023 -0.174474 0.962003 2.000000
-0.004237 0.015526 0.164000 0.074012 -0.392602 0.916725 2.000000
-0.000383 0.015620 0.165000 -0.065209 -0.295079 0.953245 2.000000
0.003497 0.015620 0.165000 -0.142045 -0.069659 0.987406 2.000000
0.007421 0.015715 0.166000 0.297764 -0.354824 -0.886248 2.000000
0.011461 0.015904 0.168000 0.323451 -0.635871 -0.700748 2.000000
0.015778 0.016283 0.172000 0.627690 -0.501125 -0.595717 2.000000
-0.024953 0.016882 0.174000 -0.571857 -0.580681 -0.579473 2.000000
-0.020382 0.016493 0.170000 0.677819 0.295086 0.673414 2.000000
-0.016095 0.016202 0.167000 0.500847 0.116061 0.857719 2.000000
-0.012023 0.016008 0.165000 0.120643 -0.035331 0.992067 2.000000
-0.008143 0.016008 0.165000 0.099962 -0.244627 0.964451 2.000000
-0.004237 0.015911 0.164000 0.119948 -0.371069 0.920826 2.000000
-0.000383 0.016008 0.165000 -0.049418 -0.226037 0.972865 2.000000
0.003497 0.016008 0.165000 -0.075914 0.006517 0.997093 2.000000
0.007421 0.016105 0.166000 0.295250 -0.403316 -0.866120 2.000000
0.011393 0.016202 0.167000 0.287197 -0.686261 -0.668254 2.000000
0.016182 0.016688 0.172000 0.623047 -0.515388 -0.588377 2.000000
-0.024544 0.017291 0.174000 -0.571857 -0.580681 -0.579473 2.000000
-0.019864 0.016794 0.169000 0.547701 0.227245 0.805222 2.000000
-0.015609 0.016496 0.166000 0.420657 0.125095 0.898554 2.000000
-0.011635 0.016396 0.165000 0.050821 -0.176280 0.983027 2.000000
-0.007755 0.016396 0.165000 0.133171 -0.355855 0.925004 2.000000
-0.003875 0.016396 0.165000 0.040168 -0.369596 0.928324 2.000000
0.000005 0.016396 0.165000 0.031758 -0.087089 0.995694 2.000000
0.003885 0.016396 0.165000 0.071003 -0.180901 -0.980935 2.000000
0.007811 0.016496 0.166000 0.246845 -0.486969 -0.837812 2.000000
0.011785 0.016595 0.167000 0.287197 -0.686261 -0.668254 2.000000
-0.028296 0.018005 0.177000 -0.528936 -0.661064 -0.532186 2.000000
-0.023589 0.017598 0.173000 -0.532180 -0.585891 -0.611160 2.000000
-0.019070 0.017191 0.169000 0.550557 0.227353 0.803242 2.000000
-0.014828 0.016886 0.166000 0.320344 0.112929 0.940546 2.000000
-0.010925 0.016886 0.166000 -0.000714 -0.195776 0.980648 2.000000
-0.006979 0.016784 0.165000 0.108949 -0.365572 0.924385 2.000000
-0.003099 0.016784 0.165000 0.017904 -0.323318 0.946121 2.000000
0.000781 0.016784 0.165000 -0.008823 -0.049528 0.998734 2.000000
0.004660 0.016784 0.165000 0.034428 -0.232232 -0.972051 2.000000
0.008592 0.016886 0.166000 0.154231 -0.654345 -0.740301 2.000000
0.012495 0.016886 0.166000 0.075574 -0.814726 -0.574900 2.000000
-0.028713 0.018421 0.177000 -0.528936 -0.661064 -0.532186 2.000000
-0.023996 0.018005 0.173000 -0.555179 -0.579145 -0.596965 2.000000
-0.019467 0.017589 0.169000 0.579154 0.254581 0.774448 2.000000
-0.015218 0.017276 0.166000 0.377096 0.111145 0.919481 2.000000
-0.011315 0.017276 0.166000 -0.103336 -0.145164 0.983996 2.000000
-0.007367 0.017172 0.165000 0.125780 -0.328706 0.936019 2.000000
-0.003487 0.017172 0.165000 0.069052 -0.296389 0.952568 2.000000
0.000390 0.017068 0.164000 0.033879 -0.030281 0.998967 2.000000
0.004272 0.017172 0.165000 0.081928 -0.217102 -0.972705 2.000000
0.008152 0.017172 0.165000 -0.000746 -0.610941 -0.791676 2.000000
0.012032 0.017172 0.165000 -0.005941 -0.802440 -0.596703 2.000000
-0.027565 0.018625 0.175000 -0.543864 -0.661911 -0.515835 2.000000
-0.023048 0.018305 0.172000 -0.538779 -0.576354 -0.614437 2.000000
-0.018562 0.017880 0.168000 0.528523 0.241555 0.813827 2.000000
-0.014438 0.017667 0.166000 0.269034 0.118215 0.955848 2.000000
-0.010534 0.017667 0.166000 -0.034176 -0.198234 0.979559 2.000000
-0.006591 0.017560 0.165000 0.094925 -0.316990 0.943666 2.000000
-0.002711 0.017560 0.165000 0.092849 -0.172423 0.980637 2.000000
0.001169 0.017560 0.165000 -0.024319 -0.071444 -0.997148 2.000000
0.005048 0.017560 0.165000 0.027719 -0.322150 -0.946283 2.000000
0.008928 0.017560 0.165000 0.056038 -0.682242 -0.728975 2.000000
0.012730 0.017454 0.164000 -0.026883 -0.823870 -0.566140 2.000000
-0.025623 0.018819 0.173000 -0.525637 -0.671295 -0.522560 2.000000
-0.020659 0.018383 0.169000 -0.491517 -0.458822 -0.740198 2.000000
-0.016488 0.018166 0.167000 0.460897 0.215786 0.860820 2.000000
-0.012411 0.017948 0.165000 0.101986 0.001957 -0.994784 2.000000
-0.008583 0.018057 0.166000 0.046808 -0.232287 0.971520 2.000000
-0.004679 0.018057 0.166000 0.153211 -0.247029 0.956819 2.000000
-0.000767 0.017840 0.164000 0.110454 -0.033736 0.993308 2.000000
0.003109 0.017948 0.165000 -0.010110 -0.157612 -0.987449 2.000000
0.006946 0.017840 0.164000 -0.016495 -0.515089 -0.856978 2.000000
0.010802 0.017840 0.164000 -0.076215 -0.782770 -0.617626 2.000000
-0.021981 0.018892 0.170000 -0.506218 -0.608673 -0.610951 2.000000
-0.017666 0.018559 0.167000 0.471733 0.272776 0.838488 2.000000
-0.013575 0.018336 0.165000 -0.132558 -0.109194 -0.985142 2.000000
-0.009754 0.018447 0.166000 -0.028646 -0.120730 0.992272 2.000000
-0.005850 0.018447 0.166000 0.124294 -0.244905 0.961547 2.000000
-0.001935 0.018336 0.165000 0.093563 -0.111351 0.989367 2.000000
0.001945 0.018336 0.165000 -0.028510 -0.158679 -0.986918 2.000000
0.005789 0.018225 0.164000 -0.029030 -0.439834 -0.897610 2.000000
0.009645 0.018225 0.164000 -0.104800 -0.750294 -0.652745 2.000000
0.013337 0.018003 0.162000 -0.045671 -0.813166 -0.580237 2.000000
-0.013575 0.018724 0.165000 -0.026735 -0.097928 -0.994834 2.000000
-0.009812 0.018951 0.167000 -0.054493 -0.105651 0.992909 2.000000
-0.005850 0.018838 0.166000 0.143120 -0.230610 0.962463 2.000000
-0.001935 0.018724 0.165000 0.171394 -0.068820 0.982796 2.000000
-0.012643 -0.035545 0.163000 -0.181315 0.909730 -0.373519 0.000000
-0.012947 -0.034946 0.162000 -0.167842 0.905212 -0.390410 0.000000
-0.009081 -0.034730 0.161000 -0.348922 0.865390 -0.359659 0.000000
-0.010595 -0.034352 0.161000 -0.203891 0.910846 -0.358870 0.000000
-0.013328 -0.034184 0.162000 -0.167842 0.905212 -0.390410 0.000000
-0.008649 -0.033762 0.160000 -0.344652 0.858215 -0.380370 0.000000
-0.010217 -0.033594 0.161000 -0.325215 0.875170 -0.358208 0.000000
-0.006311 -0.032968 0.158000 -0.308837 0.748225 -0.587179 0.000000
-0.009777 -0.033009 0.160000 -0.387803 0.831486 -0.397793 0.000000
-0.005940 -0.032597 0.158000 -0.308837 0.748225 -0.587179 0.000000
-0.009401 -0.032633 0.160000 -0.375510 0.831237 -0.409922 0.000000
-0.000367 -0.032225 0.158000 -0.016488 0.618081 -0.785942 0.000000
0.024977 -0.036101 0.177000 -0.475971 -0.016893 0.879299 0.000000
-0.006683 -0.031854 0.158000 -0.289901 0.700299 -0.652333 0.000000
0.025809 -0.035684 0.177000 -0.426338 -0.022400 0.904286 0.000000
0.000005 -0.031482 0.158000 -0.016488 0.618081 -0.785942 0.000000
0.024699 -0.035467 0.178000 0.426338 0.022400 -0.904286 0.000000
0.024417 -0.035246 0.179000 0.426338 0.022400 -0.904286 0.000000
-0.027415 -0.032879 0.169000 -0.070140 0.273119 0.959420 0.000000
-0.021306 -0.033268 0.171000 0.218012 0.017045 -0.975797 0.000000
0.001862 -0.030739 0.158000 0.094748 0.520382 -0.848661 0.000000
0.023996 -0.034825 0.179000 0.426338 0.022400 -0.904286 0.000000
-0.027812 -0.032482 0.169000 0.079764 -0.082517 -0.993392 0.000000
-0.023180 -0.032674 0.170000 -0.147307 0.282775 0.947807 0.000000
-0.018783 -0.032674 0.170000 0.220194 0.071973 -0.972797 0.000000
0.002622 -0.030560 0.159000 0.074410 0.536683 -0.840497 0.000000
0.006440 -0.030944 0.161000 0.365579 0.335030 -0.868393 0.000000
0.026642 -0.034020 0.177000 -0.411118 0.039717 0.910717 0.000000
-0.025428 -0.032085 0.169000 -0.117241 0.477588 0.870726 0.000000
-0.021581 -0.032274 0.170000 0.218012 0.017045 -0.975797 0.000000
-0.000753 -0.030566 0.161000 -0.074741 0.609944 -0.788912 0.000000
0.003014 -0.030376 0.160000 0.115384 0.524109 -0.843799 0.000000
0.008385 -0.030756 0.162000 0.456673 0.488400 -0.743583 0.000000
0.026792 -0.033793 0.178000 0.224972 -0.009239 -0.974321 0.000000
-0.025428 -0.031687 0.169000 -0.117241 0.477588 0.870726 0.000000
-0.021581 -0.031875 0.170000 0.218012 0.017045 -0.975797 0.000000
-0.000374 -0.030187 0.161000 -0.160425 0.537204 -0.828055 0.000000
0.003391 -0.030000 0.160000 0.115384 0.524109 -0.843799 0.000000
0.007623 -0.030375 0.162000 0.479995 0.373057 -0.793998 0.000000
0.024838 -0.033562 0.179000 0.285158 0.021873 -0.958231 0.000000
-0.027812 -0.031290 0.169000 0.079764 -0.082517 -0.993392 0.000000
-0.023979 -0.031475 0.170000 -0.147307 0.282775 0.947807 0.000000
-0.019982 -0.031475 0.170000 0.225346 0.023298 -0.974000 0.000000
0.001140 -0.029809 0.161000 -0.063918 0.545281 -0.835813 0.000000
0.005305 -0.029809 0.161000 0.353827 0.300395 -0.885759 0.000000
0.009203 -0.030179 0.163000 0.489785 0.438789 -0.753376 0.000000
0.024838 -0.033141 0.179000 0.285158 0.021873 -0.958231 0.000000
-0.027812 -0.030892 0.169000 -0.064719 0.208805 0.975813 0.000000
-0.023979 -0.031075 0.170000 0.153392 -0.232170 -0.960504 0.000000
-0.019982 -0.031075 0.170000 0.225346 0.023298 -0.974000 0.000000
0.001897 -0.029430 0.161000 -0.079977 0.565879 -0.820600 0.000000
0.005683 -0.029430 0.161000 -0.317984 -0.236361 0.918161 0.000000
0.009587 -0.029796 0.163000 0.558841 0.340925 -0.755955 0.000000
0.025118 -0.032538 0.178000 0.285158 0.021873 -0.958231 0.000000
-0.027415 -0.030495 0.169000 -0.064719 0.208805 0.975813 0.000000
-0.023044 -0.030495 0.169000 -0.147307 0.282775 0.947807 0.000000
-0.019183 -0.030675 0.170000 0.249256 0.099781 -0.963284 0.000000
0.003033 -0.029051 0.161000 -0.038104 0.443719 -0.895355 0.000000
0.006861 -0.029232 0.162000 0.464158 0.354940 -0.811526 0.000000
0.010802 -0.029593 0.164000 0.598977 0.334429 -0.727588 0.000000
0.016394 -0.030675 0.170000 -0.674395 -0.240006 0.698275 0.000000
0.025537 -0.032119 0.178000 0.229058 0.011430 -0.973346 0.000000
-0.025428 -0.030098 0.169000 0.153392 -0.232170 -0.960504 0.000000
-0.011588 -0.030276 0.170000 0.082984 0.303506 -0.949209 0.000000
0.004169 -0.028673 0.161000 0.223585 0.430923 -0.874251 0.000000
0.008053 -0.029029 0.163000 0.562034 0.396491 -0.725887 0.000000
0.012032 -0.029385 0.165000 0.594553 0.368617 -0.714583 0.000000
0.016394 -0.030276 0.170000 -0.657415 -0.262740 0.706239 0.000000
0.022063 -0.031522 0.177000 -0.540021 -0.043159 0.840544 0.000000
0.026225 -0.031522 0.177000 0.224972 -0.009239 -0.974321 0.000000
-0.023838 -0.029700 0.169000 0.153392 -0.232170 -0.960504 0.000000
-0.019864 -0.029700 0.169000 0.434199 -0.363627 -0.824164 0.000000
-0.011254 -0.030052 0.171000 0.028811 0.323917 -0.945647 0.000000
0.003433 -0.028470 0.162000 0.079647 0.387956 -0.918230 0.000000
0.007287 -0.028646 0.163000 0.555827 0.334237 -0.761145 0.000000
0.011256 -0.028997 0.165000 -0.645780 -0.258783 0.718331 0.000000
0.015900 -0.029700 0.169000 -0.650156 -0.274564 0.708457 0.000000
0.020462 -0.030579 0.174000 -0.688680 -0.218126 0.691477 0.000000
0.025537 -0.031282 0.178000 0.229058 0.011430 -0.973346 0.000000
-0.023441 -0.029303 0.169000 0.153392 -0.232170 -0.960504 0.000000
-0.019467 -0.029303 0.169000 0.414710 -0.357559 -0.836760 0.000000
-0.008488 -0.029823 0.172000 -0.563069 0.207334 -0.799979 0.000000
0.002671 -0.028089 0.162000 -0.193055 0.357626 -0.913692 0.000000
0.006480 -0.028089 0.162000 0.473849 0.281999 -0.834232 0.000000
0.010480 -0.028609 0.165000 -0.637955 -0.260875 0.724540 0.000000
0.015105 -0.029303 0.169000 -0.641948 -0.267156 0.718700 0.000000
0.019531 -0.029996 0.173000 -0.720451 0.046907 0.691918 0.000000
0.024281 -0.030863 0.178000 0.269024 -0.008258 -0.963098 0.000000
-0.024236 -0.028905 0.169000 0.153392 -0.232170 -0.960504 0.000000
-0.008538 -0.029590 0.173000 -0.563069 0.207334 -0.799979 0.000000
0.001909 -0.027708 0.162000 -0.237714 0.347937 -0.906880 0.000000
0.005719 -0.027708 0.162000 -0.426440 -0.219487 0.877482 0.000000
0.009704 -0.028221 0.165000 -0.644718 -0.251326 0.721924 0.000000
0.013831 -0.028734 0.168000 -0.629502 -0.271814 0.727904 0.000000
0.018099 -0.029248 0.171000 -0.661130 0.022094 0.749946 0.000000
0.022896 -0.030274 0.177000 -0.556031 -0.042729 0.830063 0.000000
0.027058 -0.030274 0.177000 -0.000763 -0.000935 -0.999999 0.000000
-0.021057 -0.028508 0.169000 -0.279800 0.385755 0.879150 0.000000
-0.010511 -0.029014 0.172000 -0.408624 0.291386 -0.864940 0.000000
-0.006466 -0.029014 0.172000 -0.660953 0.241080 -0.710648 0.000000
0.003033 -0.027159 0.161000 -0.196032 0.230678 -0.953079 0.000000
0.006904 -0.027496 0.163000 -0.583567 -0.209031 0.784701 0.000000
0.010934 -0.028002 0.166000 -0.681677 -0.101156 0.724627 0.000000
0.015503 -0.028508 0.169000 -0.645977 -0.191677 0.738900 0.000000
0.020053 -0.029352 0.174000 -0.723396 0.125902 0.678857 0.000000
0.024699 -0.030026 0.178000 0.256891 0.036527 -0.965750 0.000000
-0.023979 -0.028277 0.170000 0.194512 -0.157699 -0.968140 0.000000
-0.012937 -0.028610 0.172000 0.142268 0.307916 -0.940716 0.000000
-0.008893 -0.028610 0.172000 -0.563069 0.207334 -0.799979 0.000000
0.000771 -0.027113 0.163000 -0.414816 0.275103 -0.867321 0.000000
0.004547 -0.026780 0.161000 -0.228890 -0.118112 0.966260 0.000000
0.008540 -0.027445 0.165000 -0.625942 -0.247448 0.739572 0.000000
0.012646 -0.027944 0.168000 -0.616942 -0.243870 0.748271 0.000000
0.016893 -0.028443 0.171000 -0.660937 -0.056717 0.748295 0.000000
0.021525 -0.029275 0.176000 -0.616092 -0.068770 0.784667 0.000000
0.025955 -0.029608 0.178000 0.065168 -0.020082 -0.997672 0.000000
-0.022380 -0.027877 0.170000 0.187781 -0.224593 -0.956188 0.000000
-0.012606 -0.028369 0.173000 0.082984 0.303506 -0.949209 0.000000
-0.008538 -0.028369 0.173000 -0.563069 0.207334 -0.799979 0.000000
0.000771 -0.026729 0.163000 -0.426339 0.240035 -0.872134 0.000000
0.004547 -0.026401 0.161000 -0.225200 -0.082302 0.970830 0.000000
0.008540 -0.027057 0.165000 -0.621295 -0.233871 0.747861 0.000000
0.012646 -0.027549 0.168000 -0.613260 -0.257216 0.746828 0.000000
0.016893 -0.028041 0.171000 -0.635446 -0.034189 0.771388 0.000000
0.021525 -0.028861 0.176000 -0.526480 -0.043126 0.849093 0.000000
0.025955 -0.029189 0.178000 0.161035 -0.044764 -0.985933 0.000000
-0.023044 -0.027316 0.169000 -0.328219 0.468626 0.820160 0.000000
-0.013497 -0.028124 0.174000 0.153770 0.262572 -0.952581 0.000000
-0.009297 -0.027801 0.172000 -0.563069 0.207334 -0.799979 0.000000
0.000005 -0.026508 0.164000 -0.502117 0.244131 -0.829626 0.000000
0.003790 -0.026023 0.161000 0.110548 -0.042820 0.992948 0.000000
0.007764 -0.026669 0.165000 -0.632779 -0.130240 0.763301 0.000000
0.011856 -0.027154 0.168000 -0.612944 -0.173856 0.770762 0.000000
0.015994 -0.027478 0.170000 -0.659391 -0.183691 0.729013 0.000000
0.021111 -0.028447 0.176000 -0.638518 0.070385 0.766382 0.000000
0.025537 -0.028771 0.178000 0.165973 -0.051879 -0.984765 0.000000
-0.015542 -0.027715 0.174000 0.202693 0.344342 -0.916703 0.000000
-0.008538 -0.027556 0.173000 -0.563069 0.207334 -0.799979 0.000000
0.001154 -0.025963 0.163000 -0.502715 0.113715 -0.856940 0.000000
0.004957 -0.025804 0.162000 -0.209530 0.046317 0.976705 0.000000
0.008982 -0.026441 0.166000 -0.640883 -0.113856 0.759148 0.000000
0.013119 -0.026919 0.169000 -0.619707 -0.203205 0.758071 0.000000
0.017295 -0.027237 0.171000 -0.619213 0.012837 0.785118 0.000000
0.024281 -0.028352 0.178000 0.228746 -0.017426 -0.973330 0.000000
-0.027460 -0.025109 0.160000 0.585308 0.617455 0.525514 0.000000
-0.008131 -0.027149 0.173000 -0.563069 0.207334 -0.799979 0.000000
0.001538 -0.025580 0.163000 0.537313 -0.001691 0.843381 0.000000
0.005338 -0.025423 0.162000 -0.241936 0.110752 0.963951 0.000000
0.009373 -0.026050 0.166000 -0.663580 -0.115423 0.739148 0.000000
0.013516 -0.026521 0.169000 -0.619707 -0.203205 0.758071 0.000000
0.017697 -0.026835 0.171000 -0.619213 0.012837 0.785118 0.000000
0.024699 -0.027934 0.178000 0.206227 -0.037393 -0.977789 0.000000
-0.027083 -0.024733 0.160000 0.585308 0.617455 0.525514 0.000000
-0.008131 -0.026742 0.173000 -0.563069 0.207334 -0.799979 0.000000
0.002671 -0.025042 0.162000 0.370994 0.020572 0.928407 0.000000
0.006520 -0.025196 0.163000 -0.503677 0.204646 0.839303 0.000000
0.010607 -0.025815 0.167000 -0.671557 -0.012890 0.740841 0.000000
0.014795 -0.026278 0.170000 -0.658858 -0.125484 0.741728 0.000000
0.022188 -0.027515 0.178000 -0.510571 0.150934 0.846485 0.000000
0.026522 -0.027670 0.179000 0.020471 -0.042196 -0.998900 0.000000
-0.026331 -0.024356 0.160000 0.528296 0.557067 0.640765 0.000000
-0.021976 -0.024965 0.164000 -0.553206 0.571954 0.605666 0.000000
0.002671 -0.024661 0.162000 0.461192 -0.002994 0.887295 0.000000
0.006520 -0.024813 0.163000 -0.385721 0.254325 0.886870 0.000000
0.010544 -0.025270 0.166000 -0.646351 0.080834 0.758746 0.000000
0.014795 -0.025879 0.170000 -0.642152 -0.126869 0.756006 0.000000
0.022188 -0.027096 0.178000 -0.435027 0.173031 0.883636 0.000000
0.026522 -0.027249 0.179000 0.005905 -0.032455 -0.999456 0.000000
-0.026331 -0.023980 0.160000 0.528296 0.557067 0.640765 0.000000
-0.022362 -0.024580 0.164000 -0.565492 0.559559 0.605898 0.000000
-0.000767 -0.024580 0.164000 -0.671051 0.055912 -0.739300 0.000000
0.003033 -0.024130 0.161000 0.165893 0.057871 0.984444 0.000000
0.006904 -0.024430 0.163000 -0.541200 0.252683 0.802032 0.000000
0.010934 -0.024879 0.166000 -0.655552 0.112154 0.746775 0.000000
0.015195 -0.025479 0.170000 -0.632342 -0.094441 0.768911 0.000000
0.023025 -0.026678 0.178000 -0.336333 0.213664 0.917185 0.000000
0.027211 -0.026678 0.178000 0.125084 -0.061519 -0.990237 0.000000
-0.025898 -0.023899 0.162000 0.585308 0.617455 0.525514 0.000000
-0.021976 -0.024194 0.164000 -0.396328 0.702822 0.590733 0.000000
-0.003969 -0.024932 0.169000 0.615831 0.329479 0.715679 0.000000
0.001154 -0.024046 0.163000 -0.608455 0.065933 -0.790844 0.000000
0.004926 -0.023751 0.161000 -0.113941 0.109091 0.987480 0.000000
0.008820 -0.024046 0.163000 -0.603145 0.296101 0.740635 0.000000
0.023444 -0.026259 0.178000 -0.340061 0.207840 0.917148 0.000000
0.027629 -0.026259 0.178000 0.189023 -0.053715 -0.980502 0.000000
-0.022886 -0.023954 0.165000 0.900608 0.048730 -0.431891 0.000000
-0.007275 -0.024970 0.172000 -0.713777 0.186293 -0.675142 0.000000
-0.001159 -0.023954 0.165000 0.685995 0.003772 0.727597 0.000000
0.002655 -0.023373 0.161000 0.455185 -0.102835 0.884438 0.000000
0.006480 -0.023518 0.162000 -0.301984 0.171465 0.937766 0.000000
0.010417 -0.023808 0.164000 -0.610280 0.176944 0.772172 0.000000
0.014708 -0.024534 0.169000 -0.585603 0.042283 0.809495 0.000000
0.023312 -0.025696 0.177000 -0.416190 0.272017 0.867637 0.000000
0.027629 -0.025841 0.178000 0.189023 -0.053715 -0.980502 0.000000
-0.009459 -0.024994 0.175000 -0.565201 0.096262 -0.819318 0.000000
-0.004792 -0.024280 0.170000 0.615182 0.298203 0.729812 0.000000
-0.000381 -0.023423 0.164000 -0.671641 0.054174 -0.738894 0.000000
0.003412 -0.022994 0.161000 0.196483 -0.079050 0.977316 0.000000
0.007242 -0.023137 0.162000 -0.365417 0.250345 0.896548 0.000000
0.011715 -0.023708 0.166000 -0.682389 0.188348 0.706307 0.000000
0.024561 -0.025279 0.177000 0.288218 -0.137469 -0.947646 0.000000
0.028723 -0.025279 0.177000 0.237887 0.009080 -0.971250 0.000000
-0.023904 -0.023037 0.164000 0.502512 0.649332 0.570833 0.000000
-0.020904 -0.024020 0.171000 0.475834 -0.368350 -0.798687 0.000000
-0.008587 -0.024442 0.174000 -0.565201 0.096262 -0.819318 0.000000
-0.003969 -0.023739 0.169000 0.553893 0.433090 0.711080 0.000000
0.000005 -0.023037 0.164000 -0.649118 0.066836 -0.757746 0.000000
0.003790 -0.022616 0.161000 0.177946 -0.125119 0.976054 0.000000
0.007623 -0.022756 0.162000 -0.391917 0.286661 0.874201 0.000000
0.011644 -0.023178 0.165000 -0.606842 0.287335 0.741068 0.000000
0.025809 -0.024863 0.177000 0.269861 -0.097900 -0.957909 0.000000
-0.032581 -0.023342 0.169000 0.556106 0.371648 0.743387 0.000000
-0.026766 -0.022790 0.165000 0.649155 0.675006 0.350664 0.000000
-0.022244 -0.022928 0.166000 0.607073 0.724563 0.326299 0.000000
-0.010282 -0.024171 0.175000 -0.565201 0.096262 -0.819318 0.000000
-0.005991 -0.023480 0.170000 0.605598 0.363982 0.707649 0.000000
-0.001947 -0.022928 0.166000 0.665609 0.159149 0.729134 0.000000
0.001909 -0.022375 0.162000 -0.492931 0.100957 -0.864192 0.000000
0.005683 -0.022237 0.161000 -0.049370 -0.054445 0.997296 0.000000
0.009528 -0.022375 0.162000 -0.519036 0.354710 0.777678 0.000000
0.023049 -0.024171 0.175000 -0.410233 -0.052106 0.910491 0.000000
0.027474 -0.024447 0.177000 0.327587 -0.006065 -0.944801 0.000000
-0.030808 -0.022809 0.168000 0.528482 0.305140 0.792209 0.000000
-0.026378 -0.022402 0.165000 0.686250 0.639810 0.345982 0.000000
-0.020100 -0.023216 0.171000 0.429339 -0.437424 -0.790145 0.000000
-0.007679 -0.023352 0.172000 0.687795 0.142216 0.711838 0.000000
-0.003155 -0.022809 0.168000 0.513646 0.522986 0.680186 0.000000
0.000776 -0.022266 0.164000 -0.646682 0.077483 -0.758814 0.000000
0.004547 -0.021859 0.161000 0.120223 -0.149760 0.981386 0.000000
0.008385 -0.021994 0.162000 -0.460442 0.405197 0.789815 0.000000
0.021565 -0.023488 0.173000 -0.665342 0.033111 0.745804 0.000000
0.026225 -0.024031 0.177000 0.313131 0.023011 -0.949431 0.000000
-0.031598 -0.022414 0.168000 0.548430 0.316572 0.773955 0.000000
-0.026766 -0.022014 0.165000 0.624016 0.532170 0.572189 0.000000
-0.010282 -0.023348 0.175000 -0.565201 0.096262 -0.819318 0.000000
-0.005956 -0.022547 0.169000 0.469434 0.475819 0.743793 0.000000
-0.001557 -0.022147 0.166000 0.652442 0.192061 0.733098 0.000000
0.002290 -0.021613 0.162000 -0.450691 0.123440 -0.884104 0.000000
0.006062 -0.021480 0.161000 -0.064331 -0.174807 0.982499 0.000000
0.024422 -0.023481 0.176000 0.284286 0.073802 -0.955895 0.000000
0.028885 -0.023748 0.178000 0.264860 0.083538 -0.960661 0.000000
-0.029839 -0.021888 0.167000 0.491722 0.355378 0.794931 0.000000
-0.023759 -0.021364 0.163000 0.461426 0.586874 0.665330 0.000000
-0.008037 -0.022412 0.171000 0.708972 0.223807 0.668782 0.000000
-0.003922 -0.021888 0.167000 0.502947 0.508800 0.698689 0.000000
0.000005 -0.021495 0.164000 -0.605692 0.033845 -0.794979 0.000000
0.024008 -0.023067 0.176000 0.298104 0.149512 -0.942751 0.000000
0.028885 -0.023330 0.178000 0.284091 0.093211 -0.954256 0.000000
-0.029839 -0.021495 0.167000 0.491722 0.355378 0.794931 0.000000
-0.023467 -0.020723 0.161000 0.365114 0.621805 0.692857 0.000000
-0.007148 -0.021753 0.169000 0.580023 0.446758 0.681161 0.000000
-0.002744 -0.021495 0.167000 0.556652 0.362820 0.747328 0.000000
0.001162 -0.021109 0.164000 -0.608572 0.095715 -0.787705 0.000000
0.024561 -0.022782 0.177000 0.216081 0.208596 -0.953833 0.000000
0.028885 -0.022911 0.178000 0.323544 0.125786 -0.937815 0.000000
-0.030232 -0.021102 0.167000 0.554920 0.331496 0.763004 0.000000
-0.024074 -0.020218 0.160000 0.521013 0.483615 0.703322 0.000000
-0.019811 -0.020092 0.159000 0.935140 0.014397 0.353985 0.000000
-0.004289 -0.020976 0.166000 0.523205 0.459669 0.717608 0.000000
-0.000383 -0.020850 0.165000 0.602317 0.061722 0.795867 0.000000
0.011592 -0.019460 0.154000 -0.270186 0.906984 0.323079 0.000000
0.026792 -0.022492 0.178000 0.249840 0.188824 -0.949698 0.000000
-0.032195 -0.020710 0.167000 0.653719 0.135364 0.744532 0.000000
-0.027761 -0.020338 0.164000 0.689757 0.251368 0.679006 0.000000
-0.022287 -0.019594 0.158000 0.750509 0.096555 0.653769 0.000000
-0.007064 -0.020710 0.167000 0.532461 0.539323 0.652393 0.000000
-0.002728 -0.020586 0.166000 0.526862 0.454872 0.717989 0.000000
0.001162 -0.020338 0.164000 -0.567602 0.134749 -0.812201 0.000000
0.013055 -0.018602 0.150000 -0.270186 0.906984 0.323079 0.000000
0.028205 -0.022198 0.179000 0.249798 0.183358 -0.950779 0.000000
-0.030441 -0.020195 0.166000 0.647633 0.193710 0.736918 0.000000
-0.025045 -0.019344 0.159000 0.727777 0.078493 0.681307 0.000000
-0.021172 -0.019222 0.158000 0.670385 0.132273 0.730129 0.000000
-0.004679 -0.020195 0.166000 0.502947 0.508800 0.698689 0.000000
-0.000383 -0.020074 0.165000 0.575580 0.119491 0.808968 0.000000
0.012702 -0.018249 0.150000 -0.895723 0.144461 -0.420489 0.000000
0.026943 -0.021777 0.179000 0.207030 0.253677 -0.944874 0.000000
-0.032195 -0.019924 0.167000 0.590977 0.216650 0.777051 0.000000
-0.027591 -0.019447 0.163000 0.758756 0.070843 0.647511 0.000000
-0.023030 -0.018851 0.158000 0.729391 -0.020249 0.683797 0.000000
-0.006631 -0.019805 0.166000 0.513410 0.513464 0.687579 0.000000
-0.001547 -0.019686 0.165000 0.573593 0.341213 0.744691 0.000000
0.012349 -0.017896 0.150000 -0.875958 -0.015631 -0.482135 0.000000
0.025680 -0.021356 0.179000 0.213873 0.207201 -0.954634 0.000000
-0.032981 -0.019532 0.167000 0.610514 0.202003 0.765812 0.000000
-0.028532 -0.019181 0.164000 0.614168 0.253512 0.747348 0.000000
-0.023773 -0.018479 0.158000 0.681547 -0.136212 0.718985 0.000000
-0.005427 -0.019298 0.165000 0.523205 0.459669 0.717608 0.000000
0.013318 -0.017426 0.149000 -0.901926 -0.011722 -0.431732 0.000000
0.026522 -0.020935 0.179000 0.196299 0.177277 -0.964386 0.000000
-0.032195 -0.019139 0.167000 0.617827 0.183347 0.764639 0.000000
-0.027591 -0.018681 0.163000 0.707381 0.169504 0.686207 0.000000
-0.022287 -0.018108 0.158000 0.666434 -0.072677 0.742013 0.000000
0.023155 -0.020514 0.179000 0.219527 0.164364 -0.961661 0.000000
0.027364 -0.020514 0.179000 0.182835 0.194682 -0.963675 0.000000
-0.030831 -0.018634 0.166000 0.617827 0.183347 0.764639 0.000000
-0.026117 -0.018073 0.161000 0.789533 -0.000473 0.613708 0.000000
0.013228 -0.016614 0.148000 -0.871376 0.022357 -0.490106 0.000000
0.026522 -0.020093 0.179000 0.147626 0.149466 -0.977684 0.000000
-0.031410 -0.018354 0.167000 0.611698 0.130534 0.780248 0.000000
-0.026660 -0.017804 0.162000 0.753266 -0.022243 0.657339 0.000000
0.022734 -0.019672 0.179000 0.221343 0.165551 -0.961041 0.000000
0.026943 -0.019672 0.179000 0.111907 0.088451 -0.989774 0.000000
-0.031017 -0.017961 0.167000 0.611698 0.130534 0.780248 0.000000
-0.023697 -0.017208 0.160000 0.712449 -0.057685 0.699349 0.000000
0.023862 -0.019144 0.178000 0.214822 0.141680 -0.966322 0.000000
0.028205 -0.019252 0.179000 0.086195 0.098007 -0.991446 0.000000
-0.028880 -0.017463 0.166000 0.589128 0.104769 0.801219 0.000000
0.024281 -0.018725 0.178000 0.189215 0.114502 -0.975237 0.000000
0.028626 -0.018831 0.179000 0.086195 0.098007 -0.991446 0.000000
-0.028489 -0.017073 0.166000 0.589128 0.104769 0.801219 0.000000
0.025955 -0.018307 0.178000 0.111907 0.088451 -0.989774 0.000000
-0.031017 -0.016783 0.167000 0.611698 0.130534 0.780248 0.000000
0.024699 -0.017888 0.178000 0.189215 0.114502 -0.975237 0.000000
0.029047 -0.017989 0.179000 0.086195 0.098007 -0.991446 0.000000
-0.014553 -0.014820 0.151000 0.289060 0.065094 0.955095 0.000000
0.025393 -0.017372 0.177000 -0.295014 0.310574 0.903610 0.000000
-0.015007 -0.014561 0.152000 0.289060 0.065094 0.955095 0.000000
-0.011358 -0.014465 0.151000 0.078999 -0.106006 0.991222 0.000000
-0.015007 -0.014203 0.152000 0.301184 0.044051 0.952548 0.000000
-0.010292 -0.014110 0.151000 0.178904 -0.304588 0.935532 0.000000
-0.014650 -0.013846 0.152000 0.301184 0.044051 0.952548 0.000000
-0.011003 -0.013755 0.151000 0.078999 -0.106006 0.991222 0.000000
0.028466 -0.016214 0.178000 -0.024472 -0.502692 -0.864119 0.000000
-0.014650 -0.013488 0.152000 0.301184 0.044051 0.952548 0.000000
-0.011003 -0.013400 0.151000 0.084569 -0.155756 0.984169 0.000000
-0.026660 -0.013995 0.162000 0.701050 -0.140834 0.699067 0.000000
-0.013843 -0.013045 0.151000 0.303387 0.028689 0.952435 0.000000
-0.010292 -0.013045 0.151000 0.117564 -0.346277 0.930737 0.000000
0.029303 -0.015377 0.178000 -0.427097 0.504522 0.750363 0.000000
-0.016291 -0.012942 0.154000 0.223894 0.057611 0.972909 0.000000
-0.012068 -0.012690 0.151000 0.121879 -0.111087 0.986309 0.000000
-0.008461 -0.012606 0.150000 -0.003234 -0.568958 0.822360 0.000000
0.028723 -0.014875 0.177000 -0.056809 -0.473071 -0.879191 0.000000
-0.024142 -0.013315 0.163000 0.673240 -0.119327 0.729732 0.000000
-0.013843 -0.012334 0.151000 0.241492 0.014187 0.970299 0.000000
-0.010292 -0.012334 0.151000 -0.030589 -0.491858 0.870138 0.000000
-0.006653 -0.012171 0.149000 -0.109360 -0.598105 0.793921 0.000000
-0.027208 -0.012931 0.163000 0.698176 -0.189918 0.690276 0.000000
-0.023375 -0.012931 0.163000 0.653880 -0.181267 0.734564 0.000000
-0.013488 -0.011979 0.151000 0.136456 -0.075513 0.987764 0.000000
-0.009937 -0.011979 0.151000 -0.029165 -0.542204 0.839741 0.000000
0.025739 -0.013566 0.171000 0.057988 0.422834 -0.904350 0.000000
-0.026058 -0.012548 0.163000 0.699753 -0.141333 0.700265 0.000000
-0.016653 -0.011855 0.154000 0.164107 0.008017 0.986410 0.000000
-0.012423 -0.011624 0.151000 0.085185 -0.173617 0.981122 0.000000
-0.008872 -0.011624 0.151000 -0.018595 -0.578412 0.815533 0.000000
0.027260 -0.013318 0.173000 0.046131 -0.410842 -0.910539 0.000000
-0.026058 -0.012165 0.163000 0.697455 -0.181515 0.693259 0.000000
-0.015825 -0.011419 0.153000 0.101003 -0.000082 0.994886 0.000000
-0.012068 -0.011269 0.151000 0.029452 -0.245509 0.968947 0.000000
-0.008517 -0.011269 0.151000 -0.109360 -0.598105 0.793921 0.000000
0.027667 -0.012911 0.173000 -0.199727 -0.004453 -0.979842 0.000000
-0.026058 -0.011782 0.163000 0.690986 -0.236848 0.682965 0.000000
-0.014198 -0.010914 0.151000 0.053500 -0.146119 0.987819 0.000000
-0.010648 -0.010914 0.151000 -0.089844 -0.417957 0.904013 0.000000
-0.007144 -0.010987 0.152000 -0.160072 -0.642506 0.749375 0.000000
0.027102 -0.012432 0.172000 -0.135182 0.481792 -0.865796 0.000000
-0.024908 -0.011398 0.163000 0.723768 -0.290303 0.626007 0.000000
-0.014198 -0.010559 0.151000 -0.006980 -0.165477 0.986189 0.000000
-0.010292 -0.010559 0.151000 -0.127316 -0.512396 0.849259 0.000000
-0.006831 -0.010699 0.153000 -0.186007 -0.692117 0.697407 0.000000
0.008301 -0.011748 0.168000 -0.248389 0.784802 0.567792 0.000000
0.022508 -0.012168 0.174000 0.263359 0.424469 -0.866295 0.000000
0.027667 -0.012098 0.173000 -0.225789 0.586728 -0.777670 0.000000
-0.025292 -0.011015 0.163000 0.727592 -0.296265 0.618738 0.000000
-0.017151 -0.010272 0.152000 0.134830 0.060127 0.989043 0.000000
-0.013488 -0.010204 0.151000 0.029610 -0.246755 0.968625 0.000000
-0.009288 -0.010272 0.152000 -0.092757 -0.613652 0.784109 0.000000
-0.005827 -0.010474 0.155000 -0.266069 -0.710274 0.651704 0.000000
0.008301 -0.011353 0.168000 -0.248389 0.784802 0.567792 0.000000
0.017092 -0.011421 0.169000 -0.659335 0.260703 0.705204 0.000000
0.021565 -0.011691 0.173000 0.368772 0.480950 -0.795421 0.000000
0.025485 -0.011623 0.172000 0.031710 0.494765 -0.868448 0.000000
0.029701 -0.011691 0.173000 -0.365952 0.534899 -0.761553 0.000000
-0.020142 -0.009980 0.153000 -0.016803 0.007415 0.999831 0.000000
-0.015973 -0.009849 0.151000 0.004807 -0.201900 0.979394 0.000000
-0.012505 -0.009914 0.152000 -0.118865 -0.519429 0.846206 0.000000
-0.008630 -0.009980 0.153000 -0.261501 -0.658248 0.705922 0.000000
-0.005131 -0.010175 0.156000 -0.265483 -0.652191 0.710047 0.000000
0.007858 -0.010893 0.167000 -0.284384 0.760453 0.583812 0.000000
0.011644 -0.010762 0.165000 -0.299225 0.721583 0.624325 0.000000
0.017092 -0.011023 0.169000 -0.659335 0.260703 0.705204 0.000000
0.022099 -0.011349 0.174000 0.306582 0.446088 -0.840840 0.000000
0.025889 -0.011219 0.172000 -0.052498 0.455301 -0.888788 0.000000
0.030107 -0.011284 0.173000 -0.328526 0.618236 -0.714041 0.000000
-0.018581 -0.009557 0.152000 0.084706 0.113315 0.989942 0.000000
-0.015007 -0.009557 0.152000 -0.054740 -0.280662 0.958244 0.000000
-0.011148 -0.009620 0.153000 -0.186424 -0.637576 0.747491 0.000000
-0.007600 -0.009683 0.154000 -0.297058 -0.718265 0.629167 0.000000
0.005789 -0.010311 0.164000 -0.267579 0.770509 0.578548 0.000000
0.009763 -0.010437 0.166000 -0.271103 0.757623 0.593727 0.000000
0.013666 -0.010437 0.166000 -0.300578 0.616913 0.727372 0.000000
0.017993 -0.010689 0.170000 -0.676179 0.238681 0.697003 0.000000
0.023049 -0.011003 0.175000 0.279747 0.390430 -0.877101 0.000000
0.027260 -0.010877 0.173000 -0.082028 0.528662 -0.844860 0.000000
0.032765 -0.010814 0.172000 -0.369096 0.577546 -0.728154 0.000000
-0.017749 -0.009139 0.151000 0.061732 -0.117118 0.991197 0.000000
-0.014292 -0.009199 0.152000 -0.235685 -0.510577 0.826900 0.000000
-0.009709 -0.009260 0.153000 -0.266589 -0.672662 0.690258 0.000000
0.004576 -0.009805 0.162000 -0.379957 0.641978 0.665956 0.000000
0.008592 -0.010047 0.166000 -0.285475 0.735388 0.614580 0.000000
0.012420 -0.009986 0.165000 -0.308024 0.671211 0.674238 0.000000
0.016596 -0.010168 0.168000 -0.637772 0.300636 0.709129 0.000000
0.021158 -0.010470 0.173000 -0.574809 0.004710 0.818274 0.000000
0.025372 -0.010531 0.174000 -0.011303 0.451483 -0.892208 0.000000
0.029701 -0.010470 0.173000 -0.322291 0.581541 -0.746953 0.000000
-0.021222 -0.008900 0.153000 -0.193480 -0.599131 0.776922 0.000000
-0.017039 -0.008784 0.151000 0.001808 -0.177560 0.984108 0.000000
-0.013577 -0.008842 0.152000 -0.147424 -0.563874 0.812596 0.000000
-0.009773 -0.008958 0.154000 -0.292606 -0.722153 0.626799 0.000000
0.003412 -0.009366 0.161000 -0.381248 0.512492 0.769417 0.000000
0.007717 -0.009540 0.164000 -0.314237 0.735729 0.599965 0.000000
0.011644 -0.009598 0.165000 -0.323264 0.678463 0.659688 0.000000
0.015712 -0.009715 0.167000 -0.579739 0.294405 0.759756 0.000000
0.020227 -0.010005 0.172000 -0.623694 0.027066 0.781199 0.000000
0.024695 -0.010180 0.175000 0.108042 0.349787 -0.930578 0.000000
0.028645 -0.010122 0.174000 -0.240872 0.498853 -0.832542 0.000000
0.032360 -0.010005 0.172000 -0.369096 0.577546 -0.728154 0.000000
-0.020011 -0.008485 0.152000 -0.151260 -0.573035 0.805451 0.000000
-0.016437 -0.008485 0.152000 -0.055542 -0.359766 0.931388 0.000000
-0.012947 -0.008540 0.153000 -0.232185 -0.678046 0.697383 0.000000
-0.009411 -0.008596 0.154000 -0.295623 -0.737958 0.606650 0.000000
-0.002580 -0.008764 0.157000 -0.161755 -0.150513 0.975285 0.000000
0.001874 -0.008875 0.159000 -0.283666 0.398558 0.872173 0.000000
0.007287 -0.009099 0.163000 -0.369861 0.680694 0.632343 0.000000
0.011644 -0.009210 0.165000 -0.345129 0.618865 0.705615 0.000000
0.015712 -0.009322 0.167000 -0.584302 0.307441 0.751047 0.000000
0.020227 -0.009601 0.172000 -0.642067 0.106795 0.759174 0.000000
0.024836 -0.009824 0.176000 0.122441 0.278875 -0.952490 0.000000
0.028645 -0.009713 0.174000 -0.214480 0.467416 -0.857625 0.000000
0.032360 -0.009601 0.172000 -0.352653 0.583574 -0.731489 0.000000
-0.020368 -0.008127 0.152000 -0.139769 -0.576011 0.805404 0.000000
-0.016794 -0.008127 0.152000 -0.100785 -0.464151 0.880004 0.000000
-0.013307 -0.008181 0.153000 -0.204096 -0.660649 0.722418 0.000000
-0.009773 -0.008234 0.154000 -0.297135 -0.759448 0.578748 0.000000
-0.002225 -0.008448 0.158000 -0.138504 -0.020288 0.990154 0.000000
0.016991 -0.008983 0.168000 -0.664142 0.277907 0.694034 0.000000
0.021565 -0.009250 0.173000 -0.524390 0.051196 0.849938 0.000000
0.025929 -0.009357 0.175000 0.077275 0.324952 -0.942568 0.000000
0.030514 -0.009250 0.173000 -0.366550 0.448096 -0.815384 0.000000
0.034582 -0.009250 0.173000 -0.253993 0.610827 -0.749919 0.000000
-0.021083 -0.007770 0.152000 -0.193480 -0.599131 0.776922 0.000000
-0.017509 -0.007770 0.152000 -0.045943 -0.224944 0.973288 0.000000
-0.014026 -0.007821 0.153000 -0.251024 -0.632312 0.732918 0.000000
-0.010565 -0.007923 0.155000 -0.259894 -0.779401 0.570079 0.000000
-0.001110 -0.008077 0.158000 -0.127534 0.187377 0.973974 0.000000
0.025518 -0.008946 0.175000 0.141836 0.262382 -0.954483 0.000000
0.029633 -0.008946 0.175000 -0.298102 0.376443 -0.877169 0.000000
0.033573 -0.008792 0.172000 -0.326158 0.549515 -0.769191 0.000000
-0.022720 -0.007364 0.151000 -0.187087 -0.660186 0.727429 0.000000
-0.019296 -0.007412 0.152000 -0.093688 -0.529531 0.843101 0.000000
-0.015722 -0.007412 0.152000 -0.216386 -0.621703 0.752770 0.000000
-0.012308 -0.007510 0.154000 -0.232149 -0.770886 0.593162 0.000000
-0.007010 -0.007656 0.157000 -0.140957 -0.609594 0.780081 0.000000
0.023460 -0.008534 0.175000 -0.417247 0.043137 0.907769 0.000000
0.027733 -0.008583 0.176000 -0.135545 0.164747 -0.976978 0.000000
0.031956 -0.008388 0.172000 -0.290857 0.533955 -0.793911 0.000000
-0.025205 -0.007009 0.151000 0.276315 0.783674 -0.556332 0.000000
-0.021798 -0.007055 0.152000 -0.181733 -0.648000 0.739641 0.000000
-0.018224 -0.007055 0.152000 -0.123682 -0.545582 0.828881 0.000000
-0.014746 -0.007101 0.153000 -0.251244 -0.700610 0.667849 0.000000
-0.011294 -0.007194 0.155000 -0.236197 -0.780658 0.578605 0.000000
-0.006683 -0.007333 0.158000 0.037268 -0.289011 0.956600 0.000000
0.025518 -0.008123 0.175000 0.234354 -0.006032 -0.972133 0.000000
0.029802 -0.008169 0.176000 -0.192604 0.286011 -0.938670 0.000000
0.034175 -0.008030 0.173000 -0.225322 0.605293 -0.763446 0.000000
-0.024140 -0.006654 0.151000 -0.213231 -0.743072 0.634332 0.000000
-0.020726 -0.006698 0.152000 -0.193480 -0.599131 0.776922 0.000000
-0.017264 -0.006742 0.153000 -0.175070 -0.644637 0.744174 0.000000
-0.013845 -0.006830 0.155000 -0.208177 -0.821376 0.531041 0.000000
-0.010266 -0.006874 0.156000 -0.237892 -0.762601 0.601537 0.000000
0.024144 -0.007667 0.174000 -0.379787 0.168471 0.909604 0.000000
0.028560 -0.007755 0.176000 -0.033103 0.113875 -0.992943 0.000000
0.033169 -0.007579 0.172000 -0.298340 0.480048 -0.824952 0.000000
-0.025014 -0.006340 0.152000 0.276315 0.783674 -0.556332 0.000000
-0.021440 -0.006340 0.152000 -0.181733 -0.648000 0.739641 0.000000
-0.018101 -0.006424 0.154000 -0.156725 -0.756540 0.634890 0.000000
-0.014574 -0.006465 0.155000 -0.175444 -0.857968 0.482815 0.000000
0.021565 -0.007216 0.173000 -0.600232 0.255903 0.757783 0.000000
0.025929 -0.007300 0.175000 0.197382 -0.134440 -0.971064 0.000000
0.031551 -0.007174 0.172000 -0.244208 0.350213 -0.904275 0.000000
0.036216 -0.007300 0.175000 0.060585 0.664767 -0.744590 0.000000
-0.023227 -0.005983 0.152000 -0.256327 -0.785464 0.563332 0.000000
-0.019783 -0.006022 0.153000 -0.179746 -0.718499 0.671901 0.000000
-0.015035 -0.006140 0.156000 -0.087411 -0.891379 0.444751 0.000000
0.024144 -0.006849 0.174000 -0.381565 0.265558 0.885374 0.000000
0.028560 -0.006927 0.176000 0.043317 -0.027983 -0.998669 0.000000
0.035191 -0.006849 0.174000 0.188310 0.598314 -0.778820 0.000000
-0.024460 -0.005662 0.153000 0.244132 0.816371 -0.523391 0.000000
-0.020862 -0.005662 0.153000 -0.219724 -0.769592 0.599542 0.000000
-0.016342 -0.005847 0.158000 0.086298 -0.896406 0.434751 0.000000
0.026190 -0.006440 0.174000 0.229819 -0.309321 -0.922769 0.000000
0.032955 -0.006403 0.173000 0.118432 0.460002 -0.879984 0.000000
-0.026978 -0.005303 0.153000 -0.147313 -0.873672 0.463676 0.000000
-0.023380 -0.005303 0.153000 -0.232928 -0.804945 0.545718 0.000000
-0.020041 -0.005372 0.155000 0.246516 0.821167 -0.514699 0.000000
0.023326 -0.006030 0.174000 -0.391266 0.247150 0.886469 0.000000
0.027575 -0.006065 0.175000 0.218900 -0.207240 -0.953485 0.000000
0.034570 -0.006065 0.175000 -0.246894 -0.569181 0.784268 0.000000
-0.025539 -0.004943 0.153000 -0.199474 -0.840472 0.503802 0.000000
-0.022228 -0.005007 0.155000 0.218963 0.816699 -0.533908 0.000000
0.023735 -0.005621 0.174000 -0.337072 0.310399 0.888839 0.000000
0.027987 -0.005654 0.175000 0.238409 -0.254561 -0.937208 0.000000
0.032925 -0.005654 0.175000 0.101463 0.497838 -0.861315 0.000000
-0.031203 -0.004733 0.158000 0.531526 -0.006995 0.847013 0.000000
-0.025706 -0.004613 0.154000 -0.171564 -0.855259 0.488975 0.000000
-0.022515 -0.004703 0.157000 0.305755 0.890421 -0.337142 0.000000
0.023599 -0.005182 0.173000 -0.350079 0.290126 0.890658 0.000000
0.027987 -0.005242 0.175000 0.262578 -0.272569 -0.925613 0.000000
0.032102 -0.005242 0.175000 0.084078 0.343041 -0.935550 0.000000
0.036630 -0.005302 0.177000 -0.469316 -0.477744 0.742633 0.000000
-0.027516 -0.004251 0.154000 -0.097428 -0.881561 0.461907 0.000000
-0.024206 -0.004306 0.156000 -0.171564 -0.855259 0.488975 0.000000
0.023192 -0.004775 0.173000 -0.421529 0.352403 0.835539 0.000000
0.027418 -0.004803 0.174000 -0.293415 0.306976 0.905358 0.000000
0.031871 -0.004858 0.176000 0.224010 0.136899 -0.964924 0.000000
0.036214 -0.004886 0.177000 -0.478232 -0.479856 0.735549 0.000000
-0.028603 -0.003889 0.154000 -0.091672 -0.883133 0.460078 0.000000
-0.025144 -0.003914 0.155000 -0.151083 -0.867016 0.474824 0.000000
0.024006 -0.004369 0.173000 -0.325556 0.241697 0.914109 0.000000
0.028236 -0.004394 0.174000 -0.289531 0.189057 0.938312 0.000000
0.032699 -0.004444 0.176000 -0.292251 -0.414613 0.861792 0.000000
0.037256 -0.004495 0.178000 -0.435775 -0.426745 0.792458 0.000000
-0.030637 -0.003595 0.157000 0.513914 -0.074873 0.854568 0.000000
-0.026602 -0.003550 0.155000 -0.107219 -0.886383 0.450366 0.000000
0.024006 -0.003962 0.173000 -0.325556 0.241697 0.914109 0.000000
0.028236 -0.003985 0.174000 -0.318134 0.149758 0.936143 0.000000
0.032699 -0.004031 0.176000 -0.316960 -0.267661 0.909887 0.000000
0.037256 -0.004076 0.178000 -0.440924 -0.415515 0.795571 0.000000
-0.030637 -0.003226 0.157000 0.531526 -0.006995 0.847013 0.000000
-0.026602 -0.003185 0.155000 -0.107219 -0.886383 0.450366 0.000000
0.024006 -0.003555 0.173000 -0.283531 0.204732 0.936854 0.000000
0.028236 -0.003576 0.174000 -0.332937 0.138430 0.932733 0.000000
0.032699 -0.003617 0.176000 -0.315436 -0.323683 0.892037 0.000000
0.037256 -0.003658 0.178000 -0.440924 -0.415515 0.795571 0.000000
-0.031575 -0.002875 0.158000 0.565348 0.079908 0.820973 0.000000
-0.026576 -0.002857 0.157000 -0.093245 -0.908952 0.406339 0.000000
0.025633 -0.003148 0.173000 -0.269799 0.178523 0.946223 0.000000
0.029872 -0.003166 0.174000 -0.274468 -0.119428 0.954151 0.000000
0.034966 -0.003221 0.177000 -0.503776 -0.397218 0.767091 0.000000
-0.033856 -0.002535 0.160000 0.542826 0.134083 0.829073 0.000000
-0.029341 -0.002472 0.156000 0.023746 -0.744989 0.666654 0.000000
0.025226 -0.002741 0.173000 -0.274731 0.156026 0.948777 0.000000
0.029463 -0.002757 0.174000 -0.314495 -0.085167 0.945431 0.000000
0.034745 -0.002821 0.178000 -0.484311 -0.371309 0.792194 0.000000
-0.035960 -0.002173 0.161000 0.527956 0.129180 0.839390 0.000000
-0.031006 -0.002119 0.157000 0.536862 0.059091 0.841598 0.000000
0.025633 -0.002335 0.173000 -0.274731 0.156026 0.948777 0.000000
0.030044 -0.002362 0.175000 -0.370189 -0.047123 0.927760 0.000000
0.038307 -0.002416 0.179000 -0.456917 -0.342725 0.820832 0.000000
-0.032896 -0.001772 0.159000 0.542380 0.136539 0.828964 0.000000
0.026446 -0.001928 0.173000 -0.306407 0.130730 0.942881 0.000000
0.035981 -0.002006 0.180000 -0.508764 -0.263355 0.819636 0.000000
-0.035960 -0.001416 0.161000 0.500125 0.115360 0.858235 0.000000
-0.031575 -0.001389 0.158000 0.557644 0.107894 0.823038 0.000000
0.030456 -0.001539 0.175000 -0.386828 -0.087957 0.917948 0.000000
-0.035360 -0.001031 0.160000 0.522193 0.108850 0.845852 0.000000
0.027418 -0.001121 0.174000 -0.357842 0.010249 0.933726 0.000000
0.035330 -0.001166 0.181000 -0.521296 -0.255088 0.814359 0.000000
-0.035360 -0.000654 0.160000 0.502981 0.097145 0.858821 0.000000
0.027418 -0.000712 0.174000 -0.357842 0.010249 0.933726 0.000000
0.035330 -0.000740 0.181000 -0.549286 -0.247669 0.798089 0.000000
-0.035360 -0.000278 0.160000 0.488908 0.105514 0.865931 0.000000
0.026190 -0.000302 0.174000 -0.343268 0.032171 0.938686 0.000000
0.030630 -0.000306 0.176000 -0.384583 -0.126510 0.914380 0.000000
-0.034608 0.000098 0.160000 0.512671 0.092964 0.853538 0.000000
0.027575 0.000107 0.175000 -0.383932 -0.037879 0.922584 0.000000
0.039161 0.000111 0.181000 -0.503273 -0.251493 0.826721 0.000000
-0.033644 0.000471 0.159000 0.512671 0.092964 0.853538 0.000000
0.031220 0.000525 0.177000 -0.531642 -0.148255 0.833893 0.000000
0.038735 0.000537 0.181000 -0.503273 -0.251493 0.826721 0.000000
-0.034608 0.000851 0.160000 0.471823 0.069990 0.878911 0.000000
0.032885 0.000941 0.177000 -0.537107 -0.180271 0.824026 0.000000
-0.037853 0.001234 0.161000 0.547436 0.085969 0.832420 0.000000
-0.033644 0.001219 0.159000 0.471823 0.069990 0.878911 0.000000
0.035382 0.001357 0.177000 -0.535757 -0.227616 0.813115 0.000000
-0.036489 0.001603 0.160000 0.481298 0.083727 0.872549 0.000000
0.031871 0.001763 0.176000 -0.526597 -0.137348 0.838946 0.000000
0.036623 0.001793 0.179000 -0.562140 -0.110377 0.819643 0.000000
-0.037242 0.001979 0.160000 0.496810 0.038486 0.867006 0.000000
0.031871 0.002177 0.176000 -0.538671 -0.146322 0.829713 0.000000
0.037674 0.002227 0.180000 -0.635765 -0.134108 0.760144 0.000000
-0.038231 0.002370 0.161000 0.558295 0.044262 0.828461 0.000000
-0.034018 0.002341 0.159000 0.471823 0.069990 0.878911 0.000000
0.037884 0.002665 0.181000 -0.781607 -0.125609 0.610993 0.000000
-0.037853 0.002749 0.161000 0.525210 0.016211 0.850818 0.000000
0.033070 0.003039 0.178000 -0.604483 -0.011760 0.796531 0.000000
0.037884 0.003090 0.181000 -0.712499 -0.153664 0.684641 0.000000
-0.038231 0.003127 0.161000 0.561067 -0.022961 0.827452 0.000000
-0.034018 0.003089 0.159000 0.474582 0.060954 0.878098 0.000000
0.036828 0.003496 0.180000 -0.664014 -0.102241 0.740697 0.000000
-0.039612 0.003528 0.162000 0.631794 -0.035309 0.774332 0.000000
-0.035139 0.003462 0.159000 0.470380 0.048518 0.881129 0.000000
0.036607 0.003941 0.181000 -0.699482 -0.042012 0.713414 0.000000
-0.039612 0.003909 0.162000 0.634925 -0.083634 0.768034 0.000000
-0.035139 0.003836 0.159000 0.485634 0.027430 0.873732 0.000000
0.036607 0.004367 0.181000 -0.782479 0.021506 0.622305 0.000000
-0.041509 0.004369 0.165000 0.767781 0.021951 0.640337 0.000000
-0.036113 0.004237 0.160000 0.498880 -0.035615 0.865939 0.000000
-0.008595 0.004210 0.159000 0.281038 0.017436 0.959538 0.000000
0.037458 0.004793 0.181000 -0.923437 -0.044840 0.381121 0.000000
-0.040486 0.004728 0.164000 0.715792 -0.022403 0.697954 0.000000
-0.035737 0.004613 0.160000 0.496816 -0.053342 0.866215 0.000000
0.037237 0.005247 0.182000 -0.998860 -0.037336 0.029735 0.000000
-0.039856 0.005083 0.163000 0.643460 -0.110099 0.757521 0.000000
-0.035360 0.004989 0.160000 0.496816 -0.053342 0.866215 0.000000
0.035916 0.005737 0.184000 -0.981366 -0.005389 0.192070 0.000000
0.039586 0.005644 0.181000 -0.995849 -0.061190 -0.067378 0.000000
-0.038469 0.005432 0.162000 0.614112 -0.124679 0.779309 0.000000
-0.034018 0.005332 0.159000 0.486298 -0.045892 0.872587 0.000000
0.036809 0.006103 0.182000 -0.990792 -0.060556 0.121094 0.000000
-0.044105 0.006064 0.169000 0.737934 -0.070122 0.671220 0.000000
-0.038088 0.005813 0.162000 0.614112 -0.124679 0.779309 0.000000
0.035431 0.006674 0.186000 -0.990792 -0.060556 0.121094 0.000000
0.038735 0.006495 0.181000 -0.996419 -0.083811 0.011143 0.000000
-0.041121 0.006309 0.165000 0.720191 -0.066136 0.690616 0.000000
-0.036113 0.006118 0.160000 0.541740 -0.084741 0.836263 0.000000
0.038098 0.006882 0.180000 -0.954544 -0.044948 0.294660 0.000000
-0.040733 0.006697 0.165000 0.719921 -0.056193 0.691778 0.000000
-0.034608 0.006494 0.160000 0.514954 -0.088236 0.852665 0.000000
-0.045165 0.007300 0.170000 0.721143 -0.101460 0.685317 0.000000
-0.039715 0.007042 0.164000 0.650212 -0.158908 0.742948 0.000000
0.034928 0.008072 0.188000 -0.996419 -0.083811 0.011143 0.000000
-0.044502 0.007654 0.169000 0.718188 -0.090631 0.689922 0.000000
-0.039090 0.007382 0.163000 0.615593 -0.134617 0.776482 0.000000
0.037044 0.008107 0.179000 -0.933003 -0.036419 0.358020 0.000000
-0.042151 0.007908 0.166000 0.724557 -0.044341 0.687787 0.000000
0.035782 0.008528 0.179000 -0.922261 0.011979 0.386381 0.000000
-0.042798 0.008349 0.167000 0.709872 -0.073880 0.700446 0.000000
0.035182 0.009349 0.187000 -0.985686 -0.153390 0.069957 0.000000
-0.043844 0.008794 0.168000 0.709872 -0.073880 0.700446 0.000000
-0.038469 0.008480 0.162000 0.586304 -0.174553 0.791062 0.000000
-0.042932 0.009079 0.166000 0.709872 -0.073880 0.700446 0.000000
-0.038088 0.008861 0.162000 0.563422 -0.194617 0.802920 0.000000
-0.042285 0.009413 0.165000 0.709872 -0.073880 0.700446 0.000000
0.035582 0.010154 0.178000 -0.661348 0.218584 0.717524 0.000000
-0.040872 0.009741 0.164000 0.625841 -0.135000 0.768179 0.000000
0.036630 0.010513 0.177000 -0.602668 0.266780 0.752077 0.000000
-0.039473 0.010065 0.163000 0.611056 -0.144096 0.778362 0.000000
-0.042673 0.010577 0.165000 0.709872 -0.073880 0.700446 0.000000
0.033940 0.011282 0.176000 0.245680 -0.496489 -0.832550 0.000000
-0.042285 0.010965 0.165000 0.709872 -0.073880 0.700446 0.000000
0.032925 0.011629 0.175000 -0.373438 0.308827 0.874740 0.000000
-0.043322 0.011421 0.166000 0.709872 -0.073880 0.700446 0.000000
-0.038944 0.011284 0.164000 0.632205 -0.121639 0.765193 0.000000
0.036423 0.012109 0.176000 0.381382 -0.449048 -0.808024 0.000000
-0.039181 0.011741 0.165000 0.658783 -0.103362 0.745199 0.000000
0.035191 0.012381 0.174000 0.250565 -0.475619 -0.843211 0.000000
-0.039957 0.012129 0.165000 0.658783 -0.103362 0.745199 0.000000
0.032548 0.012717 0.173000 -0.366559 0.267479 0.891117 0.000000
-0.042541 0.012592 0.166000 0.709872 -0.073880 0.700446 0.000000
-0.038405 0.012517 0.165000 0.608244 -0.135746 0.782056 0.000000
0.032548 0.013123 0.173000 0.289259 -0.419072 -0.860644 0.000000
-0.041370 0.012983 0.166000 0.709872 -0.073880 0.700446 0.000000
0.027911 0.013452 0.172000 -0.317269 -0.940608 -0.120819 0.000000
0.032141 0.013530 0.173000 -0.399030 -0.885522 -0.237962 0.000000
-0.041370 0.013373 0.166000 0.709872 -0.073880 0.700446 0.000000
0.027507 0.013856 0.172000 -0.323557 -0.938088 -0.123699 0.000000
0.031735 0.013937 0.173000 -0.367911 -0.899302 -0.236424 0.000000
-0.040980 0.013763 0.166000 0.707151 -0.069711 0.703618 0.000000
0.026446 0.014344 0.173000 -0.305396 -0.939427 -0.155594 0.000000
0.030514 0.014344 0.173000 -0.350947 -0.911732 -0.213499 0.000000
0.020434 0.015433 0.181000 0.279901 -0.896982 -0.342168 0.000000
0.026446 0.014751 0.173000 -0.293205 -0.947654 -0.126418 0.000000
0.030514 0.014751 0.173000 -0.350947 -0.911732 -0.213499 0.000000
0.020744 0.015771 0.180000 0.279901 -0.896982 -0.342168 0.000000
0.026698 0.015070 0.172000 -0.315391 -0.939852 -0.131178 0.000000
0.031735 0.015157 0.173000 -0.367911 -0.899302 -0.236424 0.000000
0.021591 0.016194 0.180000 0.116261 -0.944516 -0.307201 0.000000
0.026698 0.015474 0.172000 -0.315391 -0.939852 -0.131178 0.000000
0.019042 0.016248 0.176000 0.503229 -0.803218 -0.318751 0.000000
0.023707 0.016617 0.180000 0.027209 -0.949866 -0.311471 0.000000
0.028887 0.015971 0.173000 -0.317269 -0.940608 -0.120819 0.000000
0.020991 0.016567 0.175000 0.049297 -0.971573 -0.231552 0.000000
0.024676 0.016283 0.172000 -0.213569 -0.961814 -0.171179 0.000000
0.031100 0.016472 0.174000 -0.350947 -0.911732 -0.213499 0.000000
0.020345 0.016785 0.173000 0.039351 -0.960963 -0.273863 0.000000
0.024532 0.016591 0.171000 -0.166393 -0.953488 -0.251345 0.000000
0.016587 0.017092 0.172000 0.565531 -0.673337 -0.476226 0.000000
0.020751 0.017191 0.173000 -0.011257 -0.957339 -0.288747 0.000000
0.027667 0.017191 0.173000 -0.316727 -0.939810 -0.128219 0.000000
0.019938 0.017598 0.173000 0.067999 -0.966905 -0.245907 0.000000
0.023707 0.017090 0.168000 -0.144102 -0.957410 -0.250200 0.000000
0.019531 0.018005 0.173000 0.116111 -0.967766 -0.223490 0.000000
0.024351 0.017380 0.167000 -0.145424 -0.969663 -0.196481 0.000000
0.023034 0.017667 0.166000 -0.078209 -0.982747 -0.167608 0.000000
0.022896 0.017948 0.165000 -0.116918 -0.982967 -0.141798 0.000000
-0.025879 0.019114 0.172000 -0.499993 -0.691729 -0.521074 0.000000
0.014952 0.018114 0.163000 0.094494 -0.845172 -0.526076 0.000000
-0.026688 0.019519 0.172000 -0.454198 -0.720650 -0.523801 0.000000
-0.022380 0.019292 0.170000 -0.445388 -0.674174 -0.589168 0.000000
-0.018059 0.018951 0.167000 -0.431383 -0.341729 -0.834943 0.000000
0.003861 0.018611 0.164000 -0.093007 -0.216050 -0.971942 0.000000
0.007670 0.018497 0.163000 -0.088475 -0.552928 -0.828519 0.000000
0.011503 0.018497 0.163000 -0.073312 -0.790292 -0.608328 0.000000
0.021210 0.018951 0.167000 -0.032367 -0.981818 -0.187044 0.000000
-0.025729 0.019807 0.171000 -0.425780 -0.742644 -0.516905 0.000000
-0.021454 0.019576 0.169000 -0.323303 -0.653521 -0.684387 0.000000
-0.017273 0.019344 0.167000 -0.400119 -0.359743 -0.842906 0.000000
-0.013187 0.019112 0.165000 0.108557 -0.049990 -0.992832 0.000000
-0.009363 0.019228 0.166000 -0.040930 -0.097429 0.994401 0.000000
-0.005460 0.019228 0.166000 0.106399 -0.161600 0.981104 0.000000
-0.001547 0.019112 0.165000 0.171666 0.017024 0.985008 0.000000
0.002318 0.018996 0.164000 -0.042467 -0.206787 -0.977464 0.000000
0.006175 0.018996 0.164000 -0.059033 -0.467303 -0.882124 0.000000
0.009970 0.018881 0.163000 -0.118466 -0.765196 -0.632804 0.000000
0.013718 0.018765 0.162000 -0.077938 -0.815557 -0.573404 0.000000
-0.027177 0.020091 0.170000 -0.263474 -0.852908 -0.450699 0.000000
-0.022780 0.020091 0.170000 -0.408611 -0.713417 -0.569274 0.000000
-0.018451 0.019737 0.167000 -0.355736 -0.491982 -0.794611 0.000000
-0.014351 0.019500 0.165000 -0.184770 -0.149982 -0.971270 0.000000
-0.010534 0.019618 0.166000 0.155656 -0.022790 -0.987548 0.000000
-0.006631 0.019618 0.166000 0.074167 -0.103404 0.991870 0.000000
-0.002711 0.019500 0.165000 0.197682 -0.088865 0.976230 0.000000
0.001162 0.019382 0.164000 -0.097874 -0.149179 -0.983954 0.000000
0.005018 0.019382 0.164000 -0.092357 -0.378428 -0.921012 0.000000
0.008820 0.019264 0.163000 -0.160982 -0.636093 -0.754633 0.000000
0.012575 0.019146 0.162000 -0.073312 -0.790292 -0.608328 0.000000
-0.025912 0.020129 0.167000 0.037622 -0.928111 -0.370397 0.000000
-0.022249 0.020370 0.169000 -0.357406 -0.697720 -0.620845 0.000000
-0.018059 0.020129 0.167000 -0.317961 -0.509782 -0.799389 0.000000
-0.013963 0.019888 0.165000 -0.063935 -0.123109 -0.990332 0.000000
-0.010144 0.020009 0.166000 0.139807 -0.050800 -0.988875 0.000000
-0.006241 0.020009 0.166000 0.096846 -0.065305 0.993155 0.000000
-0.002323 0.019888 0.165000 0.239410 0.022769 0.970652 0.000000
0.001547 0.019768 0.164000 -0.082903 -0.184155 -0.979395 0.000000
0.005403 0.019768 0.164000 -0.088756 -0.436414 -0.895358 0.000000
0.009203 0.019647 0.163000 -0.151040 -0.685085 -0.712633 0.000000
0.012956 0.019527 0.162000 -0.108125 -0.791296 -0.601797 0.000000
-0.025127 0.020522 0.167000 0.037622 -0.928111 -0.370397 0.000000
-0.020807 0.020522 0.167000 -0.253111 -0.642736 -0.723066 0.000000
-0.016780 0.020399 0.166000 -0.302465 -0.263594 -0.915987 0.000000
-0.012799 0.020276 0.165000 0.101718 -0.135365 -0.985561 0.000000
-0.008973 0.020399 0.166000 -0.040407 -0.037533 0.998478 0.000000
-0.005070 0.020399 0.166000 0.107381 -0.120936 0.986835 0.000000
-0.001159 0.020276 0.165000 -0.213454 -0.032857 -0.976400 0.000000
0.002704 0.020153 0.164000 -0.086477 -0.247612 -0.964992 0.000000
0.006520 0.020030 0.163000 -0.116179 -0.543316 -0.831451 0.000000
0.010353 0.020030 0.163000 -0.151825 -0.769128 -0.620799 0.000000
-0.027422 0.020288 0.162000 0.166331 -0.946219 -0.277495 0.000000
-0.022771 0.020915 0.167000 -0.153426 -0.832430 -0.532467 0.000000
-0.018731 0.020789 0.166000 -0.248889 -0.591920 -0.766606 0.000000
-0.014739 0.020664 0.165000 -0.257385 -0.189781 -0.947489 0.000000
-0.010925 0.020789 0.166000 0.159423 -0.108242 -0.981258 0.000000
-0.007021 0.020789 0.166000 0.088604 -0.046644 0.994974 0.000000
-0.003099 0.020664 0.165000 0.243533 -0.140632 0.959643 0.000000
0.000776 0.020539 0.164000 -0.106384 -0.136188 -0.984954 0.000000
0.004632 0.020539 0.164000 -0.106098 -0.335625 -0.936002 0.000000
-0.028784 0.020287 0.159000 0.144372 -0.967316 -0.208464 0.000000
-0.025447 0.020925 0.164000 0.166331 -0.946219 -0.277495 0.000000
-0.021985 0.021307 0.167000 -0.040093 -0.801967 -0.596021 0.000000
-0.017951 0.021180 0.166000 -0.225464 -0.514491 -0.827324 0.000000
-0.013963 0.021052 0.165000 -0.098850 -0.154851 -0.982980 0.000000
-0.010144 0.021180 0.166000 0.155965 -0.133255 -0.978733 0.000000
-0.006241 0.021180 0.166000 0.099808 -0.024792 0.994698 0.000000
-0.002323 0.021052 0.165000 0.228850 -0.025893 0.973117 0.000000
0.001547 0.020925 0.164000 -0.123208 -0.177894 -0.976306 0.000000
-0.028212 0.020790 0.160000 0.151759 -0.958941 -0.239586 0.000000
-0.025061 0.021310 0.164000 0.166331 -0.946219 -0.277495 0.000000
-0.020683 0.021570 0.166000 -0.085870 -0.751131 -0.654545 0.000000
-0.016780 0.021570 0.166000 -0.223877 -0.387617 -0.894221 0.000000
-0.012799 0.021440 0.165000 0.052574 -0.094467 -0.994139 0.000000
-0.008919 0.021440 0.165000 0.086271 -0.043992 -0.995300 0.000000
-0.005070 0.021570 0.166000 0.089532 -0.056480 0.994381 0.000000
-0.030093 0.021167 0.160000 0.175117 -0.959326 -0.221421 0.000000
-0.026825 0.021564 0.163000 0.166331 -0.946219 -0.277495 0.000000
-0.021463 0.021960 0.166000 -0.007245 -0.832979 -0.553258 0.000000
-0.017560 0.021960 0.166000 -0.186798 -0.474159 -0.860395 0.000000
-0.013575 0.021828 0.165000 -0.043821 -0.149752 -0.987752 0.000000
-0.009695 0.021828 0.165000 0.122167 -0.139974 -0.982590 0.000000
-0.025061 0.022081 0.164000 0.151759 -0.958941 -0.239586 0.000000
-0.021334 0.022216 0.165000 -0.039412 -0.723931 -0.688746 0.000000
-0.017454 0.022216 0.165000 -0.195319 -0.447410 -0.872740 0.000000
-0.013575 0.022216 0.165000 -0.053377 -0.114596 -0.991977 0.000000
-0.024826 0.022604 0.165000 0.052481 -0.943871 -0.326118 0.000000
-0.020946 0.022604 0.165000 -0.048294 -0.731135 -0.680521 0.000000
-0.017066 0.022604 0.165000 -0.195319 -0.447410 -0.872740 0.000000
-0.024826 0.022992 0.165000 0.094565 -0.938070 -0.333291 0.000000
-0.020946 0.022992 0.165000 -0.079988 -0.801126 -0.593126 0.000000
-0.026538 0.023522 0.166000 0.208207 -0.945590 -0.250018 0.000000
