-0.106059 -0.049620 0.252000 0.479230 -0.433721 0.763036 1.000000
-0.100917 -0.048833 0.251000 0.390284 -0.451834 0.802200 1.000000
-0.093879 -0.048249 0.248000 0.138465 -0.471718 0.870810 1.000000
-0.088048 -0.048249 0.248000 -0.054378 -0.213725 0.975379 1.000000
-0.106901 -0.048819 0.254000 0.496251 -0.457055 0.738130 1.000000
-0.099339 -0.048050 0.250000 0.357210 -0.386525 0.850294 1.000000
-0.092713 -0.047666 0.248000 0.070262 -0.316431 0.946010 1.000000
-0.086882 -0.047666 0.248000 -0.181101 -0.112947 0.976957 1.000000
-0.081377 -0.047858 0.249000 -0.426532 -0.397413 0.812486 1.000000
-0.103506 -0.048032 0.253000 0.429794 -0.387338 0.815626 1.000000
-0.096014 -0.047273 0.249000 0.298962 -0.345037 0.889703 1.000000
-0.089797 -0.047083 0.248000 0.028073 -0.187390 0.981884 1.000000
-0.083966 -0.047083 0.248000 -0.205500 -0.212969 0.955204 1.000000
-0.112051 -0.048562 0.259000 0.494321 -0.506569 0.706424 1.000000
-0.103506 -0.047437 0.253000 0.439731 -0.431191 0.787852 1.000000
-0.096014 -0.046687 0.249000 0.302854 -0.335506 0.892029 1.000000
-0.089797 -0.046500 0.248000 0.068484 -0.084376 0.994078 1.000000
-0.083966 -0.046500 0.248000 -0.233201 -0.130605 0.963618 1.000000
-0.079395 -0.047250 0.252000 -0.530095 -0.259306 0.807317 1.000000
-0.108345 -0.047398 0.256000 0.523136 -0.555529 0.646310 1.000000
-0.100327 -0.046472 0.251000 0.410400 -0.317168 0.854972 1.000000
-0.093296 -0.045916 0.248000 0.143624 -0.278599 0.949608 1.000000
-0.087465 -0.045916 0.248000 -0.098860 -0.040763 0.994266 1.000000
-0.082292 -0.046287 0.250000 -0.430582 -0.156244 0.888925 1.000000
-0.077330 -0.046842 0.253000 -0.571437 -0.180088 0.800642 1.000000
-0.109798 -0.047161 0.258000 0.457684 -0.648954 0.607770 1.000000
-0.100917 -0.045882 0.251000 0.410470 -0.320207 0.853804 1.000000
-0.093879 -0.045333 0.248000 0.200201 -0.289459 0.936020 1.000000
-0.088048 -0.045333 0.248000 -0.049276 0.010579 0.998729 1.000000
-0.082548 -0.045516 0.249000 -0.387854 -0.142701 0.910607 1.000000
-0.077925 -0.046247 0.253000 -0.590802 -0.033209 0.806133 1.000000
-0.072829 -0.046796 0.256000 -0.589047 -0.291814 0.753571 1.000000
-0.105291 -0.045652 0.253000 0.455299 -0.467179 0.757923 1.000000
-0.098164 -0.045111 0.250000 0.346929 -0.267479 0.898941 1.000000
-0.091547 -0.044750 0.248000 0.211343 -0.072316 0.974733 1.000000
-0.085715 -0.044750 0.248000 -0.324845 0.051123 0.944385 1.000000
-0.080850 -0.045291 0.251000 -0.490837 -0.082107 0.867374 1.000000
-0.075844 -0.045833 0.254000 -0.649939 0.014269 0.759852 1.000000
-0.070972 -0.046555 0.258000 -0.620316 -0.349500 0.702181 1.000000
-0.106304 -0.045236 0.254000 0.537511 -0.518354 0.665125 1.000000
-0.098751 -0.044523 0.250000 0.391805 -0.280113 0.876371 1.000000
-0.092501 -0.044345 0.249000 0.256472 -0.160320 0.953163 1.000000
-0.085951 -0.043989 0.247000 -0.280055 0.058250 0.958215 1.000000
-0.081116 -0.044523 0.250000 -0.458224 -0.097560 0.883466 1.000000
-0.076140 -0.045057 0.253000 -0.603457 -0.011634 0.797311 1.000000
-0.071578 -0.045948 0.258000 -0.638400 -0.325394 0.697541 1.000000
-0.113163 -0.046220 0.263000 -0.423429 0.716509 -0.554367 1.000000
-0.102504 -0.044287 0.252000 0.448732 -0.317968 0.835186 1.000000
-0.095429 -0.043760 0.249000 0.264360 -0.247581 0.932104 1.000000
-0.088854 -0.043408 0.247000 -0.016825 0.023561 0.999581 1.000000
-0.083719 -0.043760 0.249000 -0.393236 -0.089870 0.915035 1.000000
-0.078489 -0.044111 0.251000 -0.487185 -0.010361 0.873237 1.000000
-0.073744 -0.044814 0.255000 -0.678338 -0.192295 0.709140 1.000000
-0.068811 -0.045517 0.259000 -0.612418 -0.411838 0.674783 1.000000
-0.110224 -0.044908 0.259000 0.460831 -0.693715 0.553529 1.000000
-0.100917 -0.043521 0.251000 0.431693 -0.315411 0.845078 1.000000
-0.094258 -0.043174 0.249000 0.290123 -0.189473 0.938045 1.000000
-0.087693 -0.042827 0.247000 -0.128138 0.025859 0.991419 1.000000
-0.082879 -0.043347 0.250000 -0.408204 -0.051188 0.911455 1.000000
-0.077309 -0.043521 0.251000 -0.529349 -0.025324 0.848026 1.000000
-0.072829 -0.044388 0.256000 -0.620082 -0.229679 0.750164 1.000000
-0.068115 -0.045255 0.261000 -0.640511 -0.486565 0.594138 1.000000
-0.112116 -0.044812 0.262000 -0.447617 0.749889 -0.487140 1.000000
-0.101507 -0.042931 0.251000 0.431693 -0.315411 0.845078 1.000000
-0.095224 -0.042760 0.250000 0.295363 -0.188751 0.936554 1.000000
-0.088274 -0.042246 0.247000 -0.070556 0.008801 0.997469 1.000000
-0.083133 -0.042589 0.249000 -0.403344 -0.076897 0.911812 1.000000
-0.077899 -0.042931 0.251000 -0.510662 -0.007679 0.859747 1.000000
-0.073431 -0.043786 0.256000 -0.679227 -0.167633 0.714527 1.000000
-0.068465 -0.044470 0.260000 -0.635838 -0.405121 0.656953 1.000000
-0.063790 -0.045496 0.266000 0.392317 0.842409 -0.369369 1.000000
-0.104696 -0.042678 0.253000 0.536916 -0.434110 0.723374 1.000000
-0.097576 -0.042172 0.250000 0.334155 -0.250234 0.908693 1.000000
-0.091330 -0.042003 0.249000 0.233710 -0.119050 0.964991 1.000000
-0.085132 -0.041834 0.248000 -0.354302 -0.058119 0.933323 1.000000
-0.079940 -0.042172 0.250000 -0.456371 -0.009409 0.889740 1.000000
-0.074951 -0.042678 0.253000 -0.681637 -0.086341 0.726578 1.000000
-0.070365 -0.043521 0.258000 -0.642615 -0.431031 0.633449 1.000000
-0.066043 -0.044702 0.265000 -0.637492 -0.628206 0.446050 1.000000
-0.112116 -0.043580 0.262000 -0.424742 0.792807 -0.437094 1.000000
-0.102316 -0.042083 0.253000 0.450740 -0.317896 0.834132 1.000000
-0.095224 -0.041584 0.250000 0.349103 -0.197700 0.915992 1.000000
-0.088274 -0.041085 0.247000 -0.037636 -0.074188 0.996534 1.000000
-0.083133 -0.041418 0.249000 -0.417302 -0.086830 0.904610 1.000000
-0.077899 -0.041750 0.251000 -0.499299 0.002774 0.866425 1.000000
-0.073145 -0.042416 0.255000 -0.711481 -0.122950 0.691865 1.000000
-0.068465 -0.043247 0.260000 -0.640088 -0.507314 0.576992 1.000000
-0.064270 -0.044578 0.268000 0.415046 0.812012 -0.410333 1.000000
-0.111075 -0.042800 0.261000 0.436213 -0.766758 0.470956 1.000000
-0.102123 -0.041652 0.254000 0.455474 -0.300719 0.837921 1.000000
-0.094636 -0.040996 0.250000 0.307764 -0.120457 0.943807 1.000000
-0.087693 -0.040504 0.247000 -0.075458 -0.116315 0.990342 1.000000
-0.082879 -0.040996 0.250000 -0.421490 -0.094598 0.901885 1.000000
-0.077617 -0.041324 0.252000 -0.528292 0.001964 0.849060 1.000000
-0.072829 -0.041980 0.256000 -0.718540 -0.287075 0.633473 1.000000
-0.068376 -0.042964 0.262000 -0.625372 -0.590938 0.509611 1.000000
-0.063877 -0.044112 0.269000 0.404041 0.819655 -0.406098 1.000000
-0.114454 -0.042994 0.266000 -0.369103 0.814700 -0.447244 1.000000
-0.104538 -0.041540 0.257000 0.591430 -0.495506 0.636147 1.000000
-0.096195 -0.040570 0.251000 0.353578 -0.214077 0.910579 1.000000
-0.088854 -0.039923 0.247000 0.031467 -0.152444 0.987811 1.000000
-0.083719 -0.040247 0.249000 -0.395128 -0.045249 0.917511 1.000000
-0.078489 -0.040570 0.251000 -0.497518 -0.004729 0.867441 1.000000
-0.073744 -0.041216 0.255000 -0.758289 -0.214036 0.615781 1.000000
-0.069342 -0.042186 0.261000 -0.648023 -0.577143 0.496963 1.000000
-0.064900 -0.043318 0.268000 -0.546691 -0.727753 0.414131 1.000000
-0.059473 -0.043964 0.272000 0.213072 0.837039 -0.503951 1.000000
-0.108620 -0.041572 0.261000 0.510699 -0.733506 0.448504 1.000000
-0.085132 -0.039502 0.248000 -0.352813 -0.068014 0.933219 1.000000
-0.080260 -0.039980 0.251000 -0.490910 -0.013221 0.871110 1.000000
-0.075543 -0.040617 0.255000 -0.698736 -0.435238 0.567747 1.000000
-0.070638 -0.041254 0.259000 -0.660275 -0.542148 0.519724 1.000000
-0.066542 -0.042528 0.267000 -0.625289 -0.693350 0.358162 1.000000
-0.061618 -0.043484 0.273000 0.299238 0.842780 -0.447413 1.000000
-0.115944 -0.042057 0.268000 -0.257427 0.786718 -0.561076 1.000000
-0.107188 -0.041116 0.262000 0.559479 -0.676656 0.478665 1.000000
-0.082292 -0.039232 0.250000 -0.417468 -0.085814 0.904631 1.000000
-0.077330 -0.039703 0.253000 -0.613186 -0.199419 0.764352 1.000000
-0.073074 -0.040645 0.259000 -0.619210 -0.613386 0.490241 1.000000
-0.068277 -0.041430 0.264000 -0.673466 -0.636698 0.375578 1.000000
-0.063950 -0.042685 0.272000 0.442855 0.790121 -0.423779 1.000000
-0.057978 -0.042999 0.274000 -0.053297 0.721963 -0.689876 1.000000
-0.110285 -0.040963 0.265000 -0.427634 0.790818 -0.437877 1.000000
-0.082031 -0.038799 0.251000 -0.448467 -0.112711 0.886664 1.000000
-0.074901 -0.040036 0.259000 -0.552083 -0.737393 0.389174 1.000000
-0.069874 -0.040654 0.263000 -0.511605 -0.728990 0.454791 1.000000
-0.065385 -0.041736 0.270000 -0.568283 -0.729347 0.380931 1.000000
-0.060348 -0.042664 0.276000 0.177367 0.750198 -0.636980 1.000000
-0.113424 -0.040797 0.268000 -0.389642 0.756474 -0.525286 1.000000
-0.107921 -0.041101 0.270000 0.630081 -0.543303 0.554815 1.000000
-0.073920 -0.039884 0.262000 0.464286 0.802376 -0.375007 1.000000
-0.068794 -0.040492 0.266000 -0.644874 -0.673399 0.361485 1.000000
-0.064185 -0.041558 0.273000 0.418678 0.785202 -0.456253 1.000000
-0.058189 -0.041862 0.275000 -0.246104 0.583416 -0.773989 1.000000
-0.075769 -0.039267 0.262000 0.394809 0.814817 -0.424499 1.000000
-0.070405 -0.039717 0.265000 -0.503952 -0.771533 0.388290 1.000000
-0.065627 -0.040616 0.271000 -0.584324 -0.728488 0.357591 1.000000
-0.060566 -0.041516 0.277000 0.110645 0.664920 -0.738674 1.000000
-0.072002 -0.038946 0.264000 -0.478798 -0.781310 0.400383 1.000000
-0.067289 -0.039832 0.270000 -0.662172 -0.681145 0.312360 1.000000
-0.062520 -0.040864 0.277000 0.244790 0.727865 -0.640539 1.000000
-0.071296 -0.038616 0.266000 -0.451480 -0.822519 0.345872 1.000000
-0.066508 -0.039487 0.272000 -0.605898 -0.725148 0.327183 1.000000
-0.061439 -0.040358 0.278000 0.111223 0.655163 -0.747256 1.000000
-0.069450 -0.038705 0.271000 -0.582632 -0.757179 0.295330 1.000000
-0.064474 -0.039562 0.277000 0.379973 0.710391 -0.592424 1.000000
-0.069829 -0.037927 0.270000 -0.553091 -0.773430 0.309672 1.000000
-0.064891 -0.038770 0.276000 0.411746 0.725351 -0.551662 1.000000
-0.069321 -0.037706 0.273000 -0.550546 -0.751601 0.363311 1.000000
-0.064053 -0.038397 0.278000 0.292221 0.733452 -0.613723 1.000000
-0.067080 -0.037608 0.277000 0.478999 0.678382 -0.557098 1.000000
-0.060785 -0.037743 0.278000 -0.277802 0.384462 -0.880349 1.000000
-0.062316 -0.037223 0.279000 0.077180 0.641488 -0.763241 1.000000
-0.118079 -0.030007 0.279000 0.152017 0.203028 -0.967301 2.000000
-0.119391 -0.029351 0.279000 0.155901 0.161846 -0.974423 2.000000
-0.109551 -0.029351 0.279000 -0.646015 -0.159490 -0.746477 2.000000
-0.108958 -0.027872 0.271000 0.664072 0.364217 0.652958 2.000000
-0.115540 -0.027436 0.273000 -0.213263 -0.683440 -0.698161 2.000000
-0.107122 -0.026933 0.268000 0.533615 0.568898 0.625788 2.000000
-0.082230 -0.026230 0.261000 -0.514916 0.301130 0.802610 2.000000
-0.117252 -0.026892 0.274000 -0.055719 -0.668379 -0.741731 2.000000
-0.106765 -0.025910 0.264000 0.414105 0.664387 0.622180 2.000000
-0.097891 -0.025223 0.257000 0.303820 0.284250 0.909338 2.000000
-0.084036 -0.025420 0.259000 -0.492211 0.279510 0.824380 2.000000
-0.079150 -0.025812 0.263000 -0.672836 0.075080 0.735972 2.000000
-0.074075 -0.026205 0.267000 -0.845541 0.104357 0.523613 2.000000
-0.111326 -0.025481 0.266000 0.408803 0.724672 0.554735 2.000000
-0.102701 -0.024906 0.260000 0.398195 0.553211 0.731709 2.000000
-0.094359 -0.024332 0.254000 0.042377 0.079998 0.995894 2.000000
-0.087013 -0.024619 0.257000 -0.430349 0.153595 0.889499 2.000000
-0.081915 -0.024906 0.260000 -0.555383 0.229476 0.799306 2.000000
-0.076968 -0.025290 0.264000 -0.710663 0.031416 0.702830 2.000000
-0.073172 -0.026152 0.273000 -0.898043 0.269289 0.347854 2.000000
-0.109868 -0.024669 0.264000 0.394261 0.726112 0.563311 2.000000
-0.101697 -0.024202 0.259000 0.389835 0.457986 0.798923 2.000000
-0.093762 -0.023734 0.254000 0.035866 0.083478 0.995864 2.000000
-0.088135 -0.023828 0.255000 -0.348296 0.119406 0.929749 2.000000
-0.083427 -0.024202 0.259000 -0.503146 0.169463 0.847423 2.000000
-0.078233 -0.024482 0.262000 -0.679659 0.103816 0.726144 2.000000
-0.073723 -0.025043 0.268000 -0.871455 0.089187 0.482298 2.000000
-0.114054 -0.024412 0.268000 -0.296390 -0.731289 -0.614304 2.000000
-0.104536 -0.023684 0.260000 0.367335 0.602657 0.708428 2.000000
-0.096908 -0.023319 0.256000 0.245481 0.357290 0.901156 2.000000
-0.090533 -0.023228 0.255000 -0.147036 0.063388 0.987098 2.000000
-0.085532 -0.023501 0.258000 -0.444819 0.117686 0.887855 2.000000
-0.080081 -0.023684 0.260000 -0.666472 0.071605 0.742083 2.000000
-0.075390 -0.024139 0.265000 -0.748699 0.029642 0.662247 2.000000
-0.072551 -0.025323 0.278000 -0.789555 0.275302 0.548463 2.000000
-0.109452 -0.023339 0.263000 0.371642 0.714282 0.593028 2.000000
-0.101697 -0.022984 0.259000 0.353287 0.518939 0.778390 2.000000
-0.094131 -0.022629 0.255000 0.065849 0.040721 0.996998 2.000000
-0.088480 -0.022717 0.256000 -0.358263 0.097749 0.928489 2.000000
-0.083105 -0.022895 0.258000 -0.491085 0.156012 0.857027 2.000000
-0.078233 -0.023250 0.262000 -0.699113 0.075594 0.711004 2.000000
-0.073998 -0.023871 0.269000 -0.870363 0.108622 0.480280 2.000000
-0.070943 -0.025025 0.282000 0.638002 -0.115394 -0.761339 2.000000
-0.106779 -0.022547 0.261000 0.337716 0.675292 0.655690 2.000000
-0.099099 -0.022202 0.257000 0.310469 0.370225 0.875524 2.000000
-0.091970 -0.021943 0.254000 -0.065133 0.059776 0.996085 2.000000
-0.086674 -0.022115 0.256000 -0.410820 0.099645 0.906255 2.000000
-0.081600 -0.022375 0.259000 -0.578540 0.120800 0.806659 2.000000
-0.076968 -0.022806 0.264000 -0.733636 0.040783 0.678317 2.000000
-0.072904 -0.023498 0.272000 -0.883446 0.215138 0.416220 2.000000
-0.114684 -0.022522 0.268000 0.389895 0.743131 0.543818 2.000000
-0.105147 -0.021850 0.260000 0.364113 0.573057 0.734184 2.000000
-0.097510 -0.021513 0.256000 0.231631 0.345443 0.909404 2.000000
-0.091133 -0.021429 0.255000 -0.147273 0.057433 0.987427 2.000000
-0.085804 -0.021597 0.257000 -0.441196 0.078236 0.893994 2.000000
-0.080692 -0.021850 0.260000 -0.634647 0.083798 0.768245 2.000000
-0.076013 -0.022270 0.265000 -0.738013 0.032457 0.674005 2.000000
-0.072152 -0.023026 0.274000 -0.734337 0.550223 0.397496 2.000000
-0.113203 -0.021728 0.266000 0.401073 0.734923 0.546836 2.000000
-0.104133 -0.021157 0.259000 0.351721 0.558396 0.751323 2.000000
-0.096908 -0.020911 0.256000 0.195483 0.318531 0.927537 2.000000
-0.090533 -0.020830 0.255000 -0.209354 0.057497 0.976148 2.000000
-0.085200 -0.020993 0.257000 -0.451754 0.094192 0.887156 2.000000
-0.080081 -0.021238 0.260000 -0.681232 0.056176 0.729909 2.000000
-0.075674 -0.021728 0.266000 -0.753063 0.044631 0.656433 2.000000
-0.071768 -0.022463 0.275000 -0.641071 0.671500 0.371640 2.000000
-0.067439 -0.023199 0.284000 0.524836 -0.205667 -0.825983 2.000000
-0.105352 -0.020548 0.259000 -0.277377 -0.648836 -0.708572 2.000000
-0.098112 -0.020310 0.256000 0.236336 0.334013 0.912459 2.000000
-0.091732 -0.020230 0.255000 -0.066385 0.066211 0.995595 2.000000
-0.086409 -0.020389 0.257000 -0.423437 0.062515 0.903766 2.000000
-0.080991 -0.020548 0.259000 -0.609810 0.064109 0.789950 2.000000
-0.076636 -0.021024 0.265000 -0.727082 0.049016 0.684799 2.000000
-0.072530 -0.021658 0.273000 -0.797142 0.423103 0.430754 2.000000
-0.068291 -0.022372 0.282000 0.527517 -0.353844 -0.772348 2.000000
-0.105961 -0.019939 0.259000 -0.279469 -0.659759 -0.697578 2.000000
-0.098714 -0.019708 0.256000 0.190029 0.391312 0.900424 2.000000
-0.092332 -0.019631 0.255000 -0.003348 0.043806 0.999034 2.000000
-0.087013 -0.019785 0.257000 -0.395745 0.049882 0.917005 2.000000
-0.081600 -0.019939 0.259000 -0.597463 0.064404 0.799306 2.000000
-0.077259 -0.020400 0.265000 -0.735472 0.088302 0.671776 2.000000
-0.072636 -0.020862 0.271000 -0.816113 0.423391 0.393318 2.000000
-0.068465 -0.021555 0.280000 0.414065 -0.819174 -0.396868 2.000000
-0.099918 -0.019106 0.256000 0.182638 0.543492 0.819305 2.000000
-0.093898 -0.019106 0.256000 0.000371 0.147106 0.989121 2.000000
-0.087878 -0.019106 0.256000 -0.428655 0.097674 0.898173 2.000000
-0.082498 -0.019255 0.258000 -0.522842 0.036201 0.851660 2.000000
-0.078209 -0.019703 0.264000 -0.729736 0.053126 0.681662 2.000000
-0.073365 -0.020076 0.269000 -0.787251 0.380506 0.485233 2.000000
-0.069283 -0.020747 0.278000 0.441692 -0.789305 -0.426504 2.000000
-0.094500 -0.018504 0.256000 0.036953 0.259163 0.965127 2.000000
-0.088480 -0.018504 0.256000 -0.360038 0.077352 0.929726 2.000000
-0.083105 -0.018648 0.258000 -0.495875 0.053524 0.866743 2.000000
-0.078531 -0.019010 0.263000 -0.724216 0.078704 0.685067 2.000000
-0.073723 -0.019371 0.268000 -0.753177 0.358632 0.551459 2.000000
-0.069433 -0.019949 0.276000 0.493700 -0.774179 -0.396116 2.000000
-0.088734 -0.017832 0.255000 -0.335836 0.104146 0.936145 2.000000
-0.083712 -0.018042 0.258000 -0.463229 0.072614 0.883259 2.000000
-0.078849 -0.018321 0.262000 -0.710064 0.134638 0.691146 2.000000
-0.094389 -0.078404 0.259000 0.332129 0.186156 0.924682 0.000000
-0.090639 -0.077194 0.257000 0.060040 0.361715 0.930353 0.000000
-0.079150 -0.078378 0.263000 0.472733 0.308458 -0.825456 0.000000
-0.091953 -0.076577 0.259000 0.170215 0.263284 0.949583 0.000000
-0.077913 -0.077759 0.263000 0.418670 0.384571 -0.822691 0.000000
-0.093891 -0.076554 0.261000 0.332129 0.186156 0.924682 0.000000
-0.081005 -0.077141 0.263000 0.458356 0.204761 -0.864860 0.000000
-0.073864 -0.077434 0.264000 0.444539 0.337259 -0.829844 0.000000
-0.094867 -0.076231 0.262000 0.332129 0.186156 0.924682 0.000000
-0.081623 -0.076522 0.263000 0.458356 0.204761 -0.864860 0.000000
-0.075105 -0.076813 0.264000 0.418091 0.281853 -0.863573 0.000000
-0.130220 -0.092932 0.322000 0.138554 0.897760 0.418126 0.000000
-0.092663 -0.075327 0.261000 0.332129 0.186156 0.924682 0.000000
-0.079768 -0.075904 0.263000 0.458356 0.204761 -0.864860 0.000000
-0.074144 -0.076481 0.265000 0.518697 0.333544 -0.787211 0.000000
-0.132758 -0.091316 0.319000 0.138554 0.897760 0.418126 0.000000
-0.129581 -0.095037 0.332000 0.287173 0.852352 0.437067 0.000000
-0.090035 -0.073568 0.257000 0.157102 0.193162 0.968508 0.000000
-0.081005 -0.075286 0.263000 -0.466727 -0.049979 0.882988 0.000000
-0.075390 -0.075858 0.265000 0.444539 0.337259 -0.829844 0.000000
-0.133590 -0.091134 0.321000 0.138554 0.897760 0.418126 0.000000
-0.130361 -0.094257 0.332000 0.287173 0.852352 0.437067 0.000000
-0.094349 -0.074951 0.264000 0.332129 0.186156 0.924682 0.000000
-0.084393 -0.074383 0.262000 -0.232733 0.435682 0.869492 0.000000
-0.075390 -0.075235 0.265000 0.444539 0.337259 -0.829844 0.000000
-0.134490 -0.091505 0.325000 0.138554 0.897760 0.418126 0.000000
-0.128019 -0.092350 0.328000 0.287173 0.852352 0.437067 0.000000
-0.092050 -0.073486 0.261000 0.332129 0.186156 0.924682 0.000000
-0.083161 -0.073767 0.262000 -0.328932 0.276275 0.903037 0.000000
-0.075049 -0.074893 0.266000 0.464229 0.267303 -0.844417 0.000000
-0.139729 -0.092695 0.332000 0.762779 0.497254 0.413409 0.000000
-0.130352 -0.092137 0.330000 0.138554 0.897760 0.418126 0.000000
-0.093728 -0.073709 0.264000 0.332129 0.186156 0.924682 0.000000
-0.084393 -0.073151 0.262000 -0.342112 0.298951 0.890835 0.000000
-0.078830 -0.073709 0.264000 0.441388 0.267648 -0.856470 0.000000
-0.073172 -0.074268 0.266000 0.624645 0.270105 -0.732709 0.000000
-0.142254 -0.093576 0.338000 0.762779 0.497254 0.413409 0.000000
-0.129562 -0.090807 0.328000 0.138554 0.897760 0.418126 0.000000
-0.093728 -0.073089 0.264000 0.332129 0.186156 0.924682 0.000000
-0.084393 -0.072535 0.262000 -0.342112 0.298951 0.890835 0.000000
-0.078830 -0.073089 0.264000 0.454348 0.150074 -0.878092 0.000000
-0.073448 -0.073919 0.267000 0.671513 0.314181 -0.671090 0.000000
-0.059189 -0.073366 0.265000 -0.022685 0.107817 0.993912 0.000000
-0.136265 -0.091957 0.335000 0.762779 0.497254 0.413409 0.000000
-0.097401 -0.073840 0.269000 0.332129 0.186156 0.924682 0.000000
-0.087013 -0.070546 0.257000 0.039412 0.546841 0.836308 0.000000
-0.080692 -0.072468 0.264000 -0.526203 0.062166 0.848084 0.000000
-0.075331 -0.073291 0.267000 0.607004 0.290358 -0.739756 0.000000
-0.068681 -0.073566 0.268000 0.114842 0.597893 -0.793307 0.000000
-0.116314 -0.070486 0.259000 0.996804 -0.072807 0.032880 0.000000
-0.133484 -0.090353 0.332000 0.762779 0.497254 0.413409 0.000000
-0.093728 -0.071847 0.264000 0.332129 0.186156 0.924682 0.000000
-0.084393 -0.071303 0.262000 -0.326700 0.303405 0.895105 0.000000
-0.078830 -0.071847 0.264000 -0.498747 0.075021 0.863495 0.000000
-0.073998 -0.073208 0.269000 0.716975 0.273142 -0.641359 0.000000
-0.060663 -0.072391 0.266000 -0.022685 0.107817 0.993912 0.000000
-0.116151 -0.070147 0.260000 0.996804 -0.072807 0.032880 0.000000
-0.131904 -0.089033 0.330000 0.762779 0.497254 0.413409 0.000000
-0.093728 -0.071226 0.264000 0.291360 0.081339 0.953149 0.000000
-0.084361 -0.070147 0.260000 -0.354686 0.479593 0.802614 0.000000
-0.078830 -0.071226 0.264000 -0.518171 0.075966 0.851897 0.000000
-0.073998 -0.072575 0.269000 0.716975 0.273142 -0.641359 0.000000
-0.065869 -0.073385 0.272000 -0.283983 0.426579 -0.858711 0.000000
-0.058161 -0.071766 0.266000 -0.290286 0.072594 0.954182 0.000000
-0.115984 -0.069803 0.261000 0.996804 -0.072807 0.032880 0.000000
-0.127587 -0.086385 0.323000 0.138554 0.897760 0.418126 0.000000
-0.091436 -0.069803 0.261000 0.426603 0.100326 0.898857 0.000000
-0.080692 -0.069536 0.260000 -0.571998 0.360136 0.736967 0.000000
-0.076243 -0.071675 0.268000 -0.780891 -0.153444 0.605528 0.000000
-0.071247 -0.073013 0.273000 0.201070 0.440188 -0.875103 0.000000
-0.060038 -0.071141 0.266000 0.015122 0.128477 0.991597 0.000000
-0.117685 -0.068394 0.258000 0.847033 0.061901 0.527924 0.000000
-0.135896 -0.089602 0.338000 0.762779 0.497254 0.413409 0.000000
-0.094707 -0.070250 0.265000 0.291360 0.081339 0.953149 0.000000
-0.083063 -0.067864 0.256000 -0.495739 0.702483 0.510647 0.000000
-0.075613 -0.071045 0.268000 0.742009 0.184419 -0.644524 0.000000
-0.064115 -0.071575 0.270000 -0.403665 0.040060 -0.914030 0.000000
-0.057338 -0.071045 0.268000 -0.290286 0.072594 0.954182 0.000000
-0.116151 -0.068313 0.260000 0.984148 -0.140779 0.107862 0.000000
-0.124079 -0.083027 0.316000 0.138554 0.897760 0.418126 0.000000
-0.088826 -0.067525 0.257000 0.194338 0.658036 0.727476 0.000000
-0.079164 -0.068050 0.259000 -0.687601 0.513955 0.512889 0.000000
-0.075613 -0.070415 0.268000 -0.798433 -0.008487 0.602024 0.000000
-0.063480 -0.070941 0.270000 -0.406221 0.011704 -0.913700 0.000000
-0.056708 -0.070415 0.268000 -0.277335 0.135237 0.951208 0.000000
-0.116763 -0.067702 0.260000 0.940139 -0.015739 0.340427 0.000000
-0.131128 -0.085929 0.330000 0.762779 0.497254 0.413409 0.000000
-0.089778 -0.067181 0.258000 0.146926 0.569378 0.808840 0.000000
-0.076925 -0.069264 0.266000 -0.803100 0.040320 0.594478 0.000000
-0.068286 -0.071347 0.274000 0.160873 0.082401 -0.983529 0.000000
-0.060263 -0.069525 0.267000 -0.054491 -0.011838 -0.998444 0.000000
-0.054996 -0.070826 0.272000 -0.277335 0.135237 0.951208 0.000000
-0.115813 -0.067606 0.262000 0.996804 -0.072807 0.032880 0.000000
-0.097669 -0.069155 0.268000 0.313255 0.359605 0.878951 0.000000
-0.083383 -0.063994 0.248000 -0.149131 0.863543 0.481719 0.000000
-0.078830 -0.065542 0.254000 -0.676210 0.645326 0.355379 0.000000
-0.074548 -0.069929 0.271000 -0.687121 -0.001195 0.726542 0.000000
-0.064352 -0.069929 0.271000 -0.419482 -0.073016 -0.904822 0.000000
-0.057338 -0.069155 0.268000 -0.353639 0.113546 0.928465 0.000000
-0.117986 -0.066479 0.260000 0.847033 0.061901 0.527924 0.000000
-0.115744 -0.068780 0.269000 0.970699 0.178318 -0.161076 0.000000
-0.093634 -0.066990 0.262000 0.470017 0.303663 0.828777 0.000000
-0.081962 -0.063666 0.249000 -0.322288 0.810707 0.488758 0.000000
-0.076347 -0.067502 0.264000 -0.813582 0.122267 0.568450 0.000000
-0.072796 -0.070059 0.274000 -0.466365 0.143538 0.872869 0.000000
-0.064115 -0.069036 0.270000 -0.425006 -0.086966 -0.901003 0.000000
-0.057338 -0.068525 0.268000 -0.399403 0.149052 0.904577 0.000000
-0.120125 -0.066374 0.262000 0.982398 0.131259 0.132911 0.000000
-0.115705 -0.067388 0.266000 0.991782 -0.056816 -0.114635 0.000000
-0.096099 -0.066374 0.262000 0.449657 0.504887 0.736816 0.000000
-0.082132 -0.062321 0.246000 -0.118382 0.654004 0.747171 0.000000
-0.077295 -0.066628 0.263000 -0.757232 0.299277 0.580545 0.000000
-0.073544 -0.068908 0.272000 -0.586315 0.112749 0.802199 0.000000
-0.067395 -0.069161 0.273000 -0.092370 -0.113886 -0.989190 0.000000
-0.059635 -0.067641 0.267000 -0.125425 0.027752 -0.991715 0.000000
-0.054556 -0.069161 0.273000 -0.389353 0.301732 0.870265 0.000000
-0.117212 -0.065507 0.261000 0.948236 0.091435 0.304120 0.000000
-0.115331 -0.068017 0.271000 0.970699 0.178318 -0.161076 0.000000
-0.095607 -0.065005 0.259000 0.517803 0.491442 0.700260 0.000000
-0.083185 -0.061241 0.244000 0.173070 0.582291 0.794345 0.000000
-0.079395 -0.063248 0.252000 -0.748315 0.556278 0.361359 0.000000
-0.075049 -0.066762 0.266000 -0.804079 0.115368 0.583222 0.000000
-0.070605 -0.068519 0.273000 0.197010 -0.090672 -0.976200 0.000000
-0.063245 -0.067515 0.269000 -0.381948 -0.091857 -0.919608 0.000000
-0.056920 -0.067515 0.269000 -0.360130 0.192730 0.912777 0.000000
-0.122124 -0.065888 0.265000 0.729326 0.672972 -0.123257 0.000000
-0.115893 -0.065888 0.265000 0.991782 -0.056816 -0.114635 0.000000
-0.094237 -0.059672 0.240000 0.517117 0.528039 -0.673620 0.000000
-0.085951 -0.061413 0.247000 0.201227 0.732280 0.650595 0.000000
-0.079884 -0.061661 0.248000 -0.649979 0.611625 0.451046 0.000000
-0.077636 -0.064645 0.260000 -0.840263 0.430408 0.329709 0.000000
-0.073723 -0.066634 0.268000 -0.664438 0.244971 0.706054 0.000000
-0.068176 -0.067380 0.271000 -0.108518 -0.237241 -0.965371 0.000000
-0.061119 -0.066634 0.268000 -0.211543 -0.013097 -0.977281 0.000000
-0.055431 -0.067380 0.271000 -0.381306 0.210129 0.900251 0.000000
-0.118893 -0.064526 0.262000 0.948236 0.091435 0.304120 0.000000
-0.115314 -0.066004 0.268000 0.970699 0.178318 -0.161076 0.000000
-0.093496 -0.059354 0.241000 0.530579 0.475189 -0.701912 0.000000
-0.091608 -0.062310 0.253000 0.325643 0.712882 0.621092 0.000000
-0.080646 -0.060339 0.245000 -0.300231 0.544064 0.783490 0.000000
-0.077617 -0.064526 0.262000 -0.821858 0.374326 0.429452 0.000000
-0.072100 -0.066250 0.269000 -0.511638 0.270713 0.815439 0.000000
-0.066019 -0.066496 0.270000 -0.323255 -0.263199 -0.908973 0.000000
-0.059008 -0.065758 0.267000 -0.035858 0.127557 0.991183 0.000000
-0.053914 -0.067235 0.273000 -0.352461 0.183841 0.917591 0.000000
-0.117212 -0.063666 0.261000 0.766771 0.034083 0.641015 0.000000
-0.115331 -0.066105 0.271000 0.969356 0.190280 -0.155377 0.000000
-0.093108 -0.058544 0.240000 0.530579 0.475189 -0.701912 0.000000
-0.091109 -0.060983 0.250000 0.205919 0.722184 0.660339 0.000000
-0.082844 -0.059275 0.243000 0.216213 0.315716 0.923891 0.000000
-0.079670 -0.061227 0.251000 -0.669545 0.564126 0.483188 0.000000
-0.077001 -0.063910 0.262000 -0.867506 0.344337 0.358978 0.000000
-0.069829 -0.065862 0.270000 -0.143141 0.389729 0.909737 0.000000
-0.063010 -0.065374 0.268000 -0.358828 -0.118215 -0.925888 0.000000
-0.056920 -0.065618 0.269000 -0.347648 0.277967 0.895475 0.000000
-0.122585 -0.064260 0.266000 0.715164 0.676901 -0.174201 0.000000
-0.115455 -0.063777 0.264000 0.997826 0.065884 -0.001340 0.000000
-0.093844 -0.057738 0.239000 -0.439740 -0.512242 0.737724 0.000000
-0.090381 -0.059912 0.248000 -0.416071 0.358459 0.835699 0.000000
-0.082504 -0.058462 0.242000 0.148845 0.166481 0.974746 0.000000
-0.079352 -0.060395 0.250000 -0.752091 0.540785 0.376710 0.000000
-0.077295 -0.063536 0.263000 -0.841909 0.355683 0.405807 0.000000
-0.068176 -0.065468 0.271000 -0.123827 -0.329482 -0.936007 0.000000
-0.060891 -0.064502 0.267000 -0.207449 -0.119172 -0.970960 0.000000
-0.055227 -0.065227 0.270000 -0.442199 0.186507 0.877311 0.000000
-0.118277 -0.062678 0.262000 0.766771 0.034083 0.641015 0.000000
-0.115540 -0.064592 0.270000 0.984595 0.123559 -0.123719 0.000000
-0.091415 -0.057415 0.240000 -0.463927 -0.453974 0.760709 0.000000
-0.086983 -0.058611 0.245000 0.100329 0.315282 0.943680 0.000000
-0.080227 -0.057893 0.242000 -0.225038 0.119535 0.966990 0.000000
-0.077941 -0.061003 0.255000 -0.769029 0.561640 0.305213 0.000000
-0.072462 -0.064113 0.268000 -0.516264 0.372690 0.771086 0.000000
-0.066901 -0.064831 0.271000 -0.226075 -0.335143 -0.914642 0.000000
-0.059412 -0.063635 0.266000 -0.016650 0.166689 0.985869 0.000000
-0.053957 -0.064592 0.270000 -0.509790 0.174339 0.842449 0.000000
-0.115096 -0.061351 0.259000 0.535170 0.089176 0.840024 0.000000
-0.096092 -0.056614 0.239000 0.055422 0.653416 -0.754968 0.000000
-0.091230 -0.057087 0.241000 -0.463927 -0.453974 0.760709 0.000000
-0.086983 -0.058035 0.245000 -0.082394 -0.045308 0.995569 0.000000
-0.080227 -0.057324 0.242000 -0.258440 0.052585 0.964595 0.000000
-0.078233 -0.060167 0.254000 -0.786827 0.531954 0.312934 0.000000
-0.075331 -0.063246 0.267000 -0.725219 0.388252 0.568611 0.000000
-0.068176 -0.064194 0.271000 0.020368 0.375156 0.926738 0.000000
-0.060891 -0.063246 0.267000 -0.159172 -0.134084 -0.978103 0.000000
-0.054817 -0.063483 0.268000 -0.436796 0.207632 0.875270 0.000000
-0.115705 -0.060742 0.259000 0.515709 0.116958 0.848743 0.000000
-0.095930 -0.056286 0.240000 0.055422 0.653416 -0.754968 0.000000
-0.091039 -0.056755 0.242000 -0.480273 -0.400821 0.780180 0.000000
-0.086407 -0.057459 0.245000 0.029575 -0.116510 0.992749 0.000000
-0.079658 -0.056755 0.242000 -0.381048 0.036171 0.923847 0.000000
-0.077636 -0.059570 0.254000 -0.771727 0.542161 0.332413 0.000000
-0.075613 -0.062853 0.268000 -0.669651 0.410798 0.618718 0.000000
-0.069194 -0.063322 0.270000 -0.065477 0.409627 0.909900 0.000000
-0.062380 -0.062853 0.268000 -0.307478 -0.146332 -0.940236 0.000000
-0.055241 -0.062618 0.267000 -0.191183 0.185461 0.963874 0.000000
-0.115096 -0.060133 0.259000 0.476048 0.192992 0.857981 0.000000
-0.096330 -0.055954 0.241000 0.055422 0.653416 -0.754968 0.000000
-0.091415 -0.056418 0.243000 -0.443375 -0.428834 0.787096 0.000000
-0.086407 -0.056883 0.245000 0.061702 -0.166471 0.984114 0.000000
-0.079658 -0.056186 0.242000 -0.244578 -0.195084 0.949802 0.000000
-0.077330 -0.058740 0.253000 -0.824298 0.454606 0.337439 0.000000
-0.075613 -0.062223 0.268000 -0.669651 0.410798 0.618718 0.000000
-0.069829 -0.062687 0.270000 -0.107375 0.462198 0.880252 0.000000
-0.063245 -0.062455 0.269000 -0.285411 -0.183017 -0.940769 0.000000
-0.055034 -0.061758 0.266000 -0.191183 0.185461 0.963874 0.000000
-0.114651 -0.059294 0.258000 0.412468 0.241643 0.878339 0.000000
-0.114477 -0.062512 0.272000 0.821695 0.561795 0.095933 0.000000
-0.094630 -0.055387 0.241000 0.209245 0.625537 -0.751611 0.000000
-0.090439 -0.056307 0.245000 -0.507303 -0.275232 0.816634 0.000000
-0.083987 -0.055847 0.243000 0.238947 -0.234077 0.942397 0.000000
-0.078918 -0.056307 0.245000 -0.721661 0.123764 0.681093 0.000000
-0.076143 -0.058605 0.255000 -0.796042 0.511046 0.324266 0.000000
-0.073723 -0.061593 0.268000 -0.605488 0.426253 0.672081 0.000000
-0.067924 -0.062052 0.270000 0.025581 0.424578 0.905030 0.000000
-0.060891 -0.061363 0.267000 -0.132730 -0.252172 -0.958536 0.000000
-0.053985 -0.061363 0.267000 -0.204838 0.264374 0.942416 0.000000
-0.114651 -0.058688 0.258000 0.376781 0.319825 0.869338 0.000000
-0.113635 -0.061417 0.270000 0.976126 0.214070 0.036781 0.000000
-0.093315 -0.055048 0.242000 0.353786 0.551005 -0.755797 0.000000
-0.089073 -0.055958 0.246000 -0.358309 -0.206450 0.910491 0.000000
-0.082273 -0.055276 0.243000 0.250489 -0.325387 0.911800 0.000000
-0.077551 -0.056413 0.248000 -0.867729 0.236707 0.437054 0.000000
-0.075479 -0.059370 0.261000 -0.752377 0.569691 0.330728 0.000000
-0.071468 -0.061190 0.269000 -0.278951 0.493256 0.823945 0.000000
-0.065385 -0.061417 0.270000 -0.234907 -0.320348 -0.917712 0.000000
-0.057943 -0.060280 0.265000 0.045533 0.448351 0.892697 0.000000
-0.121042 -0.059432 0.264000 0.553917 0.209146 0.805875 0.000000
-0.113530 -0.058756 0.261000 0.351677 0.406579 0.843218 0.000000
-0.106158 -0.058081 0.258000 0.532659 0.214737 0.818635 0.000000
-0.093315 -0.054479 0.242000 -0.353786 -0.551005 0.755797 0.000000
-0.088711 -0.055155 0.245000 -0.344446 -0.363072 0.865757 0.000000
-0.082273 -0.054704 0.243000 0.233696 -0.361897 0.902450 0.000000
-0.076968 -0.055830 0.248000 -0.809597 0.213111 0.546934 0.000000
-0.074866 -0.058756 0.261000 -0.701931 0.626599 0.338625 0.000000
-0.070572 -0.060332 0.268000 -0.272651 0.523580 0.807171 0.000000
-0.064510 -0.060557 0.269000 -0.215020 -0.277248 -0.936429 0.000000
-0.057536 -0.059882 0.266000 0.045533 0.448351 0.892697 0.000000
-0.121042 -0.058811 0.264000 0.554266 0.224773 0.801415 0.000000
-0.112660 -0.057697 0.259000 0.313133 0.271374 0.910112 0.000000
-0.096558 -0.054133 0.243000 -0.008401 0.658680 -0.752376 0.000000
-0.091218 -0.054356 0.244000 -0.354755 -0.503092 0.788065 0.000000
-0.085831 -0.054578 0.245000 0.098805 -0.385880 0.917243 0.000000
-0.079416 -0.054133 0.243000 -0.340147 -0.477979 0.809837 0.000000
-0.075522 -0.055469 0.249000 -0.776527 0.381001 0.501841 0.000000
-0.073864 -0.058811 0.264000 -0.660000 0.579949 0.477555 0.000000
-0.068681 -0.059702 0.268000 -0.138158 0.611154 0.779360 0.000000
-0.062380 -0.059702 0.268000 -0.250660 -0.374037 -0.892897 0.000000
-0.126657 -0.059072 0.268000 0.521083 0.382939 0.762778 0.000000
-0.114207 -0.056647 0.257000 0.363040 0.271430 0.891363 0.000000
-0.107978 -0.056868 0.258000 0.523304 0.179366 0.833055 0.000000
-0.095415 -0.053561 0.243000 0.185596 0.653057 -0.734214 0.000000
-0.090439 -0.054002 0.245000 -0.349380 -0.437650 0.828490 0.000000
-0.084678 -0.054002 0.245000 0.182900 -0.425295 0.886381 0.000000
-0.078595 -0.053782 0.244000 -0.432869 -0.533072 0.726951 0.000000
-0.074650 -0.055104 0.250000 -0.767755 0.287218 0.572764 0.000000
-0.072622 -0.058190 0.264000 -0.517837 0.694696 0.499242 0.000000
-0.067169 -0.058852 0.267000 -0.013168 0.616518 0.787231 0.000000
-0.060891 -0.058852 0.267000 0.210703 0.471013 0.856592 0.000000
-0.127588 -0.058006 0.266000 0.535466 0.288709 0.793677 0.000000
-0.118893 -0.057133 0.262000 0.553752 0.325467 0.766440 0.000000
-0.110581 -0.056043 0.257000 0.433111 0.277480 0.857566 0.000000
-0.100470 -0.053862 0.247000 -0.312983 0.662031 -0.680997 0.000000
-0.093129 -0.052990 0.243000 0.295466 0.592436 -0.749480 0.000000
-0.088135 -0.053426 0.245000 -0.236919 -0.350217 0.906210 0.000000
-0.082374 -0.053426 0.245000 -0.113990 0.567375 -0.815532 0.000000
-0.077239 -0.053862 0.247000 -0.551252 -0.536270 0.639168 0.000000
-0.073455 -0.055389 0.254000 -0.712852 0.384073 0.586796 0.000000
-0.070405 -0.057788 0.265000 -0.314162 0.763846 0.563774 0.000000
-0.064658 -0.058224 0.267000 0.109283 0.634480 0.765175 0.000000
-0.058161 -0.058006 0.266000 0.030651 0.397588 0.917052 0.000000
-0.126338 -0.057380 0.266000 0.535466 0.288709 0.793677 0.000000
-0.117374 -0.056086 0.260000 0.569813 0.251954 0.782197 0.000000
-0.108693 -0.054792 0.254000 0.520224 0.165730 0.837795 0.000000
-0.099081 -0.052850 0.245000 -0.240210 0.702424 -0.670000 0.000000
-0.092939 -0.052634 0.244000 -0.255976 -0.545072 0.798357 0.000000
-0.087559 -0.052850 0.245000 -0.131547 -0.341366 0.930680 0.000000
-0.081798 -0.052850 0.245000 -0.020904 0.625118 -0.780251 0.000000
-0.076658 -0.053282 0.247000 -0.515520 -0.544820 0.661370 0.000000
-0.072571 -0.054576 0.253000 -0.576641 0.225067 0.785385 0.000000
-0.069518 -0.056949 0.264000 -0.211760 0.821328 0.529696 0.000000
-0.063311 -0.056949 0.264000 0.094395 0.763057 0.639401 0.000000
-0.057552 -0.058027 0.269000 0.014935 0.391111 0.920222 0.000000
-0.125712 -0.056755 0.266000 0.489009 0.258312 0.833154 0.000000
-0.115865 -0.055048 0.258000 0.531540 0.163702 0.831064 0.000000
-0.106819 -0.053554 0.251000 0.561166 0.035304 0.826950 0.000000
-0.098103 -0.052061 0.244000 -0.191572 0.714747 -0.672634 0.000000
-0.092365 -0.052061 0.244000 -0.246184 -0.543511 0.802489 0.000000
-0.087338 -0.052487 0.246000 -0.111249 -0.410871 0.904881 0.000000
-0.081222 -0.052274 0.245000 0.076207 0.653980 -0.752663 0.000000
-0.076385 -0.052914 0.248000 -0.595954 -0.470900 0.650456 0.000000
-0.072260 -0.054194 0.254000 -0.547100 -0.048638 0.835653 0.000000
-0.068376 -0.055901 0.262000 -0.228445 0.749363 0.621505 0.000000
-0.061978 -0.055688 0.261000 -0.016198 0.740730 0.671608 0.000000
-0.129465 -0.056129 0.266000 0.561326 0.311915 0.766565 0.000000
-0.123210 -0.056129 0.266000 0.371309 0.098599 0.923260 0.000000
-0.111679 -0.053597 0.254000 0.572994 0.059848 0.817371 0.000000
-0.102794 -0.052120 0.247000 0.361330 -0.636005 0.681864 0.000000
-0.095808 -0.051487 0.244000 -0.121566 0.688459 -0.715014 0.000000
-0.090439 -0.051698 0.245000 -0.246188 -0.480871 0.841519 0.000000
-0.085370 -0.052120 0.247000 0.035537 -0.475111 0.879208 0.000000
-0.078595 -0.051487 0.244000 -0.378803 -0.600520 0.704190 0.000000
-0.074351 -0.052542 0.249000 -0.656063 -0.370529 0.657487 0.000000
-0.070697 -0.054230 0.257000 -0.697624 0.416657 0.582854 0.000000
-0.064905 -0.054441 0.258000 0.029248 0.767229 0.640706 0.000000
-0.059295 -0.054863 0.260000 -0.763046 0.412818 0.497335 0.000000
-0.125087 -0.055504 0.266000 0.299705 0.150442 0.942096 0.000000
-0.114364 -0.053417 0.256000 0.444859 0.134927 0.885379 0.000000
-0.105382 -0.051957 0.249000 0.432283 -0.493615 0.754636 0.000000
-0.098328 -0.051331 0.246000 -0.245858 0.686157 -0.684648 0.000000
-0.092168 -0.051122 0.245000 -0.205591 -0.531969 0.821426 0.000000
-0.087112 -0.051539 0.247000 -0.128753 -0.373867 0.918502 0.000000
-0.080975 -0.051331 0.246000 -0.174152 -0.624855 0.761070 0.000000
-0.076108 -0.051957 0.249000 -0.565768 -0.534149 0.628164 0.000000
-0.071381 -0.052791 0.253000 -0.474921 -0.440962 0.761579 0.000000
-0.066725 -0.053834 0.258000 -0.135548 0.742279 0.656239 0.000000
-0.060423 -0.053626 0.257000 -0.420929 0.903290 0.082976 0.000000
-0.125388 -0.054466 0.264000 0.423138 0.284641 0.860194 0.000000
-0.116471 -0.053228 0.258000 0.434898 0.170928 0.884108 0.000000
-0.106981 -0.051577 0.250000 0.513543 -0.396311 0.761059 0.000000
-0.099890 -0.050958 0.247000 0.314996 -0.605990 0.730448 0.000000
-0.093701 -0.050752 0.246000 0.004955 -0.602749 0.797915 0.000000
-0.087916 -0.050752 0.246000 -0.195379 -0.405705 0.892878 0.000000
-0.082800 -0.051165 0.248000 -0.046023 -0.533031 0.844843 0.000000
-0.076968 -0.051165 0.248000 -0.517708 -0.564865 0.642578 0.000000
-0.071997 -0.051784 0.251000 -0.595686 -0.406699 0.692643 0.000000
-0.066208 -0.052815 0.256000 0.138343 0.922111 -0.361349 0.000000
-0.059953 -0.052609 0.255000 -0.049231 0.876480 -0.478914 0.000000
-0.124767 -0.053845 0.264000 0.423138 0.284641 0.860194 0.000000
-0.114966 -0.052213 0.256000 0.482332 0.121724 0.867490 0.000000
-0.106393 -0.050989 0.250000 0.434997 -0.464977 0.771086 0.000000
-0.099711 -0.050582 0.248000 0.320141 -0.608079 0.726464 0.000000
-0.093501 -0.050378 0.247000 -0.020676 -0.552736 0.833100 0.000000
-0.087693 -0.050378 0.247000 -0.154705 -0.393214 0.906338 0.000000
-0.081885 -0.050378 0.247000 -0.100198 -0.577649 0.810113 0.000000
-0.076693 -0.050786 0.249000 -0.514333 -0.549861 0.658114 0.000000
-0.071692 -0.051397 0.252000 -0.455114 -0.491420 0.742548 0.000000
-0.066549 -0.052009 0.255000 0.182021 0.658368 -0.730356 0.000000
-0.060315 -0.051805 0.254000 0.007433 0.908411 -0.418013 0.000000
-0.125054 -0.052821 0.262000 0.382164 0.298537 0.874544 0.000000
-0.117078 -0.052014 0.258000 0.447051 0.156893 0.880642 0.000000
-0.107999 -0.050603 0.251000 0.490905 -0.413564 0.766797 0.000000
-0.101284 -0.050200 0.249000 0.398877 -0.511497 0.761097 0.000000
-0.094662 -0.049797 0.247000 0.191368 -0.619124 0.761619 0.000000
-0.088854 -0.049797 0.247000 -0.116762 -0.393017 0.912088 0.000000
-0.083383 -0.049998 0.248000 -0.112826 -0.444739 0.888525 0.000000
-0.077864 -0.050200 0.249000 -0.466237 -0.614148 0.636746 0.000000
-0.072877 -0.050805 0.252000 -0.545718 -0.476147 0.689547 0.000000
-0.067482 -0.051208 0.254000 0.215532 0.628522 -0.747332 0.000000
-0.061510 -0.051208 0.254000 0.049912 0.949741 -0.309033 0.000000
-0.128134 -0.052205 0.262000 0.501383 0.260140 0.825192 0.000000
-0.121973 -0.052205 0.262000 0.368547 0.253310 0.894431 0.000000
-0.111392 -0.050212 0.252000 0.510734 -0.432764 0.742877 0.000000
-0.105048 -0.050013 0.251000 0.438147 -0.413751 0.798021 0.000000
-0.097961 -0.049415 0.248000 0.277761 -0.532139 0.799798 0.000000
-0.091758 -0.049216 0.247000 -0.049516 -0.471001 0.880742 0.000000
-0.086298 -0.049415 0.248000 -0.155826 -0.313789 0.936619 0.000000
-0.080467 -0.049415 0.248000 -0.370321 -0.573510 0.730717 0.000000
-0.075839 -0.050212 0.252000 -0.560432 -0.500849 0.659596 0.000000
-0.070191 -0.050412 0.253000 0.220343 0.571534 -0.790442 0.000000
-0.064496 -0.050611 0.254000 0.055523 0.809783 -0.584096 0.000000
-0.058524 -0.050611 0.254000 -0.049231 0.876480 -0.478914 0.000000
-0.123349 -0.051392 0.261000 0.406859 0.245194 0.879969 0.000000
-0.114517 -0.050210 0.255000 0.545358 -0.100931 0.832104 0.000000
-0.107245 -0.049620 0.252000 0.474777 -0.481199 0.736909 0.000000
-0.099927 -0.049226 0.250000 0.359728 -0.491806 0.792920 0.000000
-0.092920 -0.048635 0.247000 -0.016678 -0.501405 0.865052 0.000000
-0.087465 -0.048832 0.248000 -0.098958 -0.243756 0.964775 0.000000
-0.081633 -0.048832 0.248000 -0.244467 -0.542908 0.803422 0.000000
-0.077024 -0.049620 0.252000 -0.473005 -0.543395 0.693533 0.000000
-0.071381 -0.049817 0.253000 -0.417303 -0.495825 0.761587 0.000000
-0.065691 -0.050014 0.254000 0.095536 0.791175 -0.604082 0.000000
-0.059718 -0.050014 0.254000 -0.049231 0.876480 -0.478914 0.000000
-0.124576 -0.050778 0.261000 0.294328 0.250165 0.922382 0.000000
-0.116170 -0.049805 0.256000 0.361491 -0.416039 0.834407 0.000000
-0.109290 -0.049416 0.254000 0.523311 -0.422210 0.740192 0.000000
-0.080206 -0.048444 0.249000 -0.497095 -0.491566 0.715024 0.000000
-0.075545 -0.049222 0.253000 -0.486175 -0.579797 0.653812 0.000000
-0.070147 -0.049611 0.255000 0.264236 0.633855 -0.726916 0.000000
-0.064151 -0.049611 0.255000 0.030017 0.792044 -0.609726 0.000000
-0.058154 -0.049611 0.255000 -0.128854 0.889458 -0.438476 0.000000
-0.122876 -0.049972 0.260000 0.418747 -0.049317 0.906763 0.000000
-0.114966 -0.049203 0.256000 0.432040 -0.440132 0.787162 0.000000
-0.080528 -0.048050 0.250000 -0.490764 -0.354058 0.796111 0.000000
-0.075545 -0.048627 0.253000 -0.500989 -0.537199 0.678548 0.000000
-0.070422 -0.049203 0.256000 -0.440308 -0.550337 0.709407 0.000000
-0.064402 -0.049203 0.256000 0.030017 0.792044 -0.609726 0.000000
-0.058154 -0.049011 0.255000 -0.008067 0.873991 -0.485875 0.000000
-0.123488 -0.049361 0.260000 0.418747 -0.049317 0.906763 0.000000
-0.116020 -0.048791 0.257000 0.373808 -0.510011 0.774697 0.000000
-0.078802 -0.047842 0.252000 -0.576986 -0.300110 0.759619 0.000000
-0.073744 -0.048412 0.255000 -0.499423 -0.442400 0.744889 0.000000
-0.068280 -0.048791 0.257000 0.262636 0.626227 -0.734072 0.000000
-0.062479 -0.048981 0.258000 -0.098083 0.859315 -0.501953 0.000000
-0.056412 -0.048981 0.258000 0.101631 0.900073 -0.423721 0.000000
-0.125804 -0.048937 0.261000 0.391497 0.220711 0.893318 0.000000
-0.118750 -0.048562 0.259000 -0.160385 0.502285 -0.849698 0.000000
-0.113095 -0.048750 0.260000 0.519332 -0.544731 0.658455 0.000000
-0.071905 -0.048187 0.257000 -0.567315 -0.411247 0.713463 0.000000
-0.066375 -0.048562 0.259000 0.308511 0.688754 -0.656078 0.000000
-0.060052 -0.048375 0.258000 -0.021476 0.868380 -0.495434 0.000000
-0.131967 -0.049249 0.266000 0.724747 0.104655 0.681021 0.000000
-0.122404 -0.047953 0.259000 0.417976 0.060092 0.906468 0.000000
-0.116763 -0.048138 0.260000 -0.227193 0.575686 -0.785474 0.000000
-0.072510 -0.047583 0.257000 -0.575241 -0.418130 0.703040 0.000000
-0.066984 -0.047953 0.259000 0.366998 0.660911 -0.654607 0.000000
-0.061129 -0.048138 0.260000 0.096307 0.904185 -0.416142 0.000000
-0.055659 -0.049249 0.266000 -0.797766 -0.480034 0.364880 0.000000
-0.124711 -0.047527 0.260000 -0.044645 0.023571 0.998725 0.000000
-0.119053 -0.047710 0.261000 -0.036149 0.845392 -0.532922 0.000000
-0.071578 -0.047161 0.258000 -0.607688 -0.359374 0.708213 0.000000
-0.066274 -0.047710 0.261000 0.372549 0.736627 -0.564436 0.000000
-0.060137 -0.047710 0.261000 0.176469 0.906307 -0.384012 0.000000
-0.056454 -0.050452 0.276000 0.434257 0.648601 -0.625090 0.000000
-0.124711 -0.046915 0.260000 0.135148 0.112151 -0.984458 0.000000
-0.119965 -0.047457 0.263000 0.061436 0.813730 -0.577987 0.000000
-0.068811 -0.046735 0.259000 -0.513430 -0.558163 0.651800 0.000000
-0.063447 -0.047276 0.262000 0.264864 0.884715 -0.383570 0.000000
-0.057287 -0.047276 0.262000 0.172580 0.908223 -0.381244 0.000000
-0.131341 -0.047373 0.266000 0.771041 -0.011378 0.636684 0.000000
-0.123206 -0.046660 0.262000 0.368250 0.163404 -0.915255 0.000000
-0.118832 -0.047373 0.266000 -0.204143 0.875317 -0.438345 0.000000
-0.064926 -0.046838 0.263000 0.387881 0.831824 -0.397011 0.000000
-0.058742 -0.046838 0.263000 0.183948 0.911081 -0.368910 0.000000
-0.135353 -0.047274 0.269000 0.999557 0.022176 0.019836 0.000000
-0.123963 -0.045868 0.261000 0.439297 0.309028 -0.843517 0.000000
-0.120534 -0.046923 0.267000 -0.126576 0.925433 -0.357144 0.000000
-0.064552 -0.046396 0.264000 0.397304 0.826044 -0.399750 0.000000
-0.058345 -0.046396 0.264000 0.155088 0.934226 -0.321199 0.000000
-0.134720 -0.046642 0.269000 0.990905 -0.128176 -0.040968 0.000000
-0.123963 -0.045255 0.261000 0.439297 0.309028 -0.843517 0.000000
-0.120986 -0.046468 0.268000 0.009779 0.927999 -0.372456 0.000000
-0.063790 -0.046122 0.266000 0.372861 0.859086 -0.350637 0.000000
-0.057536 -0.046122 0.266000 0.168135 0.923616 -0.344478 0.000000
-0.133589 -0.045838 0.268000 0.942336 -0.324594 0.081499 0.000000
-0.125239 -0.045325 0.265000 0.777183 0.573818 -0.258302 0.000000
-0.121254 -0.046180 0.270000 0.002232 0.901820 -0.432105 0.000000
-0.060891 -0.045667 0.267000 0.234594 0.893314 -0.383347 0.000000
-0.055227 -0.046180 0.270000 0.292150 0.806124 -0.514600 0.000000
-0.125804 -0.044027 0.261000 0.084612 -0.054804 0.994906 0.000000
-0.124710 -0.045883 0.272000 -0.121345 0.822497 -0.555675 0.000000
-0.062380 -0.045208 0.268000 0.335090 0.856790 -0.391950 0.000000
-0.056287 -0.045377 0.269000 0.257997 0.884604 -0.388474 0.000000
-0.125804 -0.043414 0.261000 0.218707 -0.042060 0.974884 0.000000
-0.125627 -0.045576 0.274000 -0.039106 0.682532 -0.729809 0.000000
-0.060715 -0.044744 0.269000 0.275624 0.869026 -0.410883 0.000000
-0.054794 -0.045077 0.271000 0.296556 0.755671 -0.583966 0.000000
-0.125531 -0.043128 0.263000 0.898079 0.380625 -0.220406 0.000000
-0.124339 -0.044932 0.274000 -0.189687 0.697087 -0.691440 0.000000
-0.057980 -0.044440 0.271000 0.181425 0.849784 -0.494927 0.000000
-0.128259 -0.042186 0.261000 0.944215 0.189996 0.268997 0.000000
-0.128491 -0.044611 0.276000 0.084003 0.571680 -0.816165 0.000000
-0.058194 -0.043964 0.272000 0.052534 0.848370 -0.526790 0.000000
-0.126545 -0.041413 0.260000 0.811936 0.228158 -0.537312 0.000000
-0.124146 -0.043802 0.275000 -0.039057 0.628389 -0.776918 0.000000
-0.054704 -0.044121 0.277000 -0.583242 0.313369 -0.749419 0.000000
-0.127908 -0.042685 0.272000 0.714178 -0.666821 -0.212837 0.000000
-0.056482 -0.042842 0.273000 -0.271204 0.706877 -0.653278 0.000000
-0.126418 -0.040345 0.261000 0.971041 0.136194 -0.196290 0.000000
-0.124597 -0.042664 0.276000 -0.042754 0.461643 -0.886035 0.000000
-0.054956 -0.042509 0.275000 -0.488171 0.359295 -0.795359 0.000000
-0.126008 -0.040188 0.264000 0.939077 0.121225 -0.321618 0.000000
-0.122206 -0.041862 0.275000 -0.137228 0.447544 -0.883670 0.000000
-0.055156 -0.042015 0.276000 -0.614296 0.215271 -0.759144 0.000000
-0.126008 -0.039567 0.264000 0.950963 0.076601 -0.299670 0.000000
-0.121117 -0.041066 0.274000 -0.137228 0.447544 -0.883670 0.000000
-0.109595 -0.040616 0.271000 -0.503202 0.633543 -0.587716 0.000000
-0.129982 -0.038651 0.262000 0.977278 -0.046276 -0.206848 0.000000
-0.126968 -0.039832 0.270000 0.929025 -0.306030 -0.207985 0.000000
-0.121559 -0.040569 0.275000 0.021271 0.111800 -0.993503 0.000000
-0.114256 -0.040274 0.273000 -0.289851 0.578691 -0.762301 0.000000
-0.076676 -0.038799 0.263000 0.372848 0.837108 -0.400293 0.000000
-0.129982 -0.038035 0.262000 0.977278 -0.046276 -0.206848 0.000000
-0.126497 -0.039052 0.269000 0.922709 -0.203498 -0.327410 0.000000
-0.122650 -0.040068 0.276000 0.253722 -0.026169 -0.966923 0.000000
-0.115319 -0.039777 0.274000 -0.369338 0.416332 -0.830817 0.000000
-0.076300 -0.038616 0.266000 -0.695420 -0.592235 0.407000 0.000000
-0.054902 -0.040358 0.278000 -0.462899 0.291495 -0.837112 0.000000
-0.125804 -0.037276 0.261000 0.925468 -0.120649 -0.359101 0.000000
-0.124792 -0.039276 0.275000 0.612040 -0.180353 -0.769987 0.000000
-0.117896 -0.039133 0.274000 -0.345967 0.208066 -0.914885 0.000000
-0.075049 -0.037991 0.266000 -0.683107 -0.602922 0.412128 0.000000
-0.055400 -0.039133 0.274000 -0.698522 0.217377 -0.681773 0.000000
-0.125933 -0.036522 0.260000 0.824988 -0.254476 -0.504615 0.000000
-0.125169 -0.038348 0.273000 0.913507 -0.185372 -0.362137 0.000000
-0.119619 -0.038629 0.275000 0.262796 -0.068493 -0.962417 0.000000
-0.076874 -0.037646 0.268000 -0.753748 -0.487099 0.441133 0.000000
-0.059264 -0.038910 0.277000 -0.302529 0.295515 -0.906172 0.000000
-0.129486 -0.036049 0.261000 0.913070 -0.186726 -0.362543 0.000000
-0.125239 -0.036602 0.265000 0.920479 -0.205789 -0.332218 0.000000
-0.123050 -0.037845 0.274000 0.525436 -0.106520 -0.844139 0.000000
-0.117884 -0.038259 0.277000 -0.262754 0.331633 -0.906079 0.000000
-0.071922 -0.036740 0.266000 -0.593797 -0.685776 0.420852 0.000000
-0.056689 -0.037845 0.274000 -0.679576 0.102800 -0.726366 0.000000
-0.129486 -0.035435 0.261000 0.774393 -0.283624 -0.565573 0.000000
-0.124767 -0.035843 0.264000 0.904214 -0.248924 -0.347036 0.000000
-0.123050 -0.037200 0.274000 0.707506 0.043314 -0.705378 0.000000
-0.118310 -0.037743 0.278000 0.240962 0.199277 -0.949856 0.000000
-0.070835 -0.036521 0.269000 -0.610702 -0.696854 0.376081 0.000000
-0.055198 -0.037065 0.273000 -0.754577 0.085176 -0.650660 0.000000
-0.127276 -0.034555 0.259000 0.728539 -0.352166 -0.587546 0.000000
-0.124461 -0.035489 0.266000 0.916155 -0.291068 -0.275569 0.000000
-0.122206 -0.036689 0.275000 0.563871 0.069540 -0.822930 0.000000
-0.073798 -0.035489 0.266000 -0.791330 -0.404428 0.458515 0.000000
-0.069433 -0.036823 0.276000 -0.576855 -0.653291 0.490356 0.000000
-0.055198 -0.036423 0.273000 -0.763796 0.049019 -0.643594 0.000000
-0.128379 -0.034077 0.260000 0.728539 -0.352166 -0.587546 0.000000
-0.124146 -0.034601 0.264000 0.852207 -0.384614 -0.354705 0.000000
-0.122406 -0.035912 0.274000 0.862336 0.153450 -0.482524 0.000000
-0.071202 -0.035125 0.268000 -0.771611 -0.474773 0.423329 0.000000
-0.061660 -0.036567 0.279000 -0.067728 0.574908 -0.815410 0.000000
-0.054112 -0.035912 0.274000 -0.677740 -0.031825 -0.734612 0.000000
-0.126058 -0.033337 0.259000 0.801645 -0.346358 -0.487238 0.000000
-0.122876 -0.034495 0.268000 0.973058 0.109653 -0.202815 0.000000
-0.070590 -0.035782 0.278000 -0.650226 -0.525999 0.548207 0.000000
-0.064284 -0.035911 0.279000 0.218085 0.745442 -0.629885 0.000000
-0.056689 -0.035267 0.274000 -0.587875 -0.152047 -0.794534 0.000000
-0.138513 -0.034623 0.274000 0.868795 -0.366226 -0.333276 0.000000
-0.124711 -0.032854 0.260000 0.841978 -0.345488 -0.414381 0.000000
-0.121889 -0.034118 0.270000 0.956576 0.185929 -0.224483 0.000000
-0.067564 -0.035255 0.279000 0.552410 0.570604 -0.607663 0.000000
-0.060785 -0.035129 0.278000 -0.294791 0.297575 -0.908046 0.000000
-0.053272 -0.034497 0.273000 -0.657236 -0.131669 -0.742095 0.000000
-0.124840 -0.032119 0.259000 0.858110 -0.297158 -0.418742 0.000000
-0.122523 -0.033483 0.270000 0.969635 0.172224 -0.173628 0.000000
-0.062972 -0.034599 0.279000 -0.065787 0.702474 -0.708662 0.000000
-0.054794 -0.033607 0.271000 -0.728319 -0.045564 -0.683721 0.000000
-0.127276 -0.031510 0.259000 0.753748 -0.377159 -0.538159 0.000000
-0.123525 -0.032118 0.264000 0.968888 -0.137243 -0.205961 0.000000
-0.123539 -0.033821 0.278000 0.479588 0.246650 -0.842116 0.000000
-0.053957 -0.032848 0.270000 -0.744504 -0.073587 -0.663551 0.000000
-0.126058 -0.030901 0.259000 0.945739 -0.168899 -0.277582 0.000000
-0.123673 -0.031855 0.267000 0.985144 0.112926 -0.129378 0.000000
-0.061660 -0.033645 0.282000 -0.263186 0.303081 -0.915901 0.000000
-0.052687 -0.032213 0.270000 -0.741985 -0.098148 -0.663193 0.000000
-0.124358 -0.030175 0.258000 0.950696 -0.117036 -0.287193 0.000000
-0.124710 -0.031812 0.272000 0.978226 0.062553 -0.197891 0.000000
-0.054592 -0.031578 0.270000 -0.711952 -0.098785 -0.695245 0.000000
-0.124965 -0.029568 0.258000 0.975019 -0.034052 -0.219498 0.000000
-0.125627 -0.031402 0.274000 0.948640 0.095922 -0.301465 0.000000
-0.051667 -0.030714 0.268000 -0.888501 -0.045916 -0.456572 0.000000
-0.124358 -0.028961 0.258000 0.975019 -0.034052 -0.219498 0.000000
-0.126086 -0.030870 0.275000 0.950789 0.013309 -0.309554 0.000000
-0.050782 -0.030308 0.270000 -0.918347 -0.075461 -0.388516 0.000000
-0.124965 -0.028355 0.258000 0.995634 0.015056 -0.092117 0.000000
-0.126807 -0.030553 0.278000 0.702606 0.101183 -0.704348 0.000000
-0.053557 -0.029454 0.268000 -0.887964 -0.079723 -0.452950 0.000000
-0.127391 -0.027748 0.258000 0.999810 0.009266 -0.017167 0.000000
-0.125087 -0.028608 0.266000 0.971049 0.238257 -0.017239 0.000000
-0.079752 -0.028501 0.265000 -0.682520 -0.004347 0.730854 0.000000
-0.073798 -0.028608 0.266000 -0.771275 -0.076326 0.631909 0.000000
-0.050782 -0.029039 0.270000 -0.887964 -0.079723 -0.452950 0.000000
-0.124358 -0.027141 0.258000 0.987660 0.152289 -0.036545 0.000000
-0.120477 -0.029456 0.280000 0.155901 0.161846 -0.974423 0.000000
-0.076968 -0.027773 0.264000 -0.677058 -0.005977 0.735905 0.000000
-0.053557 -0.028193 0.268000 -0.887964 -0.079723 -0.452950 0.000000
-0.126897 -0.026432 0.257000 0.996267 0.086308 0.001620 0.000000
-0.126497 -0.027666 0.269000 0.967796 0.244385 -0.060394 0.000000
-0.080697 -0.026946 0.262000 -0.651375 0.087266 0.753721 0.000000
-0.075390 -0.027255 0.265000 -0.761755 -0.024120 0.647416 0.000000
-0.050705 -0.028077 0.273000 -0.983437 -0.050645 -0.174033 0.000000
-0.124358 -0.025928 0.258000 0.991732 0.037797 -0.122633 0.000000
-0.119187 -0.027838 0.277000 0.390729 -0.054206 -0.918908 0.000000
-0.076347 -0.026531 0.264000 -0.717957 0.016864 0.695883 0.000000
-0.127608 -0.025125 0.256000 0.999121 0.035364 0.022494 0.000000
-0.126338 -0.026107 0.266000 0.970940 0.227269 -0.074993 0.000000
-0.052729 -0.026205 0.267000 -0.932724 -0.141682 -0.331590 0.000000
-0.125084 -0.024619 0.257000 0.968325 -0.071011 -0.239383 0.000000
-0.122453 -0.026822 0.280000 0.621424 -0.007484 -0.783439 0.000000
-0.050970 -0.025960 0.271000 -0.985959 -0.111951 -0.123902 0.000000
-0.126812 -0.024949 0.267000 0.969079 0.240790 -0.053908 0.000000
-0.118973 -0.025697 0.275000 -0.029754 -0.689187 -0.723972 0.000000
-0.126404 -0.023319 0.256000 0.990405 -0.113037 -0.079507 0.000000
-0.127908 -0.024777 0.272000 0.924021 0.381436 0.026301 0.000000
-0.118540 -0.024959 0.274000 -0.027546 -0.793298 -0.608210 0.000000
-0.127608 -0.022717 0.256000 0.999738 0.016674 0.015694 0.000000
-0.126338 -0.023605 0.266000 0.985340 0.164142 -0.046505 0.000000
-0.126403 -0.024847 0.280000 0.614582 -0.212012 -0.759829 0.000000
-0.055840 -0.024226 0.273000 -0.936054 -0.314004 -0.158761 0.000000
-0.127502 -0.022202 0.257000 0.988828 0.140380 0.050129 0.000000
-0.126657 -0.023152 0.268000 0.355765 0.563646 -0.745476 0.000000
-0.124846 -0.024016 0.278000 0.346817 -0.500184 -0.793432 0.000000
-0.056689 -0.023670 0.274000 -0.813501 -0.520590 -0.259233 0.000000
-0.129712 -0.021766 0.259000 0.933029 0.356508 -0.048575 0.000000
-0.126657 -0.022522 0.268000 0.845297 0.485267 -0.223582 0.000000
-0.123948 -0.023194 0.276000 0.446243 -0.469131 -0.762091 0.000000
-0.059906 -0.023530 0.280000 -0.157525 -0.675612 -0.720232 0.000000
-0.051819 -0.023446 0.279000 -0.878337 -0.176802 -0.444145 0.000000
-0.126657 -0.021892 0.268000 0.845297 0.485267 -0.223582 0.000000
-0.123050 -0.022382 0.274000 -0.354493 -0.806741 -0.472762 0.000000
-0.062765 -0.023199 0.284000 0.014445 -0.408812 -0.912504 0.000000
-0.052927 -0.021892 0.268000 -0.846213 -0.430897 0.313451 0.000000
-0.126902 -0.020786 0.262000 0.819412 -0.526577 0.226452 0.000000
-0.124889 -0.021500 0.271000 0.686923 0.496517 -0.530667 0.000000
-0.118079 -0.021420 0.270000 -0.200750 -0.792061 -0.576488 0.000000
-0.062986 -0.022372 0.282000 0.063614 -0.597056 -0.799673 0.000000
-0.053124 -0.021341 0.269000 -0.798969 -0.477423 0.365672 0.000000
-0.128491 -0.020323 0.264000 0.967565 0.250584 0.032032 0.000000
-0.123967 -0.020708 0.269000 0.287734 -0.144414 0.946759 0.000000
-0.117205 -0.020631 0.268000 -0.307803 -0.762165 -0.569528 0.000000
-0.063197 -0.021555 0.280000 0.221173 -0.802137 -0.554669 0.000000
-0.054389 -0.020708 0.269000 -0.752460 -0.551526 0.360032 0.000000
-0.131835 -0.019927 0.267000 0.975466 0.212298 0.058277 0.000000
-0.125865 -0.020076 0.269000 0.391168 -0.205536 0.897074 0.000000
-0.118206 -0.019852 0.266000 -0.226196 -0.784705 -0.577126 0.000000
-0.109847 -0.019479 0.261000 -0.346596 -0.699472 -0.624988 0.000000
-0.064284 -0.020822 0.279000 0.209876 -0.815707 -0.539049 0.000000
-0.055227 -0.020150 0.270000 -0.736726 -0.597882 0.315868 0.000000
-0.133455 -0.019443 0.269000 0.435519 -0.227877 0.870859 0.000000
-0.127130 -0.019443 0.269000 0.317183 -0.302049 0.898978 0.000000
-0.118559 -0.019082 0.264000 0.324485 0.638235 0.698116 0.000000
-0.111075 -0.018865 0.261000 -0.356802 -0.692961 -0.626496 0.000000
-0.102927 -0.018504 0.256000 -0.247834 -0.620831 -0.743738 0.000000
-0.066252 -0.020166 0.279000 0.389688 -0.800195 -0.455885 0.000000
-0.057980 -0.019588 0.271000 -0.784977 -0.614802 0.076355 0.000000
-0.053512 -0.020311 0.281000 -0.808292 0.098159 -0.580542 0.000000
-0.129350 -0.018951 0.271000 -0.013496 0.182906 -0.983038 0.000000
-0.118893 -0.018321 0.262000 -0.094018 -0.754928 -0.649033 0.000000
-0.111872 -0.018181 0.260000 0.357434 0.681208 0.638903 0.000000
-0.104131 -0.017902 0.256000 -0.170797 -0.698956 -0.694470 0.000000
-0.097728 -0.017832 0.255000 0.014121 -0.475133 -0.879801 0.000000
-0.074075 -0.018671 0.267000 -0.656534 0.392801 0.643949 0.000000
-0.069575 -0.019160 0.274000 0.462924 -0.783195 -0.415099 0.000000
-0.063593 -0.019300 0.276000 0.085303 -0.802677 -0.590282 0.000000
-0.056068 -0.018951 0.271000 -0.784977 -0.614802 0.076355 0.000000
-0.133173 -0.018313 0.271000 0.020334 0.394221 -0.918791 0.000000
-0.126333 -0.018246 0.270000 -0.013496 0.182906 -0.983038 0.000000
-0.115096 -0.017502 0.259000 0.516942 0.595667 0.614778 0.000000
-0.108164 -0.017367 0.257000 -0.303725 -0.712113 -0.632967 0.000000
-0.100929 -0.017165 0.254000 0.045438 -0.559114 -0.827845 0.000000
-0.095330 -0.017232 0.255000 0.019949 0.285744 0.958098 0.000000
-0.089334 -0.017232 0.255000 -0.257760 0.124192 0.958194 0.000000
-0.084318 -0.017435 0.258000 -0.468232 0.056089 0.881824 0.000000
-0.079465 -0.017705 0.262000 -0.668359 0.183079 0.720956 0.000000
-0.074423 -0.017975 0.266000 0.526664 -0.435258 -0.730189 0.000000
-0.069963 -0.018449 0.273000 0.501573 -0.733647 -0.458462 0.000000
-0.064242 -0.018651 0.276000 0.227176 -0.794021 -0.563846 0.000000
-0.056706 -0.018313 0.271000 -0.808130 -0.470379 -0.354499 0.000000
-0.132536 -0.017676 0.271000 0.334854 -0.268570 0.903185 0.000000
-0.124767 -0.017480 0.268000 0.116146 -0.422722 0.898786 0.000000
-0.113603 -0.016763 0.257000 0.460962 0.583327 0.668762 0.000000
-0.106722 -0.016633 0.255000 -0.270599 -0.728072 -0.629831 0.000000
-0.099936 -0.016502 0.253000 0.116800 -0.533938 -0.837417 0.000000
-0.094730 -0.016633 0.255000 -0.020303 0.324349 0.945720 0.000000
-0.088734 -0.016633 0.255000 -0.299548 0.129222 0.945290 0.000000
-0.083712 -0.016828 0.258000 -0.505993 0.068168 0.859840 0.000000
-0.078849 -0.017089 0.262000 -0.672741 0.202362 0.711666 0.000000
-0.073798 -0.017350 0.266000 0.515418 -0.500529 -0.695568 0.000000
-0.069321 -0.017807 0.273000 0.421714 -0.800185 -0.426453 0.000000
-0.063132 -0.017872 0.274000 0.019007 -0.582996 -0.812253 0.000000
-0.056275 -0.017741 0.272000 -0.491513 -0.626087 0.605335 0.000000
-0.131746 -0.017102 0.272000 -0.013496 0.182906 -0.983038 0.000000
-0.122585 -0.016725 0.266000 0.587642 0.054687 0.807271 0.000000
-0.111519 -0.016033 0.255000 0.396653 0.659204 0.638840 0.000000
-0.105109 -0.015970 0.254000 -0.075301 -0.671801 -0.736895 0.000000
-0.098747 -0.015907 0.253000 0.198152 -0.480081 -0.854551 0.000000
-0.093164 -0.015970 0.254000 -0.150415 0.203292 0.967496 0.000000
-0.087535 -0.016033 0.255000 -0.412417 0.085789 0.906947 0.000000
-0.082498 -0.016222 0.258000 -0.522211 0.122961 0.843905 0.000000
-0.077913 -0.016536 0.263000 -0.632524 0.303147 0.712751 0.000000
-0.072547 -0.016725 0.266000 0.520499 -0.592912 -0.614440 0.000000
-0.068286 -0.017228 0.274000 0.431195 -0.781850 -0.450314 0.000000
-0.061166 -0.017039 0.271000 0.194270 -0.203821 -0.959540 0.000000
-0.055805 -0.017353 0.276000 -0.798389 -0.534293 0.277680 0.000000
-0.129187 -0.016462 0.272000 -0.013496 0.182906 -0.983038 0.000000
-0.116923 -0.015675 0.259000 0.637941 0.432770 0.636979 0.000000
-0.108265 -0.015312 0.253000 0.286780 0.587971 0.756338 0.000000
-0.101912 -0.015252 0.252000 0.060838 -0.534911 -0.842715 0.000000
-0.096367 -0.015312 0.253000 0.232963 -0.446874 -0.863731 0.000000
-0.090775 -0.015373 0.254000 -0.183183 0.164498 0.969218 0.000000
-0.085804 -0.015554 0.257000 -0.440677 0.047512 0.896407 0.000000
-0.080692 -0.015736 0.260000 -0.541242 0.195716 0.817773 0.000000
-0.075726 -0.015978 0.264000 0.419491 -0.570873 -0.705784 0.000000
-0.070308 -0.016160 0.267000 0.484632 -0.729828 -0.482165 0.000000
-0.061803 -0.016402 0.271000 0.209656 -0.492356 -0.844766 0.000000
-0.056454 -0.016704 0.276000 -0.716175 -0.361108 0.597239 0.000000
-0.129187 -0.015823 0.272000 -0.013496 0.182906 -0.983038 0.000000
-0.116471 -0.015008 0.258000 0.625822 0.370377 0.686417 0.000000
-0.107409 -0.014601 0.251000 0.206598 0.516568 0.830948 0.000000
-0.101507 -0.014601 0.251000 -0.090845 0.471693 0.877071 0.000000
-0.096367 -0.014717 0.253000 0.238642 -0.385533 -0.891299 0.000000
-0.090775 -0.014776 0.254000 -0.191820 0.148950 0.970061 0.000000
-0.085804 -0.014950 0.257000 -0.428257 0.071044 0.900860 0.000000
-0.080692 -0.015125 0.260000 -0.524749 0.248868 0.814066 0.000000
-0.075726 -0.015357 0.264000 0.389929 -0.596739 -0.701325 0.000000
-0.069782 -0.015415 0.265000 0.403413 -0.724487 -0.558907 0.000000
-0.059671 -0.015706 0.270000 -0.807505 -0.419221 0.414956 0.000000
-0.055494 -0.016346 0.281000 -0.928336 0.281157 -0.243192 0.000000
-0.124767 -0.014960 0.268000 0.583809 -0.141248 0.799510 0.000000
-0.112719 -0.014234 0.255000 0.508933 0.492831 0.705766 0.000000
-0.104630 -0.013955 0.250000 -0.001656 0.301167 0.953570 0.000000
-0.099146 -0.014011 0.251000 -0.182285 0.323176 0.928617 0.000000
-0.093987 -0.014122 0.253000 -0.303388 0.306251 0.902312 0.000000
-0.086936 -0.014234 0.255000 -0.426449 0.068141 0.901941 0.000000
-0.081892 -0.014402 0.258000 -0.474163 0.189302 0.859846 0.000000
-0.077001 -0.014625 0.262000 0.347353 -0.582783 -0.734650 0.000000
-0.071381 -0.014736 0.264000 0.356739 -0.714977 -0.601287 0.000000
-0.062441 -0.015127 0.271000 0.357574 -0.398251 -0.844711 0.000000
-0.056896 -0.015351 0.275000 -0.654197 -0.395050 0.644951 0.000000
-0.127438 -0.014490 0.271000 0.334623 0.082727 0.938714 0.000000
-0.114364 -0.013688 0.256000 0.603539 0.384519 0.698488 0.000000
-0.105806 -0.013367 0.250000 0.002889 0.206622 0.978417 0.000000
-0.100327 -0.013421 0.251000 -0.170148 0.226622 0.959006 0.000000
-0.095177 -0.013528 0.253000 0.334722 -0.375423 -0.864303 0.000000
-0.087535 -0.013635 0.255000 -0.400707 0.033979 0.915576 0.000000
-0.081892 -0.013795 0.258000 -0.453970 0.230344 0.860728 0.000000
-0.076707 -0.013955 0.261000 0.313369 -0.477763 -0.820696 0.000000
-0.070840 -0.014009 0.262000 0.267950 -0.709977 -0.651257 0.000000
-0.058622 -0.014650 0.274000 -0.823962 -0.204645 0.528401 0.000000
-0.129350 -0.013853 0.271000 0.388676 -0.023513 0.921075 0.000000
-0.117532 -0.013239 0.259000 0.690521 0.258347 0.675602 0.000000
-0.107999 -0.012830 0.251000 0.278084 0.276995 0.919752 0.000000
-0.101691 -0.012779 0.250000 -0.110882 0.143251 0.983455 0.000000
-0.096962 -0.012933 0.253000 0.306099 -0.412475 -0.858002 0.000000
-0.091373 -0.012984 0.254000 -0.245813 0.072214 0.966624 0.000000
-0.086073 -0.013086 0.256000 -0.426243 0.054054 0.902992 0.000000
-0.080991 -0.013239 0.259000 -0.442822 0.280600 0.851571 0.000000
-0.075479 -0.013342 0.261000 0.257088 -0.530308 -0.807886 0.000000
-0.066292 -0.013597 0.266000 -0.546989 0.506371 0.666627 0.000000
-0.057543 -0.014057 0.275000 -0.805269 -0.233507 0.544993 0.000000
-0.126968 -0.013167 0.270000 0.591757 -0.058421 0.803997 0.000000
-0.113318 -0.012435 0.255000 0.603052 0.278929 0.747347 0.000000
-0.105218 -0.012191 0.250000 -0.034308 0.082238 0.996022 0.000000
-0.099737 -0.012240 0.251000 -0.152502 0.246128 0.957165 0.000000
-0.094582 -0.012338 0.253000 0.383167 -0.320558 -0.866271 0.000000
-0.089334 -0.012435 0.255000 -0.381899 -0.002895 0.924199 0.000000
-0.083992 -0.012533 0.257000 -0.397587 0.267647 0.877662 0.000000
-0.078555 -0.012630 0.259000 0.329586 -0.398795 -0.855766 0.000000
-0.072745 -0.012679 0.260000 0.024506 -0.571495 -0.820240 0.000000
-0.064030 -0.013020 0.267000 -0.724257 0.308858 0.616489 0.000000
-0.058836 -0.013411 0.275000 -0.814357 -0.159765 0.557940 0.000000
-0.128075 -0.012578 0.271000 0.508807 -0.049412 0.859461 0.000000
-0.114966 -0.011882 0.256000 0.675734 0.171753 0.716858 0.000000
-0.106393 -0.011604 0.250000 -0.018922 0.061559 0.997924 0.000000
-0.100917 -0.011650 0.251000 -0.160330 -0.004213 0.987054 0.000000
-0.095772 -0.011743 0.253000 0.339969 -0.332681 -0.879627 0.000000
-0.090178 -0.011789 0.254000 -0.298741 0.125677 0.946023 0.000000
-0.085200 -0.011929 0.257000 -0.380940 0.238423 0.893330 0.000000
-0.079773 -0.012021 0.259000 0.366536 -0.379943 -0.849290 0.000000
-0.073967 -0.012068 0.260000 0.001838 -0.525630 -0.850712 0.000000
-0.064416 -0.012346 0.266000 -0.674260 0.308515 0.670963 0.000000
-0.059699 -0.012810 0.276000 -0.822076 0.075228 0.564386 0.000000
-0.128075 -0.011941 0.271000 0.575968 -0.136458 0.806002 0.000000
-0.113918 -0.011236 0.255000 0.613352 0.149373 0.775556 0.000000
-0.105806 -0.011016 0.250000 -0.072073 -0.055800 0.995837 0.000000
-0.100727 -0.011104 0.252000 -0.148604 -0.050349 0.987614 0.000000
-0.095177 -0.011148 0.253000 0.349777 -0.320456 -0.880320 0.000000
-0.089934 -0.011236 0.255000 -0.336357 0.127109 0.933117 0.000000
-0.084925 -0.011368 0.258000 0.376579 -0.274880 -0.884664 0.000000
-0.079164 -0.011412 0.259000 0.337777 -0.375989 -0.862867 0.000000
-0.073074 -0.011412 0.259000 0.029126 -0.419875 -0.907115 0.000000
-0.067501 -0.011500 0.261000 -0.650325 0.412527 0.637886 0.000000
-0.062380 -0.011809 0.268000 -0.844364 0.098840 0.526574 0.000000
-0.057310 -0.012205 0.277000 -0.877677 -0.187822 0.440915 0.000000
-0.121202 -0.010970 0.263000 0.765699 0.049758 0.641271 0.000000
-0.110207 -0.010511 0.252000 0.498481 -0.008197 0.866862 0.000000
-0.103868 -0.010470 0.251000 -0.165537 -0.142948 0.975789 0.000000
-0.097966 -0.010470 0.251000 -0.051282 0.426621 0.902975 0.000000
-0.093164 -0.010595 0.254000 0.388533 -0.296551 -0.872410 0.000000
-0.087878 -0.010678 0.256000 -0.299079 0.236197 0.924534 0.000000
-0.082179 -0.010720 0.257000 0.371067 -0.339317 -0.864392 0.000000
-0.076728 -0.010803 0.259000 0.260172 -0.337552 -0.904638 0.000000
-0.070365 -0.010762 0.258000 0.146081 -0.362145 -0.920604 0.000000
-0.065794 -0.011012 0.264000 -0.720970 0.372647 0.584240 0.000000
-0.061392 -0.011346 0.272000 -0.828831 -0.008890 0.559429 0.000000
-0.056411 -0.011638 0.279000 -0.902369 -0.188729 0.387441 0.000000
-0.119667 -0.010273 0.261000 0.765224 0.029013 0.643110 0.000000
-0.109180 -0.009879 0.251000 0.343218 -0.072589 0.936447 0.000000
-0.103689 -0.009919 0.252000 -0.181006 -0.186257 0.965684 0.000000
-0.096988 -0.009840 0.250000 0.280157 -0.425524 -0.860489 0.000000
-0.092567 -0.009998 0.254000 0.398647 -0.286949 -0.871057 0.000000
-0.086674 -0.010076 0.256000 0.312039 -0.338321 -0.887790 0.000000
-0.081285 -0.010155 0.258000 0.360395 -0.371255 -0.855737 0.000000
-0.075510 -0.010194 0.259000 0.006170 -0.299281 -0.954145 0.000000
-0.069152 -0.010155 0.258000 -0.390682 0.405260 0.826518 0.000000
-0.064797 -0.010430 0.265000 -0.711581 0.325260 0.622783 0.000000
-0.060555 -0.010785 0.274000 -0.861703 0.014524 0.507205 0.000000
-0.055692 -0.011100 0.282000 -0.902476 -0.151271 0.403304 0.000000
-0.116624 -0.009511 0.257000 0.664466 -0.055736 0.745237 0.000000
-0.107139 -0.009215 0.249000 -0.074364 -0.269819 0.960035 0.000000
-0.102504 -0.009326 0.252000 -0.206694 -0.256228 0.944259 0.000000
-0.095812 -0.009252 0.250000 0.459829 -0.417884 -0.783537 0.000000
-0.091373 -0.009400 0.254000 0.350444 -0.298177 -0.887851 0.000000
-0.080970 -0.009511 0.257000 0.360190 -0.378127 -0.852809 0.000000
-0.075510 -0.009585 0.259000 0.037974 -0.345495 -0.937652 0.000000
-0.069152 -0.009548 0.258000 -0.393445 0.368971 0.842058 0.000000
-0.064552 -0.009770 0.264000 -0.736417 0.266882 0.621662 0.000000
-0.060555 -0.010140 0.274000 -0.861703 0.014524 0.507205 0.000000
-0.055692 -0.010437 0.282000 -0.919262 -0.182574 0.348747 0.000000
-0.116624 -0.008907 0.257000 0.664466 -0.055736 0.745237 0.000000
-0.107139 -0.008630 0.249000 -0.041359 -0.302508 0.952249 0.000000
-0.102097 -0.008699 0.251000 -0.200244 -0.304657 0.931175 0.000000
-0.095224 -0.008664 0.250000 0.429736 -0.376421 -0.820752 0.000000
-0.081257 -0.008872 0.256000 0.400921 -0.431638 -0.808054 0.000000
-0.076119 -0.008976 0.259000 0.120113 -0.339869 -0.932771 0.000000
-0.069759 -0.008942 0.258000 0.140414 -0.328703 -0.933937 0.000000
-0.065173 -0.009150 0.264000 -0.765288 0.186828 0.615979 0.000000
-0.060752 -0.009427 0.272000 -0.872006 0.041110 0.487766 0.000000
-0.055955 -0.009704 0.280000 -0.910650 -0.134018 0.390840 0.000000
-0.118141 -0.008367 0.259000 0.671919 -0.101772 0.733598 0.000000
-0.108157 -0.008077 0.250000 -0.058031 -0.339606 0.938776 0.000000
-0.103097 -0.008141 0.252000 -0.226864 -0.344100 0.911113 0.000000
-0.095429 -0.008044 0.249000 -0.482855 0.317968 0.815934 0.000000
-0.082738 -0.008238 0.255000 0.405824 -0.521113 -0.750831 0.000000
-0.077946 -0.008367 0.259000 0.340325 -0.350381 -0.872589 0.000000
-0.071578 -0.008335 0.258000 0.099064 -0.334186 -0.937286 0.000000
-0.066528 -0.008464 0.262000 -0.767630 0.179794 0.615157 0.000000
-0.061749 -0.008658 0.268000 -0.857146 0.243973 0.453627 0.000000
-0.057517 -0.008981 0.278000 -0.890597 -0.116348 0.439658 0.000000
-0.123836 -0.007968 0.266000 0.745418 -0.048833 0.664806 0.000000
-0.110800 -0.007549 0.252000 0.475700 -0.230530 0.848861 0.000000
-0.104874 -0.007549 0.252000 -0.137859 -0.431505 0.891515 0.000000
-0.096795 -0.007429 0.248000 -0.063162 0.204406 0.976846 0.000000
-0.092203 -0.007579 0.253000 0.395622 -0.384808 -0.833910 0.000000
-0.081539 -0.007638 0.255000 0.440527 -0.552227 -0.707800 0.000000
-0.076728 -0.007758 0.259000 0.287820 -0.339840 -0.895359 0.000000
-0.070365 -0.007728 0.258000 -0.209645 0.273169 0.938844 0.000000
-0.065794 -0.007908 0.264000 -0.738364 0.202658 0.643233 0.000000
-0.060940 -0.008088 0.270000 -0.874095 0.074626 0.479988 0.000000
-0.056411 -0.008357 0.279000 -0.913341 -0.109572 0.392177 0.000000
-0.119667 -0.007204 0.261000 0.653081 -0.189461 0.733205 0.000000
-0.109180 -0.006928 0.251000 -0.012034 -0.447485 0.894210 0.000000
-0.103689 -0.006956 0.252000 -0.167904 -0.464086 0.869731 0.000000
-0.096212 -0.006846 0.248000 -0.089551 0.088906 0.992006 0.000000
-0.092203 -0.006984 0.253000 0.365225 -0.369561 -0.854421 0.000000
-0.086254 -0.006984 0.253000 0.154331 -0.568467 -0.808101 0.000000
-0.080939 -0.007039 0.255000 0.443111 -0.533199 -0.720661 0.000000
-0.076119 -0.007149 0.259000 0.189917 -0.379912 -0.905317 0.000000
-0.069759 -0.007122 0.258000 0.296478 -0.413708 -0.860783 0.000000
-0.065420 -0.007315 0.265000 -0.727381 0.214758 0.651764 0.000000
-0.060529 -0.007481 0.271000 -0.882302 0.103083 0.459258 0.000000
-0.056155 -0.007757 0.281000 -0.925946 -0.156516 0.343696 0.000000
-0.118141 -0.006540 0.259000 0.635494 -0.216084 0.741252 0.000000
-0.108590 -0.006338 0.251000 -0.027848 -0.471679 0.881330 0.000000
-0.102504 -0.006363 0.252000 -0.249160 -0.491152 0.834679 0.000000
-0.095046 -0.006262 0.248000 -0.346969 0.220708 0.911537 0.000000
-0.090653 -0.006363 0.252000 0.283837 -0.464390 -0.838915 0.000000
-0.085064 -0.006389 0.253000 0.176894 -0.643503 -0.744723 0.000000
-0.080053 -0.006464 0.256000 0.451418 -0.506603 -0.734558 0.000000
-0.074901 -0.006540 0.259000 0.076923 -0.352749 -0.932551 0.000000
-0.068811 -0.006540 0.259000 -0.519544 0.344333 0.781990 0.000000
-0.064174 -0.006692 0.265000 -0.734151 0.231525 0.638293 0.000000
-0.059692 -0.006894 0.273000 -0.910267 -0.004849 0.413994 0.000000
-0.056004 -0.007247 0.287000 -0.924298 -0.169493 0.341973 0.000000
-0.117078 -0.005908 0.258000 0.608998 -0.275004 0.743972 0.000000
-0.108430 -0.005771 0.252000 -0.064079 -0.536370 0.841547 0.000000
-0.102911 -0.005794 0.253000 -0.177719 -0.498067 0.848731 0.000000
-0.095429 -0.005702 0.249000 -0.261674 0.145111 0.954185 0.000000
-0.090653 -0.005771 0.252000 0.216187 -0.458588 -0.861952 0.000000
-0.085064 -0.005794 0.253000 0.175566 -0.649602 -0.739725 0.000000
-0.080053 -0.005863 0.256000 0.451988 -0.555404 -0.698021 0.000000
-0.074612 -0.005908 0.258000 0.124426 -0.366167 -0.922193 0.000000
-0.068811 -0.005931 0.259000 -0.652326 0.304383 0.694134 0.000000
-0.064174 -0.006069 0.265000 -0.735400 0.222089 0.640206 0.000000
-0.059692 -0.006252 0.273000 -0.908145 0.032288 0.417409 0.000000
-0.146354 -0.006062 0.295000 0.789651 -0.136710 0.598132 0.000000
-0.116471 -0.005302 0.258000 0.579175 -0.316776 0.751139 0.000000
-0.107837 -0.005178 0.252000 -0.036879 -0.540947 0.840248 0.000000
-0.101319 -0.005178 0.252000 0.358558 -0.356652 0.862691 0.000000
-0.094636 -0.005137 0.250000 -0.338823 0.179609 0.923547 0.000000
-0.089468 -0.005178 0.252000 0.071323 -0.530263 -0.844828 0.000000
-0.083543 -0.005178 0.252000 0.241648 -0.643873 -0.725971 0.000000
-0.079157 -0.005281 0.257000 0.443370 -0.515723 -0.733112 0.000000
-0.073398 -0.005302 0.258000 0.046370 -0.458884 -0.887285 0.000000
-0.068115 -0.005363 0.261000 -0.758481 0.171075 0.628840 0.000000
-0.063165 -0.005466 0.266000 -0.774193 0.249809 0.581567 0.000000
-0.058836 -0.005651 0.275000 -0.919887 0.016362 0.391842 0.000000
-0.145251 -0.005405 0.297000 0.789651 -0.136710 0.598132 0.000000
-0.117986 -0.004731 0.260000 0.604612 -0.259228 0.753157 0.000000
-0.109290 -0.004622 0.254000 -0.013392 -0.646140 0.763102 0.000000
-0.102720 -0.004622 0.254000 0.162504 -0.500065 0.850604 0.000000
-0.095224 -0.004549 0.250000 -0.035240 -0.027940 0.998988 0.000000
-0.090061 -0.004586 0.252000 0.066197 -0.525425 -0.848261 0.000000
-0.084135 -0.004586 0.252000 0.174700 -0.621698 -0.763526 0.000000
-0.079141 -0.004640 0.255000 0.426864 -0.622142 -0.656297 0.000000
-0.074005 -0.004695 0.258000 0.146702 -0.578668 -0.802260 0.000000
-0.068465 -0.004731 0.260000 -0.663020 0.273564 0.696827 0.000000
-0.063551 -0.004822 0.265000 -0.719615 0.182335 0.670006 0.000000
-0.059266 -0.004986 0.274000 -0.918106 0.016758 0.395979 0.000000
-0.144553 -0.004706 0.297000 0.789651 -0.136710 0.598132 0.000000
-0.117374 -0.004120 0.260000 0.551335 -0.297639 0.779385 0.000000
-0.108693 -0.004025 0.254000 0.011360 -0.649171 0.760558 0.000000
-0.102123 -0.004025 0.254000 0.248129 -0.428064 0.869018 0.000000
-0.095015 -0.003977 0.251000 -0.107672 -0.124662 0.986340 0.000000
-0.088523 -0.003977 0.251000 0.047188 -0.486972 -0.872142 0.000000
-0.082621 -0.003977 0.251000 0.237372 -0.598785 -0.764926 0.000000
-0.078247 -0.004057 0.256000 0.411052 -0.607637 -0.679568 0.000000
-0.072228 -0.004057 0.256000 0.157185 -0.623059 -0.766219 0.000000
-0.067400 -0.004168 0.263000 -0.719798 0.171547 0.672653 0.000000
-0.061519 -0.004231 0.267000 -0.838022 0.233962 0.492930 0.000000
-0.057517 -0.004405 0.278000 -0.944909 -0.012666 0.327087 0.000000
-0.126497 -0.003630 0.269000 0.780070 -0.207585 0.590254 0.000000
-0.116151 -0.003509 0.260000 0.533722 -0.326858 0.779939 0.000000
-0.107498 -0.003428 0.254000 -0.034394 -0.688095 0.724805 0.000000
-0.101526 -0.003428 0.254000 0.366229 -0.388479 0.845553 0.000000
-0.094425 -0.003387 0.251000 -0.126566 -0.100988 0.986804 0.000000
-0.087933 -0.003387 0.251000 0.026319 -0.502522 -0.864164 0.000000
-0.082031 -0.003387 0.251000 0.257045 -0.575435 -0.776404 0.000000
-0.077645 -0.003455 0.256000 0.359051 -0.660063 -0.659848 0.000000
-0.068947 -0.003441 0.255000 -0.394187 0.461925 0.794507 0.000000
-0.063311 -0.003563 0.264000 -0.699687 0.123379 0.703716 0.000000
-0.059266 -0.003698 0.274000 -0.931238 0.082455 0.354961 0.000000
-0.145251 -0.003310 0.297000 0.753836 -0.244786 0.609763 0.000000
-0.119509 -0.002920 0.262000 0.594328 -0.294165 0.748493 0.000000
-0.110753 -0.002853 0.256000 0.276059 -0.592328 0.756928 0.000000
-0.104733 -0.002853 0.256000 0.137734 -0.564263 0.814025 0.000000
-0.096786 -0.002797 0.251000 0.340492 -0.158409 0.926807 0.000000
-0.090522 -0.002786 0.250000 -0.043471 0.368873 0.928463 0.000000
-0.084643 -0.002786 0.250000 0.103536 -0.463380 -0.880090 0.000000
-0.079395 -0.002808 0.252000 0.482972 -0.564098 -0.669725 0.000000
-0.071381 -0.002819 0.253000 0.194128 -0.536709 -0.821132 0.000000
-0.067242 -0.002897 0.260000 -0.741449 0.264092 0.616855 0.000000
-0.062069 -0.002942 0.264000 -0.674011 0.126537 0.727803 0.000000
-0.058170 -0.003098 0.278000 -0.948554 -0.028309 0.315348 0.000000
-0.131087 -0.002427 0.276000 0.734890 -0.251057 0.630006 0.000000
-0.117826 -0.002295 0.261000 0.529962 -0.337877 0.777804 0.000000
-0.109121 -0.002242 0.255000 -0.049377 -0.624808 0.779215 0.000000
-0.103934 -0.002260 0.257000 0.216163 -0.492748 0.842896 0.000000
-0.094425 -0.002207 0.251000 0.087508 0.104026 0.990717 0.000000
-0.087817 -0.002189 0.249000 -0.052342 0.359639 0.931622 0.000000
-0.081704 -0.002198 0.250000 -0.230938 0.409452 0.882619 0.000000
-0.077039 -0.002233 0.254000 0.309572 -0.629735 -0.712460 0.000000
-0.068014 -0.002251 0.256000 -0.708675 0.320347 0.628615 0.000000
-0.062069 -0.002321 0.264000 -0.664778 0.132596 0.735179 0.000000
-0.058380 -0.002453 0.279000 -0.951644 -0.038871 0.304733 0.000000
-0.129020 -0.001758 0.273000 0.799685 -0.228659 0.555175 0.000000
-0.117661 -0.001687 0.262000 0.533525 -0.335590 0.776357 0.000000
-0.108521 -0.001642 0.255000 -0.018772 -0.583049 0.812220 0.000000
-0.102927 -0.001649 0.256000 0.418107 -0.304461 0.855856 0.000000
-0.095015 -0.001617 0.251000 0.177789 0.097965 0.979180 0.000000
-0.088403 -0.001604 0.249000 0.032976 0.241706 0.969789 0.000000
-0.082548 -0.001604 0.249000 -0.174415 0.260085 0.949703 0.000000
-0.077617 -0.001623 0.252000 0.248300 -0.559876 -0.790497 0.000000
-0.068407 -0.001630 0.253000 -0.653507 0.171645 0.737202 0.000000
-0.064926 -0.001694 0.263000 -0.675249 0.029994 0.736980 0.000000
-0.060306 -0.001739 0.270000 -0.871653 0.205269 0.445068 0.000000
-0.144553 -0.001215 0.297000 0.753836 -0.244786 0.609763 0.000000
-0.119965 -0.001076 0.263000 0.627294 -0.301983 0.717850 0.000000
-0.111185 -0.001051 0.257000 0.329980 -0.503236 0.798665 0.000000
-0.105551 -0.001055 0.258000 0.222983 -0.333292 0.916076 0.000000
-0.097171 -0.001031 0.252000 0.548005 -0.100960 0.830360 0.000000
-0.089797 -0.001014 0.248000 0.078217 0.169549 0.982413 0.000000
-0.084304 -0.001018 0.249000 -0.122939 0.086972 0.988596 0.000000
-0.079080 -0.001026 0.251000 -0.426019 0.404423 0.809290 0.000000
-0.072587 -0.001026 0.251000 -0.334126 0.007646 0.942497 0.000000
-0.068014 -0.001047 0.256000 -0.872764 -0.025454 0.487478 0.000000
-0.063689 -0.001076 0.263000 -0.622759 0.062306 0.779929 0.000000
-0.059692 -0.001116 0.273000 -0.901138 0.321080 0.291303 0.000000
-0.140746 -0.000508 0.292000 0.753200 -0.227731 0.617113 0.000000
-0.118728 -0.000457 0.263000 0.584194 -0.369364 0.722695 0.000000
-0.109977 -0.000447 0.257000 0.184495 -0.452648 0.872394 0.000000
-0.104338 -0.000448 0.258000 0.337334 -0.212438 0.917102 0.000000
-0.095605 -0.000436 0.251000 0.463341 -0.087420 0.881858 0.000000
-0.088631 -0.000431 0.248000 0.017749 0.073061 0.997170 0.000000
-0.083133 -0.000433 0.249000 -0.153377 0.091331 0.983938 0.000000
-0.077899 -0.000436 0.251000 -0.349624 0.342387 0.872086 0.000000
-0.071997 -0.000436 0.251000 -0.373604 -0.087697 0.923433 0.000000
-0.067939 -0.000448 0.258000 -0.772682 0.084074 0.629201 0.000000
-0.062453 -0.000457 0.263000 -0.671408 0.044538 0.739748 0.000000
-0.057827 -0.000497 0.286000 -0.962845 0.050937 0.265209 0.000000
-0.124301 0.000164 0.267000 0.676170 -0.359723 0.642957 0.000000
-0.115813 0.000161 0.262000 0.512861 -0.365910 0.776585 0.000000
-0.107978 0.000158 0.258000 0.297374 -0.292511 0.908849 0.000000
-0.100726 0.000156 0.255000 0.592543 -0.021512 0.805251 0.000000
-0.092501 0.000153 0.249000 0.234783 -0.071794 0.969393 0.000000
-0.086646 0.000153 0.249000 -0.058053 -0.143494 0.987947 0.000000
-0.080792 0.000153 0.249000 -0.190802 -0.043969 0.980643 0.000000
-0.075247 0.000155 0.252000 -0.480474 0.156455 0.862941 0.000000
-0.068136 0.000155 0.252000 -0.725682 -0.147350 0.672066 0.000000
-0.060663 0.000163 0.266000 -0.407706 0.200507 0.890827 0.000000
-0.143579 0.000875 0.295000 0.745086 -0.247183 0.619473 0.000000
-0.121042 0.000783 0.264000 0.592889 -0.392588 0.703106 0.000000
-0.113530 0.000774 0.261000 0.436247 -0.367827 0.821214 0.000000
-0.106570 0.000768 0.259000 0.250234 -0.286947 0.924686 0.000000
-0.098152 0.000750 0.253000 0.481243 0.033888 0.875932 0.000000
-0.090381 0.000735 0.248000 0.093693 0.051198 0.994284 0.000000
-0.085231 0.000741 0.250000 -0.123348 -0.073923 0.989606 0.000000
-0.079352 0.000741 0.250000 -0.261220 0.012293 0.965201 0.000000
-0.073469 0.000747 0.252000 -0.378418 -0.108408 0.919265 0.000000
-0.062831 0.000777 0.262000 -0.510789 0.130600 0.849728 0.000000
-0.057477 0.000833 0.281000 -0.963249 0.175271 0.203548 0.000000
-0.124767 0.001425 0.268000 0.650064 -0.437593 0.621232 0.000000
-0.115813 0.001393 0.262000 0.498779 -0.386863 0.775601 0.000000
-0.108397 0.001377 0.259000 0.273374 -0.300025 0.913921 0.000000
-0.100726 0.001356 0.255000 0.595988 0.027170 0.802533 0.000000
-0.092501 0.001324 0.249000 0.228321 -0.059666 0.971756 0.000000
-0.086994 0.001329 0.250000 -0.074017 -0.241434 0.967590 0.000000
-0.080206 0.001324 0.249000 -0.195667 -0.070230 0.978152 0.000000
-0.074062 0.001340 0.252000 -0.310422 -0.185870 0.932250 0.000000
-0.067035 0.001403 0.264000 -0.457421 -0.202871 0.865800 0.000000
-0.060663 0.001414 0.266000 0.416495 -0.256324 -0.872255 0.000000
-0.143493 0.002239 0.292000 0.751244 -0.254975 0.608787 0.000000
-0.120421 0.002024 0.264000 0.579918 -0.438372 0.686676 0.000000
-0.112483 0.001994 0.260000 0.454107 -0.346860 0.820655 0.000000
-0.105961 0.001986 0.259000 0.323708 -0.175230 0.929789 0.000000
-0.097171 0.001932 0.252000 0.415325 -0.056873 0.907894 0.000000
-0.090159 0.001909 0.249000 -0.109473 -0.276892 0.954645 0.000000
-0.084643 0.001917 0.250000 -0.032334 -0.284921 0.958006 0.000000
-0.078489 0.001925 0.251000 -0.361091 -0.029664 0.932059 0.000000
-0.071346 0.001955 0.255000 -0.636549 -0.302051 0.709627 0.000000
-0.063932 0.002024 0.264000 -0.113523 0.008836 0.993496 0.000000
-0.057766 0.002093 0.273000 -0.808501 0.401129 0.430605 0.000000
-0.140464 0.002906 0.290000 0.752127 -0.252150 0.608872 0.000000
-0.119801 0.002645 0.264000 0.579501 -0.473640 0.663207 0.000000
-0.111442 0.002595 0.259000 0.433370 -0.315579 0.844157 0.000000
-0.104538 0.002575 0.257000 0.377139 -0.106537 0.920009 0.000000
-0.096195 0.002515 0.251000 0.394600 -0.059415 0.916930 0.000000
-0.089574 0.002495 0.249000 -0.090844 -0.312974 0.945407 0.000000
-0.084055 0.002505 0.250000 -0.056366 -0.280509 0.958195 0.000000
-0.078489 0.002515 0.251000 -0.285272 -0.042710 0.957494 0.000000
-0.073145 0.002555 0.255000 -0.485987 -0.344718 0.803110 0.000000
-0.067797 0.002675 0.267000 -0.401232 -0.066259 0.913577 0.000000
-0.060663 0.002665 0.266000 0.418641 -0.387990 -0.821099 0.000000
-0.056482 0.002865 0.286000 -0.966187 0.169815 0.194025 0.000000
-0.133274 0.003488 0.282000 0.748757 -0.270215 0.605265 0.000000
-0.116429 0.003241 0.262000 0.518249 -0.434133 0.736849 0.000000
-0.108585 0.003192 0.258000 0.330799 -0.246371 0.910974 0.000000
-0.100929 0.003142 0.254000 0.565802 -0.000159 0.824541 0.000000
-0.093087 0.003080 0.249000 0.198007 -0.205295 0.958461 0.000000
-0.087933 0.003105 0.251000 -0.105470 -0.345647 0.932418 0.000000
-0.081704 0.003093 0.250000 -0.099717 -0.239719 0.965708 0.000000
-0.076432 0.003117 0.252000 -0.410820 -0.151218 0.899089 0.000000
-0.071626 0.003167 0.256000 -0.650093 -0.382285 0.656687 0.000000
-0.065041 0.003291 0.266000 0.268557 -0.096790 -0.958389 0.000000
-0.058787 0.003291 0.266000 0.518404 -0.600221 -0.609091 0.000000
-0.140173 0.004240 0.288000 0.753705 -0.280691 0.594258 0.000000
-0.122702 0.003960 0.269000 0.639272 -0.470170 0.608500 0.000000
-0.112051 0.003813 0.259000 0.449850 -0.358106 0.818166 0.000000
-0.104324 0.003754 0.255000 0.438796 0.001093 0.898586 0.000000
-0.096786 0.003695 0.251000 0.402374 -0.118133 0.907821 0.000000
-0.090522 0.003680 0.250000 -0.046913 -0.386983 0.920893 0.000000
-0.084982 0.003695 0.251000 -0.002771 -0.323222 0.946319 0.000000
-0.079080 0.003695 0.251000 -0.240794 -0.192715 0.951251 0.000000
-0.074052 0.003739 0.254000 -0.526825 -0.328988 0.783724 0.000000
-0.069956 0.003842 0.261000 -0.817696 -0.203197 0.538594 0.000000
-0.062927 0.003901 0.265000 0.006354 -0.273064 -0.961975 0.000000
-0.057124 0.003931 0.267000 0.417320 -0.770888 -0.481224 0.000000
-0.138336 0.004900 0.287000 0.753705 -0.280691 0.594258 0.000000
-0.121889 0.004610 0.270000 0.639960 -0.494325 0.588297 0.000000
-0.110405 0.004405 0.258000 0.424671 -0.332545 0.842062 0.000000
-0.102720 0.004337 0.254000 0.552075 -0.030826 0.833224 0.000000
-0.095224 0.004268 0.250000 0.277472 -0.228546 0.933154 0.000000
-0.089703 0.004285 0.251000 -0.080387 -0.405484 0.910561 0.000000
-0.083801 0.004285 0.251000 -0.023269 -0.293903 0.955552 0.000000
-0.077899 0.004285 0.251000 -0.280189 -0.225344 0.933121 0.000000
-0.073145 0.004354 0.255000 -0.626431 -0.336852 0.702933 0.000000
-0.069782 0.004524 0.265000 -0.682336 0.066538 0.728005 0.000000
-0.062927 0.004524 0.265000 0.024329 -0.340521 -0.939922 0.000000
-0.056285 0.004541 0.266000 0.411252 -0.781769 -0.468731 0.000000
-0.139011 0.005575 0.287000 0.753705 -0.280691 0.594258 0.000000
-0.125439 0.005342 0.275000 0.650428 -0.494351 0.576680 0.000000
-0.110405 0.005012 0.258000 0.429534 -0.395816 0.811683 0.000000
-0.102316 0.004914 0.253000 0.537317 -0.164640 0.827154 0.000000
-0.095224 0.004856 0.250000 0.229958 -0.303082 0.924803 0.000000
-0.089703 0.004876 0.251000 -0.046339 -0.384669 0.921891 0.000000
-0.083801 0.004876 0.251000 -0.006749 -0.274188 0.961652 0.000000
-0.077899 0.004876 0.251000 -0.269921 -0.269947 0.924268 0.000000
-0.073145 0.004953 0.255000 -0.616547 -0.331425 0.714162 0.000000
-0.069159 0.005148 0.265000 -0.557098 0.231573 0.797506 0.000000
-0.062690 0.005128 0.264000 -0.030593 -0.553240 -0.832460 0.000000
-0.056482 0.005128 0.264000 0.363167 -0.749080 -0.554065 0.000000
-0.139686 0.006250 0.287000 0.753705 -0.280691 0.594258 0.000000
-0.130621 0.006141 0.282000 0.734327 -0.308544 0.604619 0.000000
-0.115455 0.005749 0.264000 0.539734 -0.485169 0.687967 0.000000
-0.105937 0.005575 0.256000 0.472878 -0.238510 0.848233 0.000000
-0.097966 0.005466 0.251000 0.388690 -0.201318 0.899106 0.000000
-0.092064 0.005466 0.251000 0.063907 -0.449148 0.891169 0.000000
-0.086162 0.005466 0.251000 -0.023334 -0.281280 0.959342 0.000000
-0.080260 0.005466 0.251000 -0.123542 -0.349485 0.928761 0.000000
-0.074951 0.005509 0.253000 -0.531542 -0.320657 0.783991 0.000000
-0.070092 0.005596 0.257000 -0.700879 -0.349783 0.621627 0.000000
-0.065420 0.005771 0.265000 -0.027919 -0.519764 -0.853854 0.000000
-0.057903 0.005705 0.262000 -0.038474 -0.542336 -0.839280 0.000000
-0.053519 0.005901 0.271000 0.375482 -0.807048 -0.455726 0.000000
-0.134021 0.006876 0.285000 0.753705 -0.280691 0.594258 0.000000
-0.121959 0.006587 0.273000 0.617662 -0.550549 0.561595 0.000000
-0.107978 0.006225 0.258000 0.489873 -0.368220 0.790214 0.000000
-0.099541 0.006080 0.252000 0.403246 -0.315861 0.858850 0.000000
-0.093244 0.006056 0.251000 0.115439 -0.428048 0.896353 0.000000
-0.087690 0.006080 0.252000 -0.001015 -0.273112 0.961982 0.000000
-0.081440 0.006056 0.251000 -0.105651 -0.339882 0.934515 0.000000
-0.075839 0.006080 0.252000 -0.460394 -0.376715 0.803818 0.000000
-0.071301 0.006201 0.257000 -0.635958 -0.284746 0.717271 0.000000
-0.064552 0.006370 0.264000 -0.061048 -0.578709 -0.813246 0.000000
-0.057068 0.006297 0.261000 -0.038474 -0.542336 -0.839280 0.000000
-0.052882 0.006539 0.271000 0.420736 -0.790388 -0.445273 0.000000
-0.133351 0.007546 0.285000 0.753705 -0.280691 0.594258 0.000000
-0.121317 0.007229 0.273000 0.614381 -0.559193 0.556632 0.000000
-0.108397 0.006858 0.259000 0.458040 -0.365108 0.810491 0.000000
-0.099936 0.006699 0.253000 0.420758 -0.409321 0.809579 0.000000
-0.093616 0.006673 0.252000 0.135551 -0.485788 0.863502 0.000000
-0.087342 0.006646 0.251000 -0.013988 -0.272005 0.962194 0.000000
-0.081440 0.006646 0.251000 -0.094406 -0.354196 0.930394 0.000000
-0.075839 0.006673 0.252000 -0.443146 -0.385852 0.809160 0.000000
-0.071301 0.006805 0.257000 -0.706961 -0.246854 0.662774 0.000000
-0.062215 0.006937 0.262000 0.004972 -0.670050 -0.742299 0.000000
-0.055627 0.006884 0.260000 0.328212 -0.739248 -0.588038 0.000000
-0.127969 0.008130 0.282000 0.637262 -0.536579 0.553155 0.000000
-0.113593 0.007611 0.264000 0.470165 -0.492815 0.732174 0.000000
-0.103934 0.007409 0.257000 0.500295 -0.238195 0.832447 0.000000
-0.095986 0.007265 0.252000 0.254131 -0.475697 0.842099 0.000000
-0.090061 0.007265 0.252000 0.031433 -0.363215 0.931175 0.000000
-0.084135 0.007265 0.252000 -0.045133 -0.276388 0.959986 0.000000
-0.078210 0.007265 0.252000 -0.289750 -0.424493 0.857817 0.000000
-0.073145 0.007352 0.255000 -0.502975 -0.363339 0.784220 0.000000
-0.068376 0.007553 0.262000 0.280322 -0.765834 -0.578720 0.000000
-0.061978 0.007525 0.261000 -0.024479 -0.646967 -0.762125 0.000000
-0.055627 0.007496 0.260000 0.251627 -0.795449 -0.551312 0.000000
-0.122650 0.008606 0.276000 0.609701 -0.558862 0.562084 0.000000
-0.110268 0.008170 0.262000 0.494122 -0.452794 0.742173 0.000000
-0.101723 0.007982 0.256000 0.455941 -0.416138 0.786732 0.000000
-0.093987 0.007889 0.253000 0.176442 -0.513212 0.839930 0.000000
-0.087342 0.007827 0.251000 0.010549 -0.256029 0.966612 0.000000
-0.081765 0.007858 0.252000 -0.125269 -0.380698 0.916175 0.000000
-0.076140 0.007889 0.253000 -0.444225 -0.433159 0.784243 0.000000
-0.071301 0.008014 0.257000 -0.662394 -0.304839 0.684330 0.000000
-0.066528 0.008170 0.262000 0.142598 -0.760223 -0.633819 0.000000
-0.059906 0.008107 0.260000 -0.024310 -0.690247 -0.723165 0.000000
-0.053792 0.008107 0.260000 0.251627 -0.795449 -0.551312 0.000000
-0.114884 0.008953 0.267000 0.547640 -0.593766 0.589518 0.000000
-0.106165 0.008752 0.261000 0.492390 -0.391173 0.777519 0.000000
-0.097345 0.008517 0.254000 0.347273 -0.485572 0.802260 0.000000
-0.091013 0.008484 0.253000 0.117110 -0.447261 0.886703 0.000000
-0.084728 0.008450 0.252000 -0.018130 -0.274499 0.961417 0.000000
-0.079115 0.008484 0.253000 -0.246716 -0.438561 0.864173 0.000000
-0.074033 0.008584 0.256000 -0.542693 -0.328044 0.773222 0.000000
-0.068202 0.008685 0.259000 0.450947 -0.663114 -0.597433 0.000000
-0.062352 0.008719 0.260000 0.019705 -0.755904 -0.654386 0.000000
-0.056022 0.008685 0.259000 0.109385 -0.728473 -0.676286 0.000000
-0.113628 0.009581 0.267000 0.526386 -0.600134 0.602293 0.000000
-0.104938 0.009366 0.261000 0.510024 -0.425737 0.747411 0.000000
-0.096151 0.009115 0.254000 0.288284 -0.562990 0.774554 0.000000
-0.089468 0.009043 0.252000 0.118455 -0.360048 0.925383 0.000000
-0.083543 0.009043 0.252000 -0.118209 -0.348499 0.929825 0.000000
-0.078233 0.009115 0.254000 -0.350983 -0.476688 0.805965 0.000000
-0.073114 0.009222 0.257000 -0.565579 -0.343399 0.749798 0.000000
-0.067593 0.009294 0.259000 0.358322 -0.766051 -0.533639 0.000000
-0.060894 0.009294 0.259000 0.025645 -0.777543 -0.628307 0.000000
-0.109661 0.010132 0.265000 0.467929 -0.460686 0.754196 0.000000
-0.100698 0.009865 0.258000 0.457137 -0.467082 0.756876 0.000000
-0.093164 0.009712 0.254000 0.173951 -0.537680 0.825010 0.000000
-0.086505 0.009635 0.252000 -0.004420 -0.290573 0.956843 0.000000
-0.080900 0.009674 0.253000 -0.194183 -0.436163 0.878667 0.000000
-0.075839 0.009788 0.256000 -0.462774 -0.425363 0.777757 0.000000
-0.070365 0.009865 0.258000 -0.674311 0.050653 0.736708 0.000000
-0.097891 0.010431 0.257000 0.365684 -0.610039 0.702942 0.000000
-0.090061 0.010228 0.252000 0.119305 -0.422269 0.898585 0.000000
-0.084135 0.010228 0.252000 -0.083111 -0.347171 0.934112 0.000000
-0.079141 0.010350 0.255000 -0.308190 -0.493663 0.813213 0.000000
-0.094500 0.010992 0.256000 0.216829 -0.585396 0.781215 0.000000
-0.087098 0.010821 0.252000 0.041676 -0.273697 0.960913 0.000000
-0.081817 0.010906 0.254000 -0.149250 -0.434165 0.888384 0.000000
-0.087098 0.011413 0.252000 0.032304 -0.291353 0.956070 0.000000
