-0.020169 -0.022627 0.220000 0.498117 -0.455462 0.737858 1.000000
-0.014791 -0.022318 0.217000 0.251263 -0.484189 0.838110 1.000000
-0.009644 -0.022215 0.216000 -0.045409 -0.408993 0.911407 1.000000
-0.023590 -0.022411 0.223000 0.653936 -0.535026 0.534898 1.000000
-0.018099 -0.022109 0.220000 0.372925 -0.414023 0.830369 1.000000
-0.012750 -0.021808 0.217000 0.186041 -0.389876 0.901879 1.000000
-0.007648 -0.021808 0.217000 -0.067582 -0.335551 0.939595 1.000000
-0.002533 -0.021707 0.216000 0.366860 -0.273160 0.889268 1.000000
-0.026682 -0.022279 0.227000 0.668696 -0.499956 0.550354 1.000000
-0.020874 -0.021788 0.222000 0.532712 -0.376136 0.758116 1.000000
-0.015442 -0.021494 0.219000 0.369023 -0.253267 0.894247 1.000000
-0.010199 -0.021298 0.217000 0.103796 -0.392216 0.913998 1.000000
-0.005120 -0.021396 0.218000 0.101500 -0.229784 0.967935 1.000000
0.000006 -0.021003 0.214000 0.305270 -0.414604 0.857271 1.000000
-0.031906 -0.022416 0.234000 0.854046 -0.175445 0.489719 1.000000
-0.025614 -0.021745 0.227000 0.640769 -0.524646 0.560502 1.000000
-0.019741 -0.021170 0.221000 0.467916 -0.278607 0.838709 1.000000
-0.014347 -0.020883 0.218000 0.332485 -0.208358 0.919805 1.000000
-0.009136 -0.020691 0.216000 -0.046068 -0.249700 0.967227 1.000000
-0.004076 -0.020787 0.217000 0.226026 -0.098322 0.969147 1.000000
0.001013 -0.020500 0.214000 0.210514 -0.374550 0.902993 1.000000
0.006101 -0.020691 0.216000 -0.308952 -0.242350 0.919682 1.000000
-0.031069 -0.022052 0.236000 0.758857 -0.592516 0.270297 1.000000
-0.024439 -0.021118 0.226000 0.573288 -0.576707 0.582023 1.000000
-0.018617 -0.020557 0.220000 0.460624 -0.236309 0.855560 1.000000
-0.013321 -0.020370 0.218000 0.256843 -0.103586 0.960886 1.000000
-0.008158 -0.020277 0.217000 0.012587 -0.166843 0.985903 1.000000
-0.003041 -0.020184 0.216000 0.357939 -0.084147 0.929946 1.000000
0.002019 -0.019997 0.214000 -0.055363 -0.382750 0.922192 1.000000
0.007117 -0.020184 0.216000 -0.395435 -0.199798 0.896500 1.000000
0.012365 -0.020464 0.219000 -0.487631 -0.401410 0.775298 1.000000
-0.027695 -0.021042 0.231000 0.569216 -0.680393 0.461583 1.000000
-0.021396 -0.020222 0.222000 0.633501 -0.360455 0.684652 1.000000
-0.015884 -0.019858 0.218000 0.434857 -0.100592 0.894863 1.000000
-0.010660 -0.019676 0.216000 0.269460 -0.062260 0.960997 1.000000
-0.005607 -0.019767 0.217000 0.089204 0.065513 0.993856 1.000000
-0.000497 -0.019493 0.214000 0.265500 -0.135914 0.954483 1.000000
0.004556 -0.019585 0.215000 -0.205175 -0.150258 0.967123 1.000000
0.009701 -0.019767 0.217000 -0.440208 -0.266827 0.857333 1.000000
-0.032997 -0.021475 0.242000 0.972240 -0.184774 0.143558 1.000000
-0.025727 -0.020233 0.228000 0.612381 -0.547842 0.569964 1.000000
-0.019562 -0.019434 0.219000 0.491700 -0.241050 0.836736 1.000000
-0.014347 -0.019345 0.218000 0.336585 -0.017537 0.941490 1.000000
-0.009136 -0.019168 0.216000 0.019658 0.018332 0.999639 1.000000
-0.004057 -0.019168 0.216000 0.239210 0.054278 0.969450 1.000000
0.001013 -0.018990 0.214000 0.136020 -0.158085 0.978012 1.000000
0.006101 -0.019168 0.216000 -0.307397 -0.134006 0.942099 1.000000
0.011284 -0.019345 0.218000 -0.442380 -0.343024 0.828634 1.000000
-0.033134 -0.020992 0.243000 0.882662 -0.258248 0.392703 1.000000
-0.025727 -0.019697 0.228000 0.612381 -0.547842 0.569964 1.000000
-0.019562 -0.018919 0.219000 0.505261 -0.205858 0.838054 1.000000
-0.014347 -0.018833 0.218000 0.321715 0.045203 0.945757 1.000000
-0.009136 -0.018660 0.216000 0.006376 0.052986 0.998575 1.000000
-0.004057 -0.018660 0.216000 0.209540 0.161696 0.964338 1.000000
0.001017 -0.018573 0.215000 0.040649 -0.097501 0.994405 1.000000
0.006101 -0.018660 0.216000 -0.334525 -0.066553 0.940034 1.000000
0.011284 -0.018833 0.218000 -0.485688 -0.301315 0.820559 1.000000
0.016861 -0.019351 0.224000 -0.563975 -0.501773 0.655863 1.000000
-0.026378 -0.019244 0.229000 0.631938 -0.593512 0.498395 1.000000
-0.020169 -0.018488 0.220000 0.489393 -0.122706 0.863387 1.000000
-0.014859 -0.018320 0.218000 0.338411 0.044348 0.939953 1.000000
-0.009644 -0.018152 0.216000 0.153481 0.084971 0.984491 1.000000
-0.004565 -0.018152 0.216000 0.173767 0.189021 0.966476 1.000000
0.000512 -0.018068 0.215000 0.125725 -0.032487 0.991533 1.000000
0.005567 -0.018068 0.215000 -0.226306 0.024006 0.973760 1.000000
0.010771 -0.018320 0.218000 -0.492979 -0.234395 0.837873 1.000000
0.016262 -0.018740 0.223000 -0.618894 -0.442392 0.649046 1.000000
-0.029405 -0.019278 0.236000 0.480970 -0.822816 0.302724 1.000000
-0.022541 -0.018216 0.223000 0.758636 -0.276359 0.589997 1.000000
-0.016910 -0.017807 0.218000 0.422820 0.003455 0.906207 1.000000
-0.011730 -0.017726 0.217000 0.249859 0.187548 0.949946 1.000000
-0.006627 -0.017726 0.217000 0.029878 0.291288 0.956169 1.000000
-0.001511 -0.017562 0.215000 0.188852 0.097548 0.977148 1.000000
0.003545 -0.017562 0.215000 -0.168236 0.011833 0.985676 1.000000
0.008640 -0.017644 0.216000 -0.497460 -0.081758 0.863626 1.000000
0.014037 -0.018052 0.221000 -0.638648 -0.295684 0.710422 1.000000
0.019930 -0.018706 0.229000 -0.468803 -0.743792 0.476441 1.000000
-0.026378 -0.018167 0.229000 0.666728 -0.589140 0.456495 1.000000
-0.020169 -0.017453 0.220000 0.540493 -0.095654 0.835893 1.000000
-0.014791 -0.017215 0.217000 0.342448 0.109203 0.933169 1.000000
-0.009644 -0.017136 0.216000 0.148003 0.241902 0.958946 1.000000
-0.004565 -0.017136 0.216000 0.142240 0.303562 0.942135 1.000000
0.000512 -0.017057 0.215000 0.104696 0.061098 0.992626 1.000000
0.005567 -0.017057 0.215000 -0.218499 0.037459 0.975118 1.000000
0.010771 -0.017295 0.218000 -0.545743 -0.279767 0.789870 1.000000
0.016262 -0.017691 0.223000 -0.625209 -0.421411 0.656907 1.000000
-0.032562 -0.018707 0.243000 0.999212 0.038459 -0.009771 1.000000
-0.025081 -0.017475 0.227000 0.768162 -0.379094 0.515961 1.000000
-0.019047 -0.016859 0.219000 0.516395 0.023300 0.856033 1.000000
-0.013771 -0.016705 0.217000 0.309875 0.155086 0.938044 1.000000
-0.008628 -0.016628 0.216000 0.090495 0.273284 0.957667 1.000000
-0.003533 -0.016551 0.215000 0.134734 0.291528 0.947026 1.000000
0.001523 -0.016551 0.215000 -0.050193 0.017239 0.998591 1.000000
0.006578 -0.016551 0.215000 -0.430008 -0.057767 0.900975 1.000000
0.011850 -0.016859 0.219000 -0.587752 -0.298977 0.751772 1.000000
0.017466 -0.017321 0.225000 -0.653177 -0.498647 0.569834 1.000000
0.023464 -0.017860 0.232000 0.036189 0.764875 -0.643162 1.000000
-0.025191 -0.017016 0.228000 0.755032 -0.432622 0.492712 1.000000
-0.019047 -0.016344 0.219000 0.516395 0.023300 0.856033 1.000000
-0.013771 -0.016195 0.217000 0.309875 0.155086 0.938044 1.000000
-0.008628 -0.016120 0.216000 0.090495 0.273284 0.957667 1.000000
-0.003533 -0.016046 0.215000 0.134734 0.291528 0.947026 1.000000
0.001523 -0.016046 0.215000 -0.055312 0.058980 0.996726 1.000000
0.006578 -0.016046 0.215000 -0.447488 -0.051209 0.892822 1.000000
0.011850 -0.016344 0.219000 -0.574521 -0.297317 0.762580 1.000000
0.017466 -0.016792 0.225000 -0.653177 -0.498647 0.569834 1.000000
0.023666 -0.017464 0.234000 -0.105939 0.643717 -0.757895 1.000000
-0.026494 -0.016624 0.230000 0.607459 -0.636776 0.474879 1.000000
-0.020260 -0.015974 0.221000 0.629782 -0.144404 0.763231 1.000000
-0.014791 -0.015685 0.217000 0.310000 0.185569 0.932451 1.000000
-0.009599 -0.015540 0.215000 0.153598 0.217691 0.963856 1.000000
-0.004544 -0.015540 0.215000 0.073171 0.339739 0.937669 1.000000
0.000512 -0.015540 0.215000 0.017420 0.037597 0.999141 1.000000
0.005567 -0.015540 0.215000 -0.260567 0.024969 0.965133 1.000000
0.010771 -0.015757 0.218000 -0.586824 -0.265745 0.764864 1.000000
0.016262 -0.016118 0.223000 -0.655422 -0.447621 0.608323 1.000000
0.022470 -0.016841 0.233000 0.184863 0.696706 -0.693128 1.000000
-0.026609 -0.016153 0.231000 0.607806 -0.641563 0.467941 1.000000
-0.020260 -0.015454 0.221000 0.628493 -0.181435 0.756358 1.000000
-0.014791 -0.015174 0.217000 0.300609 0.215411 0.929103 1.000000
-0.009599 -0.015035 0.215000 0.156393 0.231356 0.960216 1.000000
-0.004544 -0.015035 0.215000 0.081689 0.328479 0.940972 1.000000
0.000512 -0.015035 0.215000 0.004323 0.054509 0.998504 1.000000
0.005567 -0.015035 0.215000 -0.326099 -0.044805 0.944273 1.000000
0.010820 -0.015314 0.219000 -0.601552 -0.293102 0.743119 1.000000
0.016262 -0.015594 0.223000 -0.660916 -0.422633 0.620138 1.000000
0.022470 -0.016293 0.233000 0.216288 0.652555 -0.726217 1.000000
-0.026609 -0.015610 0.231000 0.607806 -0.641563 0.467941 1.000000
-0.020352 -0.015002 0.222000 0.683413 -0.201369 0.701710 1.000000
-0.014791 -0.014664 0.217000 0.368479 0.144860 0.918280 1.000000
-0.009599 -0.014529 0.215000 0.156393 0.231356 0.960216 1.000000
-0.004544 -0.014529 0.215000 0.075256 0.337370 0.938359 1.000000
0.000509 -0.014461 0.214000 0.004323 0.054509 0.998504 1.000000
0.005567 -0.014529 0.215000 -0.384417 -0.084996 0.919238 1.000000
0.010820 -0.014799 0.219000 -0.604614 -0.330725 0.724613 1.000000
0.016262 -0.015070 0.223000 -0.664564 -0.459188 0.589492 1.000000
0.022470 -0.015745 0.233000 0.243355 0.606895 -0.756608 1.000000
-0.022844 -0.014741 0.226000 0.802137 -0.188688 0.566546 1.000000
-0.010610 -0.014024 0.215000 0.181284 0.238195 0.954148 1.000000
-0.005555 -0.014024 0.215000 0.056093 0.338421 0.939321 1.000000
-0.000497 -0.013958 0.214000 0.052494 0.107751 0.992791 1.000000
0.004535 -0.013958 0.214000 -0.244339 0.034368 0.969081 1.000000
0.009790 -0.014284 0.219000 -0.591489 -0.329708 0.735822 1.000000
0.015145 -0.014480 0.222000 -0.662530 -0.373888 0.649047 1.000000
0.021282 -0.015132 0.232000 -0.466537 -0.506766 0.724935 1.000000
-0.007542 -0.013455 0.214000 0.093178 0.317224 0.943762 1.000000
-0.002510 -0.013455 0.214000 0.109838 0.195785 0.974476 1.000000
0.002522 -0.013455 0.214000 -0.165423 0.033320 0.985660 1.000000
0.007695 -0.013707 0.218000 -0.583101 -0.249616 0.773101 1.000000
0.013057 -0.013958 0.222000 -0.633021 -0.419550 0.650586 1.000000
0.018771 -0.014335 0.228000 -0.718350 -0.489475 0.494355 1.000000
-0.004019 -0.012952 0.214000 0.058618 0.336051 0.940018 1.000000
0.001013 -0.012952 0.214000 -0.028151 0.107812 0.993773 1.000000
0.006101 -0.013073 0.216000 -0.433674 -0.117310 0.893401 1.000000
0.011439 -0.013376 0.221000 -0.606347 -0.372382 0.702620 1.000000
0.017012 -0.013678 0.226000 -0.706412 -0.486190 0.514394 1.000000
0.023116 -0.014162 0.234000 0.154054 0.485676 -0.860457 1.000000
0.002522 -0.012449 0.214000 -0.200707 0.020023 0.979447 1.000000
0.007695 -0.012681 0.218000 -0.598063 -0.275788 0.752503 1.000000
0.013115 -0.012972 0.223000 -0.633932 -0.475129 0.610232 1.000000
0.018853 -0.013321 0.229000 -0.681449 -0.516632 0.518380 1.000000
0.003025 -0.011945 0.214000 -0.251186 -0.022314 0.967682 1.000000
0.008246 -0.012225 0.219000 -0.608457 -0.326556 0.723285 1.000000
0.013762 -0.012560 0.225000 -0.648043 -0.512317 0.563535 1.000000
0.019561 -0.012894 0.231000 -0.562159 -0.453186 0.691809 1.000000
0.010447 -0.011870 0.222000 -0.598575 -0.456962 0.657947 1.000000
0.016090 -0.012191 0.228000 -0.708025 -0.491749 0.506837 1.000000
0.022204 -0.012619 0.236000 0.053594 0.453482 -0.889653 1.000000
0.016161 -0.011706 0.229000 -0.707715 -0.500411 0.498727 1.000000
0.022204 -0.012064 0.236000 0.007876 0.323360 -0.946243 1.000000
0.019182 -0.011362 0.233000 -0.570722 -0.374797 0.730618 1.000000
0.018087 -0.010815 0.233000 -0.570722 -0.374797 0.730618 1.000000
0.020539 -0.010399 0.236000 0.403798 0.003539 -0.914841 1.000000
-0.028064 -0.006414 0.254000 -0.479700 -0.343001 -0.807612 2.000000
-0.027250 -0.005771 0.252000 -0.600230 -0.457264 -0.656227 2.000000
-0.028210 -0.005137 0.250000 -0.503731 -0.653054 -0.565487 2.000000
-0.029853 -0.004531 0.249000 -0.445821 -0.802612 -0.396305 2.000000
-0.024095 -0.004549 0.250000 -0.480845 -0.723087 -0.495917 2.000000
-0.025917 -0.003882 0.245000 -0.459874 -0.793609 -0.398372 2.000000
-0.028106 -0.003293 0.244000 -0.429878 -0.808422 -0.402069 2.000000
-0.030526 -0.002730 0.245000 -0.385843 -0.818123 -0.426380 2.000000
-0.024260 -0.002674 0.240000 -0.535305 -0.743808 -0.400248 2.000000
-0.025844 -0.002101 0.239000 -0.532876 -0.736805 -0.416127 2.000000
-0.027646 -0.001546 0.240000 -0.473952 -0.753431 -0.455754 2.000000
-0.019463 -0.001481 0.230000 -0.468320 -0.538861 -0.700218 2.000000
-0.025520 -0.000965 0.236000 -0.579376 -0.636699 -0.508860 2.000000
-0.018301 -0.000936 0.229000 -0.438214 -0.510090 -0.740119 2.000000
-0.025412 -0.000408 0.235000 -0.554384 -0.656393 -0.511670 2.000000
-0.019378 -0.000398 0.229000 -0.448202 -0.518342 -0.728311 2.000000
-0.013871 -0.000395 0.227000 -0.282350 -0.499276 -0.819147 2.000000
-0.025304 0.000144 0.234000 -0.545879 -0.662431 -0.513032 2.000000
-0.019378 0.000140 0.229000 -0.441571 -0.510794 -0.737634 2.000000
-0.013871 0.000139 0.227000 -0.282350 -0.499276 -0.819147 2.000000
0.012204 0.000152 0.247000 -0.849796 -0.337130 0.405204 2.000000
-0.025196 0.000691 0.233000 -0.537729 -0.656160 -0.529435 2.000000
-0.019378 0.000679 0.229000 -0.428803 -0.528225 -0.732875 2.000000
-0.013810 0.000670 0.226000 -0.259540 -0.462007 -0.848050 2.000000
-0.003648 0.000658 0.222000 0.116042 -0.177306 -0.977291 2.000000
0.002123 0.000667 0.225000 -0.354038 -0.055726 0.933569 2.000000
-0.027185 0.001255 0.236000 -0.380071 -0.802020 -0.460770 2.000000
-0.020994 0.001217 0.229000 -0.442696 -0.563313 -0.697638 2.000000
-0.015473 0.001207 0.227000 -0.321373 -0.504707 -0.801243 2.000000
-0.010001 0.001191 0.224000 -0.300223 -0.272065 -0.914246 2.000000
-0.003126 0.001180 0.222000 -0.226851 0.022788 0.973663 2.000000
0.002123 0.001196 0.225000 -0.336439 -0.039424 0.940880 2.000000
0.011858 0.001276 0.240000 0.542563 -0.767240 -0.342006 2.000000
-0.025743 0.001787 0.233000 -0.540404 -0.642488 -0.543298 2.000000
-0.019917 0.001756 0.229000 -0.442365 -0.535308 -0.719554 2.000000
-0.014342 0.001733 0.226000 -0.267086 -0.528681 -0.805706 2.000000
-0.008948 0.001718 0.224000 -0.328334 -0.239442 -0.913709 2.000000
-0.003631 0.001695 0.221000 -0.091601 0.157909 0.983196 2.000000
0.001594 0.001725 0.225000 -0.327518 -0.043070 0.943863 2.000000
0.006915 0.001733 0.226000 -0.502873 0.128126 0.854812 2.000000
0.014233 0.001856 0.242000 -0.830796 0.320230 0.455225 2.000000
-0.027740 0.002364 0.236000 -0.319335 -0.828954 -0.459195 2.000000
-0.021532 0.002294 0.229000 -0.438577 -0.575103 -0.690584 2.000000
-0.015936 0.002264 0.226000 -0.313073 -0.544578 -0.778087 2.000000
-0.010575 0.002254 0.225000 -0.248697 -0.346105 -0.904633 2.000000
-0.005214 0.002224 0.222000 0.101276 0.063273 0.992844 2.000000
0.000006 0.002244 0.224000 -0.353335 -0.071862 0.932733 2.000000
0.005297 0.002254 0.225000 -0.316616 0.053241 0.947058 2.000000
0.011011 0.002344 0.234000 0.719335 -0.533580 -0.444803 2.000000
0.017431 0.002475 0.247000 -0.276952 -0.943357 -0.182687 2.000000
-0.025087 0.002870 0.232000 -0.500466 -0.650467 -0.571337 2.000000
-0.019294 0.002820 0.228000 -0.390150 -0.533217 -0.750642 2.000000
-0.013749 0.002783 0.225000 -0.209885 -0.449998 -0.868015 2.000000
-0.008421 0.002771 0.224000 -0.283115 -0.161567 -0.945379 2.000000
-0.003126 0.002746 0.222000 -0.278710 0.009844 0.960325 2.000000
0.002123 0.002783 0.225000 -0.303689 0.001261 0.952770 2.000000
0.007446 0.002796 0.226000 -0.510956 0.115798 0.851772 2.000000
0.013381 0.002932 0.237000 0.539528 -0.759686 -0.363024 2.000000
-0.027622 0.003460 0.235000 -0.315969 -0.811878 -0.490935 2.000000
-0.021532 0.003371 0.229000 -0.438577 -0.575103 -0.690584 2.000000
-0.015936 0.003327 0.226000 -0.267691 -0.544644 -0.794798 2.000000
-0.010528 0.003298 0.224000 -0.275486 -0.290418 -0.916387 2.000000
-0.005214 0.003268 0.222000 -0.055493 -0.117596 -0.991510 2.000000
0.000006 0.003298 0.224000 -0.361311 -0.057641 0.930662 2.000000
0.005297 0.003312 0.225000 -0.316616 0.053241 0.947058 2.000000
0.010870 0.003401 0.231000 0.726574 -0.496618 -0.474827 2.000000
0.017290 0.003607 0.245000 0.328674 -0.811623 -0.482950 2.000000
-0.021532 0.003910 0.229000 -0.431369 -0.600593 -0.673208 2.000000
-0.015865 0.003841 0.225000 -0.207050 -0.618864 -0.757719 2.000000
-0.010528 0.003824 0.224000 -0.212515 -0.335834 -0.917634 2.000000
-0.005214 0.003790 0.222000 -0.062203 -0.106770 -0.992336 2.000000
0.000006 0.003824 0.224000 -0.390909 -0.033473 0.919820 2.000000
0.005297 0.003841 0.225000 -0.316616 0.053241 0.947058 2.000000
0.010870 0.003944 0.231000 0.731421 -0.430883 -0.528548 2.000000
0.017290 0.004183 0.245000 0.223028 -0.918316 -0.327039 2.000000
-0.019124 0.004390 0.226000 -0.352001 -0.623994 -0.697658 2.000000
-0.013688 0.004351 0.224000 -0.103485 -0.558588 -0.822964 2.000000
-0.008383 0.004332 0.223000 -0.270969 -0.231665 -0.934295 2.000000
-0.003126 0.004312 0.222000 -0.301368 0.095780 0.948685 2.000000
0.002123 0.004371 0.225000 0.259702 -0.026817 -0.965317 2.000000
0.007479 0.004409 0.227000 0.507337 -0.205702 -0.836837 2.000000
0.013325 0.004584 0.236000 0.509333 -0.801255 -0.313959 2.000000
-0.019656 0.004921 0.226000 -0.353205 -0.667495 -0.655513 2.000000
-0.014215 0.004878 0.224000 -0.093781 -0.630254 -0.770704 2.000000
-0.008948 0.004878 0.224000 -0.227314 -0.259115 -0.938716 2.000000
-0.003648 0.004834 0.222000 -0.185147 0.083470 0.979160 2.000000
0.001594 0.004900 0.225000 0.287976 -0.028507 -0.957213 2.000000
0.006915 0.004921 0.226000 0.480511 -0.207351 -0.852124 2.000000
0.012662 0.005096 0.234000 0.571827 -0.727197 -0.379734 2.000000
0.019329 0.005422 0.249000 0.300896 -0.850100 -0.432195 2.000000
-0.012108 0.005405 0.224000 -0.068445 -0.463912 -0.883233 2.000000
-0.006810 0.005380 0.223000 -0.236398 -0.205715 -0.949630 2.000000
-0.001567 0.005380 0.223000 -0.419396 0.034792 0.907137 2.000000
0.003710 0.005429 0.225000 0.251462 -0.062292 -0.965860 2.000000
0.009161 0.005525 0.229000 0.704062 -0.361544 -0.611214 2.000000
0.015180 0.005766 0.239000 0.541055 -0.763784 -0.351986 2.000000
-0.009474 0.005931 0.224000 -0.150416 -0.363520 -0.919363 2.000000
-0.004189 0.005905 0.223000 0.144158 -0.071197 -0.986990 2.000000
0.001065 0.005958 0.225000 0.288470 -0.059166 -0.955659 2.000000
0.006383 0.005984 0.226000 0.379173 -0.233172 -0.895465 2.000000
0.012060 0.006170 0.233000 0.550754 -0.725993 -0.411830 2.000000
-0.006286 0.006429 0.223000 -0.091564 -0.264322 -0.960078 2.000000
-0.001047 0.006458 0.224000 0.369668 -0.075901 -0.926059 2.000000
0.004239 0.006487 0.225000 0.237763 -0.100153 -0.966146 2.000000
0.009741 0.006631 0.230000 0.697860 -0.393785 -0.598269 2.000000
0.000533 0.006985 0.224000 0.367148 -0.137975 -0.919873 2.000000
0.005852 0.007047 0.226000 0.372496 -0.221062 -0.901321 2.000000
0.011463 0.007234 0.232000 0.665438 -0.542256 -0.512983 2.000000
-0.020902 -0.052400 0.228000 0.265489 0.387112 -0.882984 0.000000
-0.006258 -0.051021 0.222000 0.853281 0.195242 0.483520 0.000000
-0.024006 -0.050499 0.222000 -0.303356 0.259135 -0.916965 0.000000
-0.010224 -0.052091 0.229000 -0.006917 0.700055 0.714055 0.000000
-0.004628 -0.049816 0.219000 0.851019 0.149466 0.503414 0.000000
0.001991 -0.047997 0.211000 0.372482 0.145158 0.916617 0.000000
0.006952 -0.047997 0.211000 0.166771 0.095976 0.981313 0.000000
-0.023484 -0.049977 0.222000 -0.303356 0.259135 -0.916965 0.000000
-0.009068 -0.051102 0.227000 0.094037 0.708937 0.698974 0.000000
-0.002498 -0.047951 0.213000 0.654895 -0.064306 0.752979 0.000000
0.003479 -0.047500 0.211000 0.336399 0.146215 0.930300 0.000000
-0.025572 -0.049455 0.222000 0.401542 -0.065041 0.913528 0.000000
-0.009107 -0.050791 0.228000 0.177055 0.664969 0.725581 0.000000
-0.003013 -0.047673 0.214000 0.654519 -0.029610 0.755465 0.000000
0.001991 -0.047004 0.211000 0.350938 0.151125 0.924123 0.000000
-0.029092 -0.049594 0.225000 0.593767 -0.109045 0.797213 0.000000
-0.023484 -0.048933 0.222000 0.000497 0.379350 -0.925253 0.000000
-0.007930 -0.049594 0.225000 0.881476 0.128788 0.454328 0.000000
-0.002498 -0.046949 0.213000 0.632049 -0.033483 0.774205 0.000000
0.002487 -0.046508 0.211000 0.336399 0.146215 0.930300 0.000000
0.008400 -0.046288 0.210000 -0.100093 0.066440 0.992757 0.000000
-0.027785 -0.048629 0.223000 0.511790 -0.218136 0.830956 0.000000
-0.022440 -0.048411 0.222000 0.000497 0.379350 -0.925253 0.000000
-0.006230 -0.048193 0.221000 0.861700 0.193826 0.468941 0.000000
-0.000991 -0.046230 0.212000 0.564307 -0.166144 0.808674 0.000000
0.003975 -0.046012 0.211000 0.332307 0.137892 0.933037 0.000000
-0.033962 -0.050262 0.233000 0.621661 -0.090755 0.778011 0.000000
-0.027260 -0.048104 0.223000 0.409492 -0.277802 0.868989 0.000000
-0.022017 -0.048104 0.223000 0.000497 0.379350 -0.925253 0.000000
-0.006810 -0.048104 0.223000 0.864196 0.179304 0.470124 0.000000
-0.001489 -0.045732 0.212000 0.572988 -0.153966 0.804972 0.000000
0.003479 -0.045516 0.211000 0.332307 0.137892 0.933037 0.000000
0.008400 -0.045300 0.210000 -0.139463 0.055767 0.988656 0.000000
-0.032584 -0.049287 0.231000 0.689781 -0.294180 0.661559 0.000000
-0.026094 -0.047367 0.222000 -0.243923 0.372655 -0.895338 0.000000
-0.021344 -0.048434 0.227000 0.078365 0.457078 -0.885967 0.000000
-0.004057 -0.046087 0.216000 0.768763 0.026055 0.639002 0.000000
0.000998 -0.045020 0.211000 0.511429 -0.110686 0.852167 0.000000
0.005932 -0.044806 0.210000 0.163004 0.068131 0.984270 0.000000
0.017867 -0.045020 0.211000 0.448382 0.634615 -0.629457 0.000000
-0.031225 -0.048322 0.229000 0.689781 -0.294180 0.661559 0.000000
-0.025050 -0.046845 0.222000 -0.180062 0.439653 -0.879933 0.000000
-0.009107 -0.048111 0.228000 0.462033 0.287119 0.839100 0.000000
-0.003533 -0.045368 0.215000 0.716731 -0.036703 0.696383 0.000000
0.001494 -0.044524 0.211000 0.495008 -0.079701 0.865225 0.000000
0.006395 -0.044102 0.209000 0.140188 0.026107 0.989781 0.000000
0.018276 -0.044313 0.210000 0.448382 0.634615 -0.629457 0.000000
-0.031902 -0.047992 0.230000 0.689781 -0.294180 0.661559 0.000000
-0.025572 -0.046323 0.222000 -0.180062 0.439653 -0.879933 0.000000
-0.008496 -0.047157 0.226000 0.908149 0.044396 0.416286 0.000000
-0.003013 -0.044653 0.214000 0.643976 -0.139737 0.752176 0.000000
0.001991 -0.044027 0.211000 0.493109 -0.092599 0.865025 0.000000
0.006886 -0.043610 0.209000 0.013029 -0.025827 0.999582 0.000000
0.018276 -0.043819 0.210000 0.448382 0.634615 -0.629457 0.000000
0.023767 -0.044862 0.215000 0.353589 0.725404 -0.590562 0.000000
-0.028563 -0.046420 0.225000 0.559924 -0.246518 0.791020 0.000000
-0.023066 -0.046007 0.223000 -0.181523 0.438023 -0.880446 0.000000
-0.005120 -0.044975 0.218000 0.793176 0.100743 0.600602 0.000000
0.000006 -0.043738 0.212000 0.582351 -0.128907 0.802652 0.000000
0.004944 -0.043325 0.210000 0.166595 0.021255 0.985796 0.000000
0.018363 -0.043531 0.211000 -0.496170 -0.600880 0.626704 0.000000
0.023878 -0.044563 0.216000 0.405270 0.567839 -0.716460 0.000000
-0.029884 -0.046298 0.227000 0.647519 -0.362047 0.670553 0.000000
-0.024114 -0.045483 0.223000 -0.181523 0.438023 -0.880446 0.000000
-0.006749 -0.045075 0.221000 0.884194 0.088406 0.458679 0.000000
-0.001000 -0.043647 0.214000 0.569301 -0.173591 0.803593 0.000000
0.003956 -0.042831 0.210000 0.322202 -0.074220 0.943757 0.000000
0.017371 -0.043035 0.211000 -0.477429 -0.593946 0.647526 0.000000
0.022756 -0.043851 0.215000 0.398792 0.673757 -0.622107 0.000000
-0.029221 -0.045563 0.226000 0.647519 -0.362047 0.670553 0.000000
-0.023590 -0.044958 0.223000 -0.099055 0.456436 -0.884225 0.000000
-0.006173 -0.044152 0.219000 0.800731 0.089557 0.592291 0.000000
-0.001000 -0.043144 0.214000 0.609626 -0.164297 0.775476 0.000000
0.003938 -0.042136 0.209000 0.321648 -0.080207 0.943456 0.000000
0.016955 -0.042741 0.212000 -0.480575 -0.561925 0.673267 0.000000
0.023370 -0.043547 0.216000 -0.402662 -0.548272 0.732981 0.000000
-0.028563 -0.044832 0.225000 0.562751 -0.380819 0.733682 0.000000
-0.010763 -0.045629 0.229000 0.293147 0.219340 0.930567 0.000000
-0.003549 -0.043039 0.216000 0.677639 -0.125914 0.724535 0.000000
0.001494 -0.042043 0.211000 0.559439 -0.143772 0.816308 0.000000
0.006364 -0.041445 0.208000 0.002420 -0.242371 0.970181 0.000000
0.020134 -0.042641 0.214000 -0.480913 -0.589018 0.649447 0.000000
0.025519 -0.043238 0.217000 -0.442361 -0.463065 0.768041 0.000000
-0.025687 -0.043910 0.223000 -0.228961 0.438003 -0.869328 0.000000
-0.007236 -0.043319 0.220000 0.875324 0.027605 0.482748 0.000000
-0.002025 -0.042531 0.216000 0.653738 -0.117564 0.747533 0.000000
0.002969 -0.041350 0.210000 0.375089 -0.205252 0.903980 0.000000
0.007907 -0.041350 0.210000 -0.160293 -0.331244 0.929830 0.000000
0.016612 -0.042137 0.214000 -0.490697 -0.562345 0.665571 0.000000
0.021846 -0.042531 0.216000 -0.401151 -0.449171 0.798325 0.000000
0.027174 -0.042925 0.218000 -0.406489 -0.484889 0.774370 0.000000
-0.025276 -0.043580 0.224000 -0.057801 0.525331 -0.848933 0.000000
-0.006688 -0.042607 0.219000 0.827187 -0.002651 0.561921 0.000000
-0.001511 -0.041829 0.215000 0.627421 -0.118522 0.769607 0.000000
0.003463 -0.040856 0.210000 0.340328 -0.230256 0.911679 0.000000
0.008400 -0.040856 0.210000 -0.189438 -0.405173 0.894398 0.000000
0.016689 -0.041829 0.215000 -0.518554 -0.531696 0.669627 0.000000
0.021846 -0.042023 0.216000 -0.357104 -0.382574 0.852123 0.000000
-0.030284 -0.043437 0.226000 0.642692 -0.268806 0.717419 0.000000
-0.024331 -0.043245 0.225000 -0.057801 0.525331 -0.848933 0.000000
-0.005607 -0.041708 0.217000 0.700573 -0.107381 0.705455 0.000000
-0.000497 -0.041131 0.214000 0.614827 -0.154610 0.773358 0.000000
0.004450 -0.040362 0.210000 0.203389 -0.296401 0.933156 0.000000
0.009433 -0.040554 0.211000 -0.172960 -0.407936 0.896478 0.000000
0.016689 -0.041323 0.215000 -0.536708 -0.466972 0.702767 0.000000
0.021947 -0.041708 0.217000 -0.389888 -0.393363 0.832618 0.000000
0.027299 -0.042092 0.219000 -0.451160 -0.403564 0.795984 0.000000
-0.024439 -0.042906 0.226000 -0.057801 0.525331 -0.848933 0.000000
-0.005581 -0.041008 0.216000 0.676212 -0.137608 0.723741 0.000000
-0.000497 -0.040628 0.214000 0.595600 -0.142114 0.790610 0.000000
0.004450 -0.039868 0.210000 0.114595 -0.434979 0.893119 0.000000
0.012527 -0.040438 0.213000 -0.355855 -0.426257 0.831668 0.000000
0.017783 -0.041008 0.216000 -0.460348 -0.340626 0.819789 0.000000
0.023073 -0.041387 0.218000 -0.490707 -0.411965 0.767784 0.000000
0.028458 -0.041767 0.220000 -0.451160 -0.403564 0.795984 0.000000
-0.024970 -0.042375 0.226000 -0.117338 0.415660 -0.901920 0.000000
-0.004565 -0.040500 0.216000 0.684579 -0.140908 0.715190 0.000000
0.000507 -0.039937 0.213000 0.580853 -0.172497 0.795521 0.000000
0.005464 -0.039562 0.211000 -0.006577 0.522106 -0.852855 0.000000
0.010973 -0.039750 0.212000 -0.185119 -0.437165 0.880124 0.000000
0.016259 -0.040500 0.216000 -0.483600 -0.170677 0.858487 0.000000
0.021536 -0.040875 0.218000 -0.409401 -0.294635 0.863471 0.000000
0.026906 -0.041250 0.220000 -0.451160 -0.403564 0.795984 0.000000
-0.026564 -0.041843 0.226000 -0.366238 0.242603 -0.898340 0.000000
-0.006117 -0.040177 0.217000 0.698768 -0.137301 0.702048 0.000000
-0.001000 -0.039621 0.214000 0.594297 -0.176657 0.784604 0.000000
0.003975 -0.039066 0.211000 -0.079458 0.479995 -0.873666 0.000000
0.009477 -0.039251 0.212000 0.200723 0.523641 -0.827955 0.000000
0.014667 -0.039807 0.215000 -0.410415 -0.282456 0.867051 0.000000
0.019906 -0.040177 0.217000 -0.337285 -0.154096 0.928705 0.000000
0.025354 -0.040732 0.220000 -0.435828 -0.395684 0.808386 0.000000
-0.028690 -0.041312 0.226000 -0.328101 0.237628 -0.914266 0.000000
-0.023583 -0.041677 0.228000 -0.154029 0.299251 -0.941660 0.000000
-0.004565 -0.039484 0.216000 0.667957 -0.170717 0.724354 0.000000
0.000507 -0.038935 0.213000 0.551474 -0.212992 0.806543 0.000000
0.005490 -0.038753 0.212000 0.043112 0.502347 -0.863590 0.000000
0.010973 -0.038753 0.212000 0.096890 0.497688 -0.861927 0.000000
0.016259 -0.039484 0.216000 -0.419693 -0.043693 0.906614 0.000000
0.021536 -0.039849 0.218000 -0.420532 -0.255413 0.870584 0.000000
0.027029 -0.040398 0.221000 -0.488810 -0.426681 0.760926 0.000000
-0.028283 -0.040961 0.227000 0.487512 -0.125056 0.864114 0.000000
-0.009348 -0.039878 0.221000 0.913278 -0.028521 0.406338 0.000000
-0.004057 -0.038976 0.216000 0.638448 -0.219684 0.737647 0.000000
0.001003 -0.038254 0.212000 0.467544 -0.282944 0.837463 0.000000
0.006016 -0.038435 0.213000 0.103114 0.477196 -0.872726 0.000000
0.011471 -0.038254 0.212000 0.068221 0.513903 -0.855132 0.000000
0.016767 -0.038976 0.216000 -0.391819 -0.053909 0.918462 0.000000
0.022048 -0.039337 0.218000 -0.572709 -0.190912 0.797218 0.000000
0.027548 -0.039878 0.221000 -0.503705 -0.448246 0.738483 0.000000
-0.027216 -0.040427 0.227000 0.349896 -0.186733 0.917989 0.000000
-0.007203 -0.039002 0.219000 0.766855 -0.190611 0.612863 0.000000
-0.002016 -0.038290 0.215000 0.568570 -0.171697 0.804517 0.000000
0.002997 -0.037756 0.212000 -0.341048 0.404446 -0.848592 0.000000
0.008057 -0.038112 0.214000 -0.160881 -0.432800 0.887018 0.000000
0.013028 -0.037934 0.213000 -0.242959 -0.312618 0.918282 0.000000
0.018291 -0.038468 0.216000 -0.418064 0.072429 0.905526 0.000000
0.023694 -0.039002 0.219000 -0.554333 -0.247017 0.794794 0.000000
0.029239 -0.039537 0.222000 -0.512333 -0.479369 0.712545 0.000000
-0.025302 -0.040245 0.229000 0.420685 -0.094450 0.902277 0.000000
-0.003549 -0.037960 0.216000 -0.634929 0.253793 -0.729695 0.000000
0.001509 -0.037433 0.213000 -0.417251 0.304764 -0.856166 0.000000
0.008057 -0.037609 0.214000 -0.160881 -0.432800 0.887018 0.000000
0.014531 -0.037433 0.213000 -0.345054 -0.143229 0.927590 0.000000
0.019814 -0.037960 0.216000 -0.465594 0.013160 0.884901 0.000000
0.025354 -0.038663 0.220000 -0.527186 -0.222585 0.820080 0.000000
-0.028817 -0.039359 0.227000 0.381814 -0.054875 0.922609 0.000000
-0.006173 -0.037972 0.219000 0.752381 -0.183156 0.632753 0.000000
-0.001000 -0.037105 0.214000 0.553259 -0.236353 0.798775 0.000000
0.003994 -0.036759 0.212000 0.023678 -0.442381 0.896514 0.000000
0.013028 -0.036932 0.213000 -0.149981 -0.402534 0.903035 0.000000
0.018121 -0.037105 0.214000 -0.413806 0.037091 0.909609 0.000000
0.023694 -0.037972 0.219000 -0.586605 -0.085313 0.805367 0.000000
0.029239 -0.038493 0.222000 -0.606484 -0.380065 0.698375 0.000000
-0.004095 -0.037286 0.218000 -0.776878 0.220063 -0.589944 0.000000
0.001008 -0.036431 0.213000 0.387670 -0.223185 0.894372 0.000000
0.008020 -0.036431 0.213000 -0.147789 -0.370572 0.916971 0.000000
0.015031 -0.036431 0.213000 -0.270503 -0.209541 0.939638 0.000000
0.020322 -0.036944 0.216000 -0.478583 0.007828 0.878007 0.000000
0.025989 -0.037799 0.221000 -0.544901 -0.202027 0.813798 0.000000
-0.005190 -0.037280 0.221000 -0.772255 0.153103 -0.616589 0.000000
0.000006 -0.036099 0.214000 -0.536604 0.258009 -0.803422 0.000000
0.008020 -0.035930 0.213000 -0.214098 -0.339029 0.916090 0.000000
0.015605 -0.036099 0.214000 -0.204007 -0.186430 0.961054 0.000000
0.020830 -0.036436 0.216000 -0.480241 0.011649 0.877059 0.000000
0.026509 -0.037280 0.221000 -0.689966 -0.299482 0.658982 0.000000
-0.006286 -0.037093 0.223000 0.739859 -0.054735 0.670531 0.000000
-0.001005 -0.035762 0.215000 0.498038 -0.196907 0.844503 0.000000
0.004013 -0.035429 0.213000 0.070677 -0.337438 0.938691 0.000000
0.009064 -0.035596 0.214000 -0.220194 -0.361682 0.905925 0.000000
0.015102 -0.035596 0.214000 -0.126898 -0.257997 0.957776 0.000000
0.020322 -0.035928 0.216000 -0.475023 0.001809 0.879971 0.000000
0.025989 -0.036760 0.221000 -0.678573 -0.232608 0.696730 0.000000
-0.004132 -0.036077 0.220000 -0.753524 0.174161 -0.633932 0.000000
0.001013 -0.035093 0.214000 0.341181 -0.155010 0.927129 0.000000
0.006016 -0.034929 0.213000 -0.002242 -0.250166 0.968200 0.000000
0.011128 -0.035257 0.215000 -0.055593 -0.382277 0.922374 0.000000
0.016108 -0.035093 0.214000 -0.140211 -0.217390 0.965962 0.000000
0.021437 -0.035585 0.217000 -0.526183 -0.033704 0.849703 0.000000
0.027151 -0.036404 0.222000 -0.755356 -0.307482 0.578699 0.000000
-0.002035 -0.035074 0.217000 -0.661827 0.196611 -0.723415 0.000000
0.003011 -0.034428 0.213000 0.196822 -0.244472 0.949471 0.000000
0.008057 -0.034589 0.214000 -0.343278 -0.067982 0.936770 0.000000
0.013212 -0.034913 0.216000 -0.083685 -0.148028 0.985436 0.000000
0.018121 -0.034589 0.214000 -0.378963 -0.128960 0.916382 0.000000
0.023694 -0.035398 0.219000 -0.633325 -0.047264 0.772442 0.000000
-0.006314 -0.035679 0.224000 0.514719 0.086808 0.852953 0.000000
0.000006 -0.034245 0.215000 0.508873 -0.147846 0.848051 0.000000
0.005015 -0.033927 0.213000 0.052350 -0.041067 0.997784 0.000000
0.010117 -0.034245 0.215000 -0.251865 -0.094041 0.963182 0.000000
0.015173 -0.034245 0.215000 -0.070986 -0.260406 0.962886 0.000000
0.020322 -0.034405 0.216000 -0.437545 -0.172798 0.882437 0.000000
0.025989 -0.035201 0.221000 -0.730299 -0.240054 0.639561 0.000000
-0.029351 -0.035623 0.227000 0.533902 0.099768 0.839640 0.000000
-0.005762 -0.034995 0.223000 0.545515 0.195157 0.815063 0.000000
0.001523 -0.033740 0.215000 0.280142 -0.191585 0.940646 0.000000
0.006548 -0.033583 0.214000 -0.000314 0.043702 0.999045 0.000000
0.011688 -0.033897 0.216000 -0.079394 -0.294592 0.952319 0.000000
0.016689 -0.033740 0.215000 -0.173453 -0.154209 0.972694 0.000000
0.022048 -0.034211 0.218000 -0.589824 -0.117985 0.798866 0.000000
0.028830 -0.035623 0.227000 -0.767620 -0.349993 0.536903 0.000000
-0.027096 -0.034935 0.226000 0.458793 0.163322 0.873404 0.000000
-0.006286 -0.034471 0.223000 0.540590 0.278828 0.793736 0.000000
0.001523 -0.033234 0.215000 0.264845 -0.104175 0.958647 0.000000
0.006548 -0.033080 0.214000 0.012122 0.116211 0.993151 0.000000
0.011688 -0.033389 0.216000 -0.143028 -0.067122 0.987440 0.000000
0.016767 -0.033389 0.216000 -0.145979 -0.245578 0.958322 0.000000
0.022048 -0.033698 0.218000 -0.572896 -0.147263 0.806290 0.000000
0.028830 -0.035089 0.227000 -0.767620 -0.349993 0.536903 0.000000
-0.027627 -0.034403 0.226000 0.481137 0.151341 0.863483 0.000000
-0.019741 -0.033642 0.221000 0.253245 0.662310 0.705133 0.000000
-0.004132 -0.033490 0.220000 0.689129 0.186026 0.700354 0.000000
0.002019 -0.032577 0.214000 0.003216 0.207241 0.978285 0.000000
0.007051 -0.032577 0.214000 -0.115572 0.185700 0.975786 0.000000
0.012196 -0.032881 0.216000 -0.130007 0.055622 0.989952 0.000000
0.017275 -0.032881 0.216000 -0.268160 -0.199490 0.942493 0.000000
0.022561 -0.033186 0.218000 -0.566646 -0.164082 0.807458 0.000000
-0.034806 -0.035221 0.235000 0.853546 0.143695 0.500810 0.000000
-0.028159 -0.033872 0.226000 0.519019 0.096092 0.849344 0.000000
-0.022541 -0.033422 0.223000 0.417438 0.341685 0.842019 0.000000
-0.010387 -0.033123 0.221000 0.231915 0.473118 0.849926 0.000000
-0.004113 -0.032823 0.219000 0.675938 0.313173 0.667106 0.000000
0.002028 -0.032223 0.215000 0.083044 0.242610 0.966563 0.000000
0.007051 -0.032073 0.214000 -0.078081 0.204306 0.975788 0.000000
0.012196 -0.032373 0.216000 -0.157469 0.173253 0.972207 0.000000
0.017275 -0.032373 0.216000 -0.338021 -0.095090 0.936322 0.000000
0.022561 -0.032673 0.218000 -0.555042 -0.206183 0.805864 0.000000
0.028830 -0.034022 0.227000 -0.792417 -0.345207 0.502898 0.000000
-0.028817 -0.033488 0.227000 0.580588 0.137510 0.802501 0.000000
-0.023066 -0.032898 0.223000 0.429647 0.332538 0.839537 0.000000
-0.017742 -0.032750 0.222000 0.200704 0.624396 0.754882 0.000000
-0.003566 -0.032013 0.217000 0.499364 0.259393 0.826651 0.000000
0.001516 -0.031570 0.214000 -0.069522 0.385785 0.919965 0.000000
0.006517 -0.031423 0.213000 0.033562 0.230293 0.972542 0.000000
0.011634 -0.031718 0.215000 -0.136580 0.379714 0.914966 0.000000
0.016767 -0.031865 0.216000 -0.256616 -0.003377 0.966507 0.000000
0.022048 -0.032160 0.218000 -0.545276 -0.237324 0.803960 0.000000
0.028171 -0.033341 0.226000 -0.798632 -0.341244 0.495721 0.000000
-0.030552 -0.033099 0.228000 0.746919 0.170124 0.642783 0.000000
-0.024749 -0.032519 0.224000 0.477206 0.284522 0.831458 0.000000
-0.019221 -0.032083 0.221000 0.214402 0.671267 0.709529 0.000000
-0.014088 -0.032228 0.222000 0.110874 0.682579 0.722353 0.000000
-0.004057 -0.031357 0.216000 0.510525 0.536219 0.672185 0.000000
0.002019 -0.031067 0.214000 -0.063529 0.403309 0.912856 0.000000
0.007018 -0.030922 0.213000 -0.068402 0.242771 0.967669 0.000000
0.012139 -0.031212 0.215000 -0.135546 0.420249 0.897228 0.000000
0.017275 -0.031357 0.216000 -0.349678 -0.029894 0.936393 0.000000
0.022561 -0.031648 0.218000 -0.562433 -0.236678 0.792246 0.000000
0.028830 -0.032954 0.227000 -0.792417 -0.345207 0.502898 0.000000
-0.030016 -0.032563 0.228000 0.720701 0.195909 0.664989 0.000000
-0.024222 -0.031992 0.224000 0.455665 0.331959 0.825938 0.000000
-0.018701 -0.031564 0.221000 0.172357 0.693240 0.699793 0.000000
-0.013505 -0.031564 0.221000 0.102158 0.698819 0.707966 0.000000
-0.008271 -0.031421 0.220000 0.351523 0.607925 0.711940 0.000000
-0.001997 -0.030421 0.213000 0.399219 0.561304 0.724956 0.000000
0.003011 -0.030421 0.213000 -0.071620 0.393489 0.916535 0.000000
0.008020 -0.030421 0.213000 -0.144454 0.293713 0.944916 0.000000
0.013089 -0.030564 0.214000 -0.173377 0.449243 0.876425 0.000000
0.018291 -0.030849 0.216000 -0.505806 -0.123709 0.853731 0.000000
0.023694 -0.031278 0.219000 -0.702606 -0.254868 0.664370 0.000000
0.030161 -0.032706 0.229000 -0.770318 -0.319597 0.551786 0.000000
-0.028817 -0.031887 0.227000 0.570022 0.220297 0.791545 0.000000
-0.023066 -0.031325 0.223000 0.403636 0.415401 0.815181 0.000000
-0.017662 -0.031044 0.221000 0.150136 0.688204 0.709813 0.000000
-0.012409 -0.030903 0.220000 0.122519 0.731083 0.671198 0.000000
-0.007203 -0.030763 0.219000 0.348172 0.619086 0.703924 0.000000
-0.000986 -0.029639 0.211000 0.146746 0.530962 0.834593 0.000000
0.004013 -0.029920 0.213000 -0.006507 0.367118 0.930152 0.000000
0.009021 -0.029920 0.213000 -0.141236 0.360731 0.921914 0.000000
0.014096 -0.030061 0.214000 -0.183466 0.424122 0.886826 0.000000
0.019396 -0.030482 0.217000 -0.506192 -0.203840 0.837985 0.000000
0.025063 -0.031184 0.222000 -0.776954 -0.302024 0.552381 0.000000
-0.034806 -0.032458 0.235000 0.865082 0.169716 0.472048 0.000000
-0.027627 -0.031215 0.226000 0.550325 0.270347 0.789971 0.000000
-0.022017 -0.030801 0.223000 0.400963 0.425134 0.811474 0.000000
-0.016623 -0.030524 0.221000 0.151428 0.692374 0.705469 0.000000
-0.011323 -0.030248 0.219000 0.148934 0.734498 0.662067 0.000000
-0.006117 -0.029972 0.217000 0.372945 0.520393 0.768182 0.000000
-0.000490 -0.029143 0.211000 0.061098 0.454741 0.888526 0.000000
0.004493 -0.029281 0.212000 -0.039015 0.338737 0.940072 0.000000
0.009522 -0.029419 0.213000 -0.109825 0.418633 0.901490 0.000000
0.014531 -0.029419 0.213000 -0.312484 0.326039 0.892218 0.000000
0.019906 -0.029972 0.217000 -0.518342 -0.179574 0.836107 0.000000
0.025700 -0.030801 0.223000 -0.801020 -0.306965 0.513945 0.000000
-0.034806 -0.031905 0.235000 0.873234 0.187144 0.449933 0.000000
-0.028159 -0.030683 0.226000 0.554115 0.289278 0.780560 0.000000
-0.022541 -0.030276 0.223000 0.407171 0.562480 0.719602 0.000000
-0.017142 -0.030005 0.221000 0.146791 0.698307 0.700585 0.000000
-0.011838 -0.029733 0.219000 0.128771 0.728194 0.673165 0.000000
-0.006627 -0.029462 0.217000 0.298469 0.533080 0.791670 0.000000
-0.000488 -0.028511 0.210000 0.115744 0.395354 0.911207 0.000000
0.004493 -0.028783 0.212000 -0.093519 0.278780 0.955791 0.000000
0.009477 -0.028783 0.212000 -0.061049 0.340077 0.938414 0.000000
0.014531 -0.028918 0.213000 -0.309167 0.371459 0.875462 0.000000
0.019906 -0.029462 0.217000 -0.510300 -0.183622 0.840165 0.000000
0.025815 -0.030412 0.224000 -0.815682 -0.302647 0.493019 0.000000
-0.034806 -0.031353 0.235000 0.873234 0.187144 0.449933 0.000000
-0.028159 -0.030152 0.226000 0.554115 0.289278 0.780560 0.000000
-0.022440 -0.029618 0.222000 0.402678 0.507169 0.761991 0.000000
-0.017065 -0.029352 0.220000 0.221326 0.562698 0.796484 0.000000
-0.011784 -0.029085 0.218000 0.178261 0.708100 0.683240 0.000000
-0.006597 -0.028818 0.216000 0.339430 0.543932 0.767415 0.000000
-0.000982 -0.028017 0.210000 0.103009 0.246820 0.963571 0.000000
0.003994 -0.028284 0.212000 -0.202435 0.292753 0.934514 0.000000
0.008979 -0.028284 0.212000 -0.017638 0.283675 0.958758 0.000000
0.014030 -0.028418 0.213000 -0.402202 0.352980 0.844772 0.000000
0.019396 -0.028951 0.217000 -0.510300 -0.183622 0.840165 0.000000
0.025289 -0.029885 0.224000 -0.818339 -0.287408 0.497712 0.000000
-0.038276 -0.031849 0.243000 0.860919 -0.269040 0.431781 0.000000
-0.030418 -0.029752 0.227000 0.657926 0.199258 0.726243 0.000000
-0.024749 -0.029358 0.224000 0.510223 0.374534 0.774207 0.000000
-0.019134 -0.028834 0.220000 0.240232 0.472101 0.848180 0.000000
-0.013834 -0.028572 0.218000 0.199548 0.623363 0.756042 0.000000
-0.008708 -0.028572 0.218000 0.195835 0.590329 0.783046 0.000000
-0.003467 -0.027655 0.211000 0.481674 -0.006884 0.876323 0.000000
0.001494 -0.027655 0.211000 -0.149578 0.282194 0.947625 0.000000
0.006487 -0.027786 0.212000 -0.043518 0.140728 0.989091 0.000000
0.011471 -0.027786 0.212000 -0.108709 0.271071 0.956401 0.000000
0.016689 -0.028179 0.215000 -0.604538 0.006454 0.796550 0.000000
0.022250 -0.028834 0.220000 -0.733087 -0.277533 0.620934 0.000000
0.029211 -0.030145 0.230000 -0.805368 -0.147706 0.574078 0.000000
-0.032584 -0.029733 0.231000 0.825143 0.133782 0.548855 0.000000
-0.026329 -0.028832 0.224000 0.543895 0.335860 0.769010 0.000000
-0.020592 -0.028188 0.219000 0.391651 0.563188 0.727619 0.000000
-0.015372 -0.028060 0.218000 0.114613 0.666055 0.737045 0.000000
-0.010199 -0.027931 0.217000 0.113459 0.611917 0.782742 0.000000
-0.005026 -0.027545 0.214000 0.585883 0.165422 0.793332 0.000000
0.000006 -0.027030 0.210000 -0.028183 -0.024261 0.999308 0.000000
0.004991 -0.027287 0.212000 -0.202316 0.023453 0.979039 0.000000
0.009976 -0.027287 0.212000 -0.011202 0.109981 0.993871 0.000000
0.015031 -0.027416 0.213000 -0.542511 0.100069 0.834067 0.000000
0.020604 -0.028188 0.219000 -0.607059 -0.253415 0.753167 0.000000
0.026695 -0.029218 0.227000 -0.822425 -0.207404 0.529718 0.000000
-0.034954 -0.029821 0.236000 0.889981 0.096554 0.445658 0.000000
-0.028034 -0.028431 0.225000 0.570100 0.229673 0.788820 0.000000
-0.022137 -0.027673 0.219000 0.451267 0.574496 0.682871 0.000000
-0.016755 -0.027294 0.216000 0.117648 0.690616 0.713588 0.000000
-0.011676 -0.027294 0.216000 0.120413 0.604935 0.787118 0.000000
-0.006566 -0.027168 0.215000 0.169574 0.399386 0.900963 0.000000
-0.001475 -0.026536 0.210000 0.267561 -0.215467 0.939141 0.000000
0.003479 -0.026662 0.211000 -0.261151 -0.043880 0.964300 0.000000
0.008480 -0.026789 0.212000 0.060804 0.008435 0.998114 0.000000
0.013465 -0.026789 0.212000 -0.382253 0.098969 0.918742 0.000000
0.018886 -0.027421 0.217000 -0.665352 -0.208885 0.716711 0.000000
0.024872 -0.028431 0.225000 -0.823681 -0.221710 0.521914 0.000000
-0.039743 -0.030383 0.245000 0.762090 -0.167573 0.625410 0.000000
-0.031763 -0.028398 0.229000 0.784464 0.201761 0.586437 0.000000
-0.025687 -0.027654 0.223000 0.557005 0.319218 0.766710 0.000000
-0.019802 -0.026786 0.216000 0.286448 0.668009 0.686813 0.000000
-0.014655 -0.026662 0.215000 0.023453 0.598771 0.800577 0.000000
-0.009599 -0.026662 0.215000 0.095426 0.522215 0.847458 0.000000
-0.004502 -0.026414 0.213000 0.550369 -0.123782 0.825695 0.000000
0.000500 -0.026042 0.210000 -0.019893 -0.310613 0.950328 0.000000
0.005490 -0.026290 0.212000 -0.101461 -0.036725 0.994161 0.000000
0.010425 -0.026166 0.211000 -0.031516 0.039036 0.998741 0.000000
0.015532 -0.026414 0.213000 -0.607993 -0.096882 0.788010 0.000000
0.021216 -0.027282 0.220000 -0.659064 -0.321605 0.679857 0.000000
0.027468 -0.028398 0.229000 -0.789995 -0.115032 0.602225 0.000000
-0.035810 -0.028955 0.238000 0.922703 -0.103331 0.371406 0.000000
-0.028436 -0.027252 0.224000 0.642898 0.257566 0.721347 0.000000
-0.022445 -0.026400 0.217000 0.719793 0.217436 0.659257 0.000000
-0.017023 -0.025913 0.213000 0.169532 0.040896 0.984676 0.000000
-0.012071 -0.026035 0.214000 0.119378 0.412548 0.903080 0.000000
-0.007039 -0.026035 0.214000 0.275703 0.254292 0.926997 0.000000
-0.001979 -0.025670 0.211000 0.384769 -0.377468 0.842301 0.000000
0.002983 -0.025670 0.211000 -0.260168 -0.214719 0.941386 0.000000
0.007982 -0.025792 0.212000 0.100485 -0.123769 0.987210 0.000000
0.012906 -0.025670 0.211000 -0.335878 -0.155738 0.928941 0.000000
0.018375 -0.026400 0.217000 -0.703083 -0.215013 0.677823 0.000000
0.024343 -0.027373 0.225000 -0.831190 -0.196508 0.520103 0.000000
-0.039007 -0.029111 0.244000 0.829519 -0.313555 0.462148 0.000000
-0.030952 -0.027083 0.227000 0.682938 0.120053 0.720544 0.000000
-0.024712 -0.026128 0.219000 0.679868 0.194845 0.706976 0.000000
-0.019026 -0.025413 0.213000 0.343373 -0.266437 0.900615 0.000000
-0.014083 -0.025532 0.214000 0.054015 0.255340 0.965341 0.000000
-0.008007 -0.025413 0.213000 0.178148 0.076802 0.981002 0.000000
-0.002985 -0.025293 0.212000 0.449181 -0.398358 0.799717 0.000000
0.001981 -0.025055 0.210000 -0.182946 -0.292033 0.938748 0.000000
0.006985 -0.025293 0.212000 0.020962 -0.307113 0.951442 0.000000
0.011913 -0.025174 0.211000 -0.121249 -0.218881 0.968189 0.000000
0.017275 -0.025770 0.216000 -0.665984 -0.276934 0.692656 0.000000
0.022975 -0.026486 0.222000 -0.705049 -0.274783 0.653758 0.000000
-0.042391 -0.028888 0.247000 0.786256 -0.131845 0.603670 0.000000
-0.034806 -0.027485 0.235000 0.939967 -0.073300 0.333299 0.000000
-0.027660 -0.025964 0.222000 0.719490 0.092779 0.688278 0.000000
-0.021128 -0.025029 0.214000 0.432061 -0.377651 0.818965 0.000000
-0.016096 -0.025029 0.214000 0.093899 -0.486805 0.868449 0.000000
-0.010512 -0.024912 0.213000 0.009460 -0.287442 0.957751 0.000000
-0.005529 -0.025029 0.214000 0.145164 -0.443260 0.884561 0.000000
-0.000490 -0.024678 0.211000 0.198710 -0.505271 0.839771 0.000000
0.004493 -0.024795 0.212000 -0.221289 -0.294636 0.929635 0.000000
0.009433 -0.024678 0.211000 0.060310 -0.338371 0.939078 0.000000
0.014531 -0.024912 0.213000 -0.525991 -0.367751 0.766872 0.000000
0.020090 -0.025613 0.219000 -0.608935 -0.376029 0.698427 0.000000
0.026392 -0.026783 0.229000 -0.789519 -0.118463 0.602185 0.000000
-0.038119 -0.027734 0.242000 0.856279 -0.230688 0.462136 0.000000
-0.030016 -0.025671 0.224000 0.711724 -0.088071 0.696916 0.000000
-0.023976 -0.024869 0.217000 0.683505 -0.453861 0.571692 0.000000
-0.018612 -0.024525 0.214000 0.313566 -0.629044 0.711323 0.000000
-0.013077 -0.024525 0.214000 0.137096 -0.320420 0.937302 0.000000
-0.008045 -0.024525 0.214000 0.138615 -0.136314 0.980920 0.000000
-0.003013 -0.024525 0.214000 0.389013 -0.582385 0.713790 0.000000
0.001991 -0.024182 0.211000 -0.175273 -0.416848 0.891918 0.000000
0.007018 -0.024411 0.213000 0.003153 -0.505216 0.862987 0.000000
0.011913 -0.024182 0.211000 -0.175270 -0.321390 0.930585 0.000000
0.017275 -0.024755 0.216000 -0.603375 -0.497212 0.623474 0.000000
0.022975 -0.025442 0.222000 -0.664835 -0.253413 0.702693 0.000000
-0.041229 -0.027727 0.247000 0.753577 -0.254136 0.606248 0.000000
-0.032019 -0.025482 0.227000 0.469789 0.010889 0.882712 0.000000
-0.025859 -0.024696 0.220000 0.602491 -0.150127 0.783879 0.000000
-0.020216 -0.024135 0.215000 0.399202 -0.571903 0.716634 0.000000
-0.015160 -0.024135 0.215000 0.139220 -0.472090 0.870488 0.000000
-0.010011 -0.023910 0.213000 0.029987 -0.293143 0.955598 0.000000
-0.005049 -0.024135 0.215000 0.198689 -0.466144 0.862109 0.000000
0.000006 -0.023685 0.211000 0.106801 -0.532201 0.839855 0.000000
0.005015 -0.023910 0.213000 -0.179750 -0.498199 0.848226 0.000000
0.009976 -0.023798 0.212000 0.001961 -0.581007 0.813896 0.000000
0.015102 -0.024022 0.214000 -0.552622 -0.440631 0.707427 0.000000
0.020699 -0.024696 0.220000 -0.633688 -0.394146 0.665648 0.000000
0.027048 -0.025818 0.230000 -0.745083 -0.023892 0.666544 0.000000
-0.037804 -0.026377 0.240000 0.880321 -0.226845 0.416624 0.000000
-0.030016 -0.024618 0.224000 0.606794 -0.146922 0.781163 0.000000
-0.024197 -0.024069 0.219000 0.661921 -0.375953 0.648475 0.000000
-0.018699 -0.023629 0.215000 0.158129 -0.627882 0.762076 0.000000
-0.013644 -0.023629 0.215000 0.129968 -0.533215 0.835937 0.000000
-0.008548 -0.023519 0.214000 0.025013 -0.294413 0.955351 0.000000
-0.002510 -0.023519 0.214000 0.410577 -0.562962 0.717287 0.000000
0.002499 -0.023299 0.212000 -0.228359 -0.457723 0.859268 0.000000
0.007554 -0.023519 0.214000 -0.003185 -0.579085 0.815261 0.000000
0.012527 -0.023409 0.213000 -0.247026 -0.680208 0.690141 0.000000
0.017947 -0.023959 0.218000 -0.569308 -0.570019 0.592424 0.000000
0.023603 -0.024508 0.223000 -0.620988 -0.258869 0.739839 0.000000
-0.041810 -0.026565 0.247000 0.888337 -0.288599 0.357166 0.000000
-0.033379 -0.024629 0.229000 0.744211 0.655720 0.127205 0.000000
-0.026616 -0.023876 0.222000 0.660014 -0.417034 0.624872 0.000000
-0.020914 -0.023339 0.217000 0.472463 -0.583276 0.660733 0.000000
-0.015739 -0.023231 0.216000 0.188406 -0.554141 0.810821 0.000000
-0.010561 -0.023016 0.214000 0.110903 -0.397356 0.910938 0.000000
-0.005581 -0.023231 0.216000 0.069850 -0.440158 0.895200 0.000000
-0.000495 -0.022908 0.213000 0.340681 -0.562380 0.753436 0.000000
0.004514 -0.022908 0.213000 -0.251896 -0.559653 0.789517 0.000000
0.009567 -0.023016 0.214000 -0.057387 -0.696297 0.715456 0.000000
0.015243 -0.023231 0.216000 -0.522878 -0.660246 0.539142 0.000000
0.020699 -0.023661 0.220000 -0.462698 -0.536019 0.706112 0.000000
0.027048 -0.024737 0.230000 -0.728018 0.095684 0.678848 0.000000
-0.038208 -0.025143 0.239000 0.896126 -0.173823 0.408342 0.000000
-0.030679 -0.023670 0.225000 0.447764 -0.348621 0.823390 0.000000
-0.024418 -0.023249 0.221000 0.585266 -0.538365 0.606322 0.000000
-0.018960 -0.022933 0.218000 0.348609 -0.654347 0.671045 0.000000
-0.013707 -0.022723 0.216000 0.163461 -0.513171 0.842577 0.000000
-0.008588 -0.022618 0.215000 -0.097562 -0.406784 0.908300 0.000000
-0.003549 -0.022723 0.216000 0.303288 -0.381216 0.873322 0.000000
0.001509 -0.022407 0.213000 0.061162 -0.543424 0.837227 0.000000
0.006578 -0.022618 0.215000 -0.187227 -0.517605 0.834884 0.000000
0.012645 -0.022618 0.215000 -0.322605 -0.754085 0.572085 0.000000
0.018030 -0.023039 0.219000 -0.472263 -0.658497 0.585960 0.000000
0.023603 -0.023459 0.223000 -0.574688 -0.357787 0.736017 0.000000
-0.042798 -0.025301 0.246000 0.250166 -0.157286 -0.955342 0.000000
-0.034606 -0.023655 0.230000 0.695668 0.706166 0.131816 0.000000
-0.028690 -0.023244 0.226000 0.594148 -0.524685 0.609667 0.000000
-0.022859 -0.022729 0.221000 0.690227 -0.419234 0.589770 0.000000
-0.002522 -0.022112 0.215000 0.382135 -0.401531 0.832313 0.000000
0.002522 -0.022009 0.214000 -0.135842 -0.517675 0.844725 0.000000
0.007625 -0.022215 0.216000 -0.317492 -0.504450 0.802950 0.000000
0.012704 -0.022215 0.216000 -0.344460 -0.760342 0.550661 0.000000
0.018112 -0.022627 0.220000 -0.437251 -0.620486 0.651005 0.000000
0.023603 -0.022935 0.223000 -0.519949 -0.462084 0.718423 0.000000
0.030140 -0.023964 0.233000 -0.435750 -0.102015 0.894268 0.000000
-0.034455 -0.023014 0.229000 0.659296 0.732985 0.167518 0.000000
-0.028944 -0.022913 0.228000 0.491711 -0.583367 0.646454 0.000000
0.002019 -0.021506 0.214000 -0.037948 -0.461579 0.886287 0.000000
0.007117 -0.021707 0.216000 -0.302048 -0.437091 0.847182 0.000000
0.012309 -0.021908 0.218000 -0.395789 -0.648340 0.650390 0.000000
0.017595 -0.022109 0.220000 -0.411592 -0.652028 0.636751 0.000000
0.022975 -0.022310 0.222000 -0.501330 -0.457563 0.734373 0.000000
0.029465 -0.023315 0.232000 -0.709276 -0.081016 0.700260 0.000000
-0.034994 -0.022475 0.229000 0.660544 0.686429 0.304132 0.000000
-0.029868 -0.022672 0.231000 0.582255 -0.650852 0.487207 0.000000
0.009191 -0.021298 0.217000 -0.363145 -0.467877 0.805740 0.000000
0.014491 -0.021592 0.220000 -0.507399 -0.629678 0.588261 0.000000
0.019843 -0.021788 0.222000 -0.400435 -0.639500 0.656271 0.000000
0.025514 -0.022181 0.226000 -0.666435 -0.007522 0.745525 0.000000
-0.039610 -0.022416 0.234000 0.698157 0.645421 0.309853 0.000000
-0.033524 -0.022033 0.230000 0.450762 0.860759 0.236448 0.000000
0.012365 -0.020979 0.219000 -0.484428 -0.403805 0.776062 0.000000
0.017755 -0.021266 0.222000 -0.421568 -0.643351 0.639047 0.000000
0.023078 -0.021362 0.223000 -0.379508 -0.604939 0.700016 0.000000
0.029211 -0.022033 0.230000 -0.643844 -0.045632 0.763795 0.000000
-0.036290 -0.021211 0.227000 0.678678 0.664091 0.313656 0.000000
0.015076 -0.020651 0.221000 -0.537827 -0.522766 0.661406 0.000000
0.020456 -0.020838 0.223000 -0.346906 -0.660344 0.666035 0.000000
0.026046 -0.021118 0.226000 -0.634721 -0.102872 0.765863 0.000000
0.032193 -0.021679 0.232000 -0.829928 0.069145 0.553569 0.000000
-0.034841 -0.020769 0.228000 0.670738 0.741639 0.009081 0.000000
0.018968 -0.020404 0.224000 -0.455367 -0.655464 0.602501 0.000000
0.024235 -0.020404 0.224000 0.108437 0.705469 -0.700396 0.000000
0.030161 -0.020860 0.229000 -0.684304 0.062235 0.726536 0.000000
-0.036661 -0.020055 0.226000 0.689386 0.696603 0.198724 0.000000
0.017915 -0.019878 0.224000 -0.497130 -0.604208 0.622731 0.000000
0.023285 -0.019966 0.225000 0.174953 0.725500 -0.665613 0.000000
0.028830 -0.020144 0.227000 -0.738941 0.095218 0.667008 0.000000
-0.038958 -0.019610 0.227000 0.778147 0.608451 0.155806 0.000000
-0.034954 -0.020388 0.236000 0.795140 0.537408 -0.280971 0.000000
0.020823 -0.019610 0.227000 -0.327529 -0.806194 0.492723 0.000000
0.025931 -0.019437 0.225000 0.108276 0.765009 -0.634853 0.000000
0.031637 -0.019697 0.228000 -0.781923 0.161644 0.602052 0.000000
-0.036661 -0.018992 0.226000 0.700178 0.700310 0.138983 0.000000
0.019222 -0.019076 0.227000 -0.518773 -0.694219 0.498933 0.000000
0.024560 -0.019076 0.227000 0.039655 0.848200 -0.528190 0.000000
0.029897 -0.019076 0.227000 -0.665327 0.089734 0.741140 0.000000
-0.039666 -0.018624 0.228000 0.779167 0.407841 0.475987 0.000000
-0.035659 -0.019359 0.237000 0.857046 0.391447 -0.335025 0.000000
0.023161 -0.018706 0.229000 0.091176 0.854555 -0.511295 0.000000
0.028703 -0.018461 0.226000 -0.682263 0.042447 0.729873 0.000000
-0.041999 -0.018405 0.232000 0.774630 0.498980 0.388544 0.000000
-0.036228 -0.018247 0.230000 0.714193 0.678729 -0.171040 0.000000
0.022277 -0.018326 0.231000 0.139114 0.751359 -0.645064 0.000000
0.027229 -0.018009 0.227000 -0.196765 0.715302 -0.670542 0.000000
-0.044388 -0.018168 0.236000 0.667971 0.564807 0.484569 0.000000
-0.037357 -0.017475 0.227000 0.799814 0.574707 0.173235 0.000000
-0.034558 -0.018861 0.245000 0.899410 -0.224490 0.375055 0.000000
0.027349 -0.017552 0.228000 -0.218371 0.547599 -0.807743 0.000000
-0.045323 -0.017762 0.238000 0.850787 0.200476 -0.485769 0.000000
-0.037891 -0.016941 0.227000 0.836705 0.468841 0.283041 0.000000
-0.035135 -0.018285 0.245000 0.914830 -0.105474 0.389823 0.000000
0.027468 -0.017091 0.229000 -0.373258 0.498348 -0.782514 0.000000
-0.047418 -0.017564 0.243000 0.820760 -0.255048 -0.511179 0.000000
-0.039302 -0.016552 0.229000 0.828217 0.558659 0.044224 0.000000
-0.035842 -0.017492 0.242000 0.690445 0.587576 -0.421949 0.000000
0.026192 -0.016769 0.232000 -0.338683 0.480363 -0.809040 0.000000
0.031374 -0.016624 0.230000 -0.707714 0.038321 -0.705460 0.000000
-0.041453 -0.016223 0.232000 0.803229 0.142081 0.578478 0.000000
-0.036774 -0.016573 0.237000 0.701609 0.627015 -0.338523 0.000000
-0.031859 -0.016923 0.242000 0.917518 0.099175 0.385129 0.000000
0.029211 -0.016084 0.230000 -0.678784 0.203553 -0.705563 0.000000
-0.042911 -0.015813 0.234000 0.799062 0.477690 0.365119 0.000000
-0.037016 -0.015881 0.235000 0.759094 0.620100 -0.198121 0.000000
-0.032696 -0.016489 0.244000 0.934817 0.355074 0.006206 0.000000
0.028374 -0.015678 0.232000 -0.564045 0.194132 -0.802600 0.000000
-0.045883 -0.015524 0.238000 0.960982 -0.058316 -0.270394 0.000000
-0.038933 -0.015002 0.230000 0.855421 0.514640 -0.058305 0.000000
-0.035135 -0.015980 0.245000 0.925392 0.373026 0.067090 0.000000
-0.028654 -0.015589 0.239000 0.699960 0.602934 0.382788 0.000000
0.028919 -0.015132 0.232000 -0.601654 0.120432 -0.789626 0.000000
-0.045690 -0.014901 0.237000 0.927852 -0.182533 0.325227 0.000000
-0.038933 -0.014461 0.230000 0.786484 0.586573 -0.193327 0.000000
-0.035135 -0.015404 0.245000 0.852957 0.517135 -0.070965 0.000000
-0.025412 -0.014461 0.230000 0.768572 -0.450073 0.454677 0.000000
0.026968 -0.014713 0.234000 -0.436205 0.392545 -0.809712 0.000000
0.031915 -0.014461 0.230000 -0.507597 0.183932 -0.841733 0.000000
-0.041453 -0.014041 0.232000 0.824246 0.543716 0.158090 0.000000
-0.037239 -0.014525 0.240000 0.641689 0.667755 -0.377279 0.000000
-0.022945 -0.013739 0.227000 0.809733 -0.197689 0.552496 0.000000
0.029338 -0.013981 0.231000 -0.631439 0.034345 -0.774665 0.000000
-0.044943 -0.013728 0.236000 0.915606 0.023423 0.401395 0.000000
-0.038726 -0.013496 0.232000 0.758793 0.603902 -0.244000 0.000000
-0.035264 -0.014543 0.250000 -0.217694 0.615099 -0.757802 0.000000
0.025867 -0.013612 0.234000 -0.486991 0.328471 -0.809288 0.000000
0.030833 -0.013379 0.230000 -0.600799 0.195399 -0.775152 0.000000
-0.043275 -0.013006 0.233000 0.743105 0.292232 0.601993 0.000000
-0.037888 -0.013229 0.237000 0.658315 0.655128 -0.370713 0.000000
0.025867 -0.013062 0.234000 -0.572903 0.184594 -0.798566 0.000000
0.030699 -0.012783 0.229000 -0.184411 0.106592 -0.977052 0.000000
-0.043275 -0.012458 0.233000 0.743105 0.292232 0.601993 0.000000
-0.037705 -0.012993 0.243000 0.659120 0.702494 -0.268445 0.000000
0.004556 -0.011496 0.215000 -0.333355 -0.078251 0.939548 0.000000
0.026192 -0.012405 0.232000 -0.640540 -0.089007 -0.762749 0.000000
0.031101 -0.012191 0.228000 -0.018300 0.145501 -0.989189 0.000000
-0.042544 -0.011859 0.232000 0.795818 0.286125 0.533672 0.000000
-0.037897 -0.012677 0.248000 0.642372 0.607805 -0.466830 0.000000
0.025209 -0.011910 0.233000 -0.493924 0.053424 -0.867862 0.000000
0.030161 -0.011706 0.229000 -0.242955 0.036947 -0.969334 0.000000
-0.043635 -0.011314 0.232000 0.858976 0.247680 0.448124 0.000000
-0.039167 -0.011606 0.238000 0.783895 0.443064 -0.434976 0.000000
0.022759 -0.011509 0.236000 -0.119776 0.183865 -0.975627 0.000000
0.028007 -0.011167 0.229000 -0.581782 -0.073411 -0.810025 0.000000
0.033246 -0.011119 0.228000 -0.137903 -0.158642 0.977658 0.000000
-0.040908 -0.010768 0.232000 0.948744 0.312690 0.045930 0.000000
-0.038509 -0.011696 0.252000 0.049784 0.613058 -0.788468 0.000000
0.024320 -0.010907 0.235000 -0.414270 0.014404 -0.910040 0.000000
0.028957 -0.010582 0.228000 -0.242955 0.036947 -0.969334 0.000000
-0.045467 -0.010267 0.233000 0.992980 0.077795 0.089103 0.000000
-0.040160 -0.010311 0.234000 0.906489 0.374308 -0.195375 0.000000
0.014609 -0.010135 0.230000 -0.666120 -0.556942 0.496085 0.000000
0.024320 -0.010355 0.235000 -0.416808 0.058289 -0.907124 0.000000
0.028957 -0.010046 0.228000 -0.288075 0.145192 -0.946537 0.000000
0.034469 -0.010090 0.229000 -0.287553 -0.305791 0.907637 0.000000
-0.040503 -0.009844 0.236000 0.895785 0.342883 -0.282844 0.000000
0.023869 -0.009844 0.236000 -0.432446 0.138903 -0.890896 0.000000
0.029493 -0.009510 0.228000 -0.241867 0.229786 -0.942708 0.000000
-0.044726 -0.009132 0.232000 0.975769 0.163951 0.144895 0.000000
-0.040795 -0.009486 0.241000 0.805251 0.476356 -0.353067 0.000000
0.023413 -0.009328 0.237000 -0.307940 0.098357 -0.946308 0.000000
0.029084 -0.009014 0.229000 -0.221936 0.285274 -0.932396 0.000000
0.034770 -0.009092 0.231000 -0.386043 -0.356777 0.850695 0.000000
-0.041190 -0.008882 0.240000 0.913413 0.273272 -0.301660 0.000000
0.025536 -0.008549 0.231000 -0.701511 0.268500 -0.660144 0.000000
0.030699 -0.008475 0.229000 -0.084891 0.358024 -0.929845 0.000000
-0.043800 -0.007971 0.230000 0.969746 0.180468 0.164389 0.000000
-0.041041 -0.008768 0.253000 0.176080 0.353532 -0.918701 0.000000
0.027048 -0.007971 0.230000 -0.615365 0.335261 -0.713391 0.000000
0.032456 -0.007971 0.230000 -0.222304 -0.432685 0.873707 0.000000
-0.042718 -0.007430 0.230000 0.983067 0.175304 -0.053365 0.000000
-0.041203 -0.008206 0.254000 0.176080 0.353532 -0.918701 0.000000
0.027048 -0.007430 0.230000 -0.617812 0.395789 -0.679455 0.000000
0.032597 -0.007463 0.231000 -0.222304 -0.432685 0.873707 0.000000
-0.043259 -0.006890 0.230000 0.983067 0.175304 -0.053365 0.000000
-0.041636 -0.007579 0.253000 0.176080 0.353532 -0.918701 0.000000
0.027828 -0.006949 0.232000 -0.608460 0.563774 -0.558512 0.000000
0.033140 -0.006920 0.231000 -0.178588 -0.446136 0.876966 0.000000
-0.042718 -0.006349 0.230000 0.983067 0.175304 -0.053365 0.000000
-0.041528 -0.007066 0.256000 0.089302 -0.028450 -0.995598 0.000000
0.029465 -0.006404 0.232000 -0.264480 0.598418 -0.756271 0.000000
0.035221 -0.006459 0.234000 -0.337230 -0.371734 0.864922 0.000000
-0.042723 -0.005959 0.236000 0.942870 0.042872 -0.330391 0.000000
-0.032971 -0.006439 0.255000 -0.296881 0.092965 -0.950378 0.000000
0.030140 -0.005884 0.233000 -0.206924 0.617591 -0.758791 0.000000
0.035924 -0.005934 0.235000 -0.337230 -0.371734 0.864922 0.000000
-0.042704 -0.005473 0.239000 0.988845 0.040108 -0.143444 0.000000
-0.033439 -0.005817 0.254000 -0.296881 0.092965 -0.950378 0.000000
0.030688 -0.005336 0.233000 0.033546 0.558030 -0.829142 0.000000
0.037345 -0.005427 0.237000 -0.331824 -0.332619 0.882755 0.000000
-0.042972 -0.005076 0.247000 0.996299 -0.044611 -0.073475 0.000000
-0.032583 -0.005178 0.252000 -0.412501 -0.447436 -0.793501 0.000000
0.032193 -0.004767 0.232000 -0.318707 -0.343454 0.883439 0.000000
-0.044148 -0.004167 0.229000 0.978476 0.065165 -0.195802 0.000000
-0.042487 -0.004568 0.251000 -0.041481 -0.609865 -0.791419 0.000000
-0.031737 -0.004549 0.250000 -0.500824 -0.524736 -0.688351 0.000000
0.033284 -0.004222 0.232000 -0.318707 -0.343454 0.883439 0.000000
-0.043635 -0.003676 0.232000 0.963864 0.019697 -0.265666 0.000000
-0.041965 -0.004041 0.255000 -0.041481 -0.609865 -0.791419 0.000000
-0.032195 -0.003946 0.249000 -0.401662 -0.837406 -0.370702 0.000000
0.033284 -0.003676 0.232000 -0.318707 -0.343454 0.883439 0.000000
-0.043823 -0.003144 0.233000 0.960411 -0.012442 -0.278307 0.000000
-0.041965 -0.003441 0.255000 -0.041481 -0.609865 -0.791419 0.000000
-0.033500 -0.003374 0.250000 -0.347540 -0.847558 -0.401075 0.000000
0.033284 -0.003131 0.232000 -0.318707 -0.343454 0.883439 0.000000
-0.043823 -0.002596 0.233000 0.960411 -0.012442 -0.278307 0.000000
-0.041965 -0.002842 0.255000 -0.046143 -0.670601 -0.740382 0.000000
-0.035828 -0.002830 0.254000 -0.178496 -0.614677 -0.768317 0.000000
0.031920 -0.002608 0.234000 -0.478154 -0.019902 0.878050 0.000000
0.037742 -0.002630 0.236000 -0.498151 -0.233333 0.835105 0.000000
-0.042906 -0.002198 0.250000 0.021677 -0.664647 -0.746843 0.000000
-0.037916 -0.002251 0.256000 -0.063501 -0.721789 -0.689194 0.000000
0.031906 -0.002093 0.238000 0.212850 0.104547 -0.971475 0.000000
0.037029 -0.002066 0.235000 -0.622245 -0.151958 0.767932 0.000000
-0.043146 -0.001597 0.248000 0.864505 -0.410880 -0.289498 0.000000
-0.038518 -0.001649 0.256000 -0.063501 -0.721789 -0.689194 0.000000
-0.030975 -0.001572 0.244000 -0.395650 -0.817844 -0.417842 0.000000
0.036872 -0.001507 0.234000 -0.622245 -0.151958 0.767932 0.000000
-0.042972 -0.001010 0.247000 0.746903 -0.573052 -0.337264 0.000000
-0.038367 -0.001043 0.255000 -0.075703 -0.728874 -0.680449 0.000000
-0.030975 -0.000998 0.244000 -0.432202 -0.783139 -0.447096 0.000000
-0.043800 -0.000400 0.230000 0.903240 -0.382442 0.194668 0.000000
-0.041730 -0.000434 0.250000 -0.097268 -0.744487 -0.660514 0.000000
-0.035852 -0.000434 0.250000 -0.242411 -0.875403 -0.418219 0.000000
0.033427 -0.000405 0.233000 -0.610759 -0.023633 0.791464 0.000000
-0.042542 0.000144 0.235000 0.818972 -0.525188 0.231218 0.000000
-0.039536 0.000154 0.251000 -0.106689 -0.766919 -0.632813 0.000000
-0.032830 0.000150 0.245000 -0.354881 -0.833243 -0.423987 0.000000
0.034523 0.000143 0.233000 -0.586659 0.016971 0.809656 0.000000
-0.041966 0.000706 0.238000 0.887669 -0.455550 0.067216 0.000000
-0.038050 0.000738 0.249000 -0.278081 -0.819620 -0.500893 0.000000
-0.031419 0.000720 0.243000 -0.412614 -0.798251 -0.438801 0.000000
-0.043259 0.001223 0.230000 0.776751 -0.533218 0.335165 0.000000
-0.039743 0.001302 0.245000 -0.185362 -0.858334 -0.478440 0.000000
-0.033844 0.001297 0.244000 -0.306102 -0.839365 -0.449187 0.000000
0.035619 0.001239 0.233000 -0.693392 -0.027329 0.720042 0.000000
-0.041018 0.001833 0.239000 0.801462 -0.582134 0.137036 0.000000
-0.036287 0.001879 0.245000 -0.293641 -0.836905 -0.461915 0.000000
0.033427 0.001787 0.233000 -0.619043 -0.020442 0.785091 0.000000
-0.041613 0.002364 0.236000 0.823252 -0.542592 0.166882 0.000000
-0.036828 0.002415 0.241000 -0.240567 -0.944562 -0.223450 0.000000
-0.031032 0.002405 0.240000 -0.403057 -0.816482 -0.413403 0.000000
-0.041613 0.002919 0.236000 0.823252 -0.542592 0.166882 0.000000
-0.036369 0.002944 0.238000 -0.067241 -0.968492 -0.239796 0.000000
-0.030902 0.002957 0.239000 -0.391860 -0.829618 -0.397718 0.000000
-0.041232 0.003489 0.237000 0.816462 -0.550186 0.175173 0.000000
-0.035358 0.003460 0.235000 -0.046645 -0.900793 -0.431736 0.000000
-0.030213 0.003504 0.238000 -0.340740 -0.866417 -0.364991 0.000000
-0.041406 0.004063 0.238000 0.753239 -0.649260 0.105324 0.000000
-0.035208 0.003995 0.234000 -0.034856 -0.930723 -0.364059 0.000000
-0.029959 0.004029 0.236000 -0.291535 -0.857223 -0.424471 0.000000
-0.043061 0.004681 0.241000 0.930678 -0.356150 0.083635 0.000000
-0.035452 0.004506 0.232000 -0.184589 -0.826251 -0.532200 0.000000
-0.030256 0.004545 0.234000 -0.264523 -0.859835 -0.436705 0.000000
-0.024330 0.004468 0.230000 -0.437124 -0.669676 -0.600381 0.000000
-0.039727 0.005183 0.238000 -0.028889 -0.993939 -0.106068 0.000000
-0.032983 0.005008 0.230000 -0.292295 -0.770811 -0.566051 0.000000
-0.027815 0.005052 0.232000 -0.256404 -0.832087 -0.491822 0.000000
-0.021974 0.004965 0.228000 -0.370359 -0.707260 -0.602177 0.000000
-0.043955 0.005935 0.246000 0.978020 0.189358 0.087294 0.000000
-0.035998 0.005598 0.232000 -0.231573 -0.783939 -0.576033 0.000000
-0.030411 0.005573 0.231000 -0.188476 -0.849774 -0.492302 0.000000
-0.024763 0.005525 0.229000 -0.347267 -0.771898 -0.532522 0.000000
-0.019040 0.005429 0.225000 -0.313427 -0.738977 -0.596387 0.000000
0.031374 0.005549 0.230000 -0.736110 -0.312305 0.600506 0.000000
-0.039003 0.006275 0.237000 0.043164 -0.991944 -0.119100 0.000000
-0.032161 0.006037 0.228000 -0.349569 -0.592430 -0.725829 0.000000
-0.026917 0.006064 0.229000 -0.249982 -0.768841 -0.588551 0.000000
-0.021250 0.005984 0.226000 -0.345601 -0.754233 -0.558294 0.000000
-0.015724 0.005905 0.223000 -0.120455 -0.656716 -0.744456 0.000000
0.019096 0.006514 0.246000 0.420009 -0.850275 -0.317214 0.000000
0.031238 0.006064 0.229000 -0.749423 -0.352073 0.560722 0.000000
-0.039167 0.006862 0.238000 -0.111639 -0.971989 -0.206821 0.000000
-0.032019 0.006544 0.227000 -0.362967 -0.477045 -0.800427 0.000000
-0.026799 0.006573 0.228000 -0.231628 -0.742161 -0.628924 0.000000
-0.021156 0.006487 0.225000 -0.296546 -0.769191 -0.566044 0.000000
-0.015654 0.006400 0.222000 0.038226 -0.590583 -0.806071 0.000000
-0.010528 0.006458 0.224000 -0.017081 -0.423966 -0.905517 0.000000
0.017647 0.006977 0.242000 0.293997 -0.922469 -0.250234 0.000000
0.029293 0.006775 0.235000 -0.806219 -0.487768 -0.334803 0.000000
-0.042048 0.007639 0.245000 -0.432462 -0.874218 -0.220726 0.000000
-0.033621 0.007078 0.227000 0.454178 0.248805 0.855464 0.000000
-0.028283 0.007078 0.227000 -0.265033 -0.680596 -0.683042 0.000000
-0.022743 0.007016 0.225000 -0.349091 -0.781944 -0.516430 0.000000
-0.017142 0.006891 0.221000 -0.073984 -0.674585 -0.734480 0.000000
-0.012054 0.006953 0.223000 0.075090 -0.454109 -0.887776 0.000000
-0.006780 0.006922 0.222000 -0.214103 -0.384800 -0.897825 0.000000
-0.001567 0.006953 0.223000 0.400066 -0.159383 -0.902521 0.000000
0.015676 0.007421 0.238000 0.481519 -0.816832 -0.317686 0.000000
0.023048 0.007452 0.239000 0.466787 -0.873764 -0.136553 0.000000
0.028919 0.007234 0.232000 -0.736980 -0.550500 0.392185 0.000000
-0.040964 0.008115 0.242000 -0.281244 -0.938615 -0.199757 0.000000
-0.032941 0.007578 0.226000 0.443493 0.324534 0.835459 0.000000
-0.027627 0.007578 0.226000 -0.324748 -0.564771 -0.758665 0.000000
-0.022017 0.007478 0.223000 -0.242183 -0.719976 -0.650370 0.000000
-0.016548 0.007377 0.220000 0.142100 -0.281138 -0.949088 0.000000
-0.011530 0.007478 0.223000 0.075182 -0.432173 -0.898651 0.000000
-0.006230 0.007411 0.221000 -0.210010 -0.545740 -0.811211 0.000000
-0.001047 0.007511 0.224000 0.392646 -0.163372 -0.905063 0.000000
0.004239 0.007545 0.225000 0.215102 -0.129310 -0.967993 0.000000
0.009699 0.007679 0.229000 0.696586 -0.386612 -0.604400 0.000000
0.015611 0.007947 0.237000 0.359314 -0.882897 -0.302301 0.000000
0.021924 0.008014 0.239000 0.413140 -0.889020 -0.197381 0.000000
0.026853 0.007813 0.233000 -0.686601 -0.723214 -0.074437 0.000000
0.031637 0.007646 0.228000 -0.648857 -0.415833 0.637234 0.000000
-0.035688 0.008253 0.230000 0.760705 0.152608 0.630902 0.000000
-0.029753 0.008110 0.226000 0.418619 0.392588 0.818922 0.000000
-0.024114 0.008002 0.223000 -0.403015 -0.682634 -0.609582 0.000000
-0.018617 0.007895 0.220000 -0.032032 -0.385776 -0.922036 0.000000
-0.013505 0.007930 0.221000 0.220626 -0.316201 -0.922681 0.000000
-0.008346 0.007966 0.222000 -0.195558 -0.491294 -0.848756 0.000000
-0.003126 0.007966 0.222000 0.437967 -0.384177 -0.812769 0.000000
0.002123 0.008074 0.225000 0.269684 -0.157770 -0.949936 0.000000
0.007446 0.008110 0.226000 0.318093 -0.273278 -0.907819 0.000000
0.013212 0.008397 0.234000 0.488903 -0.774436 -0.401526 0.000000
0.019984 0.008469 0.236000 0.187704 -0.910763 -0.367802 0.000000
0.024668 0.008182 0.228000 -0.522098 -0.397497 0.754592 0.000000
0.030161 0.008218 0.229000 -0.648857 -0.415833 0.637234 0.000000
-0.036386 0.008832 0.231000 0.790488 0.117166 0.601167 0.000000
-0.030150 0.008603 0.225000 0.491426 0.240076 0.837176 0.000000
-0.024639 0.008527 0.223000 0.545643 0.465624 0.696756 0.000000
-0.019134 0.008412 0.220000 -0.032032 -0.385776 -0.922036 0.000000
-0.013961 0.008412 0.220000 0.229469 -0.257560 -0.938620 0.000000
-0.008868 0.008488 0.222000 -0.246987 -0.451008 -0.857665 0.000000
-0.003631 0.008450 0.221000 0.398825 -0.475458 -0.784142 0.000000
0.001587 0.008565 0.224000 0.293024 -0.187757 -0.937488 0.000000
0.006915 0.008641 0.226000 0.284283 -0.342614 -0.895432 0.000000
0.012554 0.008871 0.232000 0.499792 -0.739415 -0.451081 0.000000
0.020379 0.008718 0.228000 0.339151 -0.723866 -0.600828 0.000000
0.025853 0.008756 0.229000 -0.602024 -0.465086 0.649047 0.000000
-0.042734 0.010106 0.249000 -0.563214 -0.740020 -0.367641 0.000000
-0.031878 0.009173 0.226000 0.491387 0.018121 0.870753 0.000000
-0.026212 0.009051 0.223000 0.535722 0.448442 0.715473 0.000000
-0.020686 0.008929 0.220000 -0.120482 -0.384426 -0.915260 0.000000
-0.015513 0.008929 0.220000 -0.144162 -0.044998 0.988530 0.000000
-0.010434 0.009010 0.222000 0.008156 -0.343116 -0.939258 0.000000
-0.005143 0.008889 0.219000 0.170550 -0.524467 -0.834175 0.000000
0.000006 0.009092 0.224000 0.421959 -0.222669 -0.878845 0.000000
0.005297 0.009132 0.225000 0.098359 -0.302123 -0.948181 0.000000
0.017313 0.009335 0.230000 0.243616 -0.912407 -0.328884 0.000000
0.024026 0.009213 0.227000 -0.555741 -0.208972 0.804663 0.000000
0.029622 0.009294 0.229000 -0.646301 -0.470948 0.600420 0.000000
-0.031347 0.009704 0.226000 0.428541 0.001960 0.903520 0.000000
-0.025572 0.009532 0.222000 0.658479 0.174659 0.732052 0.000000
-0.020169 0.009446 0.220000 -0.037773 -0.204464 -0.978145 0.000000
-0.014996 0.009446 0.220000 -0.100261 -0.144061 0.984477 0.000000
-0.009912 0.009532 0.222000 -0.128947 -0.398421 -0.908093 0.000000
-0.004607 0.009361 0.218000 0.404796 -0.406323 -0.819171 0.000000
0.000533 0.009618 0.224000 0.415129 -0.238630 -0.877908 0.000000
0.005826 0.009661 0.225000 0.104657 -0.409895 -0.906109 0.000000
0.013409 0.009790 0.228000 0.190789 -0.862429 -0.468845 0.000000
0.021169 0.009661 0.225000 -0.496779 0.266884 0.825823 0.000000
0.026930 0.009833 0.229000 -0.623767 -0.425355 0.655735 0.000000
-0.033087 0.010281 0.227000 0.506470 -0.137407 0.851239 0.000000
-0.027383 0.010145 0.224000 0.441585 0.090450 0.892648 0.000000
-0.021622 0.009918 0.219000 0.071383 -0.010162 0.997397 0.000000
-0.016623 0.010009 0.221000 -0.064336 -0.140630 0.987970 0.000000
-0.011426 0.010009 0.221000 0.111893 0.108175 0.987815 0.000000
-0.006117 0.009828 0.217000 -0.282643 -0.317822 -0.905043 0.000000
-0.001038 0.010054 0.222000 0.603851 -0.247787 -0.757605 0.000000
0.004220 0.010145 0.224000 0.021900 -0.311205 -0.950090 0.000000
0.009487 0.010145 0.224000 -0.055272 -0.675443 -0.735338 0.000000
0.021169 0.010190 0.225000 -0.603968 0.077042 0.793276 0.000000
0.027048 0.010417 0.230000 -0.633139 -0.375157 0.677047 0.000000
-0.033087 0.010815 0.227000 0.459263 -0.235836 0.856422 0.000000
-0.027383 0.010672 0.224000 0.503055 0.116997 0.856298 0.000000
-0.021622 0.010433 0.219000 0.088423 -0.055641 0.994528 0.000000
-0.016623 0.010529 0.221000 -0.090686 -0.160988 0.982781 0.000000
-0.011426 0.010529 0.221000 0.131810 0.062891 0.989278 0.000000
-0.006089 0.010291 0.216000 -0.297434 -0.364616 -0.882377 0.000000
0.000533 0.010672 0.224000 0.359479 -0.230492 -0.904239 0.000000
0.005800 0.010672 0.224000 -0.043852 -0.399922 -0.915500 0.000000
0.011594 0.010672 0.224000 0.089471 -0.752213 -0.652817 0.000000
0.019408 0.010624 0.223000 -0.499131 0.406448 0.765289 0.000000
0.025315 0.010910 0.229000 -0.596502 -0.315637 0.737942 0.000000
-0.034455 0.011448 0.229000 0.569368 -0.150191 0.808247 0.000000
-0.028690 0.011298 0.226000 0.425579 -0.226699 0.876065 0.000000
-0.022652 0.010948 0.219000 0.253020 -0.169290 0.952534 0.000000
-0.017742 0.011098 0.222000 -0.229578 -0.203001 0.951885 0.000000
-0.012465 0.011048 0.221000 -0.012768 -0.024293 0.999623 0.000000
-0.007170 0.010898 0.218000 -0.320729 -0.257421 -0.911519 0.000000
-0.002063 0.010998 0.220000 0.656100 -0.169568 -0.735377 0.000000
0.003167 0.011198 0.224000 0.079208 -0.341694 -0.936467 0.000000
0.008396 0.011148 0.223000 -0.187816 -0.637626 -0.747100 0.000000
0.013579 0.011098 0.222000 0.257342 -0.714966 -0.650076 0.000000
0.019495 0.011198 0.224000 -0.448650 0.397411 0.800486 0.000000
0.025425 0.011498 0.230000 -0.651704 -0.311416 0.691594 0.000000
-0.034455 0.011987 0.229000 0.569368 -0.150191 0.808247 0.000000
-0.028690 0.011830 0.226000 0.402215 -0.346731 0.847349 0.000000
-0.022652 0.011463 0.219000 0.196672 -0.179755 0.963851 0.000000
-0.017822 0.011673 0.223000 -0.153103 -0.213883 0.964787 0.000000
-0.012465 0.011568 0.221000 0.017277 0.033899 0.999276 0.000000
-0.007170 0.011411 0.218000 -0.296374 -0.286426 -0.911111 0.000000
-0.002063 0.011516 0.220000 -0.658392 0.149119 0.737755 0.000000
0.003167 0.011725 0.224000 0.044822 -0.381152 -0.923425 0.000000
0.008396 0.011673 0.223000 -0.227148 -0.630150 -0.742506 0.000000
0.014037 0.011568 0.221000 0.237461 -0.705152 -0.668112 0.000000
0.019495 0.011725 0.224000 -0.543093 0.286380 0.789327 0.000000
0.025425 0.012039 0.230000 -0.694915 -0.233461 0.680139 0.000000
-0.033769 0.012471 0.228000 0.425141 -0.315624 0.848314 0.000000
-0.028159 0.012361 0.226000 0.384007 -0.427268 0.818523 0.000000
-0.022238 0.012033 0.220000 0.198938 -0.272475 0.941372 0.000000
-0.017298 0.012197 0.223000 -0.134067 -0.154375 0.978874 0.000000
-0.012000 0.012142 0.222000 0.017277 0.033899 0.999276 0.000000
-0.006658 0.011924 0.218000 -0.233356 -0.243690 -0.941361 0.000000
-0.001038 0.012142 0.222000 0.506783 -0.245065 -0.826507 0.000000
0.004220 0.012252 0.224000 -0.048360 -0.493385 -0.868465 0.000000
0.010919 0.012088 0.221000 0.030121 -0.698349 -0.715123 0.000000
0.017233 0.012142 0.222000 -0.571952 0.182813 0.799656 0.000000
0.023060 0.012471 0.228000 -0.676352 -0.041730 0.735395 0.000000
0.030227 0.013018 0.238000 -0.861665 -0.463866 -0.205818 0.000000
-0.030016 0.013007 0.228000 0.338401 -0.402286 0.850677 0.000000
-0.023898 0.012607 0.221000 0.437186 -0.394208 0.808374 0.000000
-0.018786 0.012664 0.222000 -0.260402 -0.169168 0.950565 0.000000
-0.013566 0.012664 0.222000 0.072199 -0.083808 0.993863 0.000000
-0.008271 0.012550 0.220000 0.498937 0.067471 0.864008 0.000000
-0.002569 0.012493 0.219000 -0.582664 0.167183 0.795332 0.000000
0.003677 0.012721 0.223000 -0.026427 -0.448118 -0.893584 0.000000
0.011284 0.012436 0.218000 0.035089 -0.625163 -0.779705 0.000000
0.020111 0.012836 0.225000 -0.642624 0.120033 0.756721 0.000000
0.026192 0.013235 0.232000 -0.745580 -0.348364 0.568113 0.000000
-0.033233 0.013543 0.228000 0.469386 -0.353253 0.809252 0.000000
-0.027749 0.013483 0.227000 0.373490 -0.407452 0.833360 0.000000
-0.021721 0.013068 0.220000 0.165978 -0.377704 0.910928 0.000000
-0.016698 0.013186 0.222000 -0.072716 -0.158347 0.984702 0.000000
-0.011478 0.013186 0.222000 -0.123696 -0.142309 -0.982063 0.000000
-0.006145 0.012949 0.218000 0.063522 -0.331086 -0.941460 0.000000
-0.001038 0.013186 0.222000 0.494900 -0.243841 -0.834035 0.000000
0.004201 0.013246 0.223000 -0.109066 -0.523735 -0.844871 0.000000
0.016711 0.013186 0.222000 -0.550532 0.182331 0.814660 0.000000
0.022523 0.013543 0.228000 -0.706710 -0.112368 0.698523 0.000000
0.028863 0.014018 0.236000 -0.861665 -0.463866 -0.205818 0.000000
-0.031225 0.014141 0.229000 0.432489 -0.437177 0.788562 0.000000
-0.025276 0.013832 0.224000 0.579724 -0.490702 0.650485 0.000000
-0.019741 0.013647 0.221000 -0.147854 -0.291517 0.945070 0.000000
-0.014676 0.013770 0.223000 -0.014718 -0.053341 -0.998468 0.000000
-0.009348 0.013647 0.221000 -0.437559 -0.260429 -0.860650 0.000000
-0.004095 0.013461 0.218000 0.387940 -0.268271 -0.881778 0.000000
0.001060 0.013832 0.224000 0.280756 -0.361704 -0.889014 0.000000
0.006242 0.013647 0.221000 -0.329603 -0.679068 -0.655918 0.000000
0.014359 0.013461 0.218000 -0.468112 0.140741 0.872389 0.000000
0.021263 0.013955 0.226000 -0.709678 -0.045360 0.703064 0.000000
0.027518 0.014449 0.234000 -0.927622 -0.370233 0.049452 0.000000
-0.030686 0.014679 0.229000 0.394997 -0.409393 0.822420 0.000000
-0.024860 0.014423 0.225000 0.537595 -0.526498 0.658629 0.000000
-0.019221 0.014166 0.221000 -0.144646 -0.301873 0.942311 0.000000
-0.014151 0.014295 0.223000 -0.041438 -0.230335 -0.972229 0.000000
-0.008828 0.014166 0.221000 -0.387414 -0.249959 -0.887373 0.000000
-0.003598 0.014038 0.219000 0.510118 -0.230276 -0.828706 0.000000
0.001587 0.014359 0.224000 0.225858 -0.367142 -0.902328 0.000000
0.006731 0.014102 0.220000 -0.219332 -0.699986 -0.679642 0.000000
0.011688 0.013846 0.216000 -0.143669 0.298637 0.943491 0.000000
0.018359 0.014295 0.223000 -0.649227 0.000714 0.760595 0.000000
0.024344 0.014743 0.230000 -0.733248 -0.150968 0.662991 0.000000
-0.034606 0.015284 0.230000 0.472386 -0.326816 0.818561 0.000000
-0.029071 0.015218 0.229000 0.377458 -0.484511 0.789161 0.000000
-0.023272 0.014952 0.225000 0.461929 -0.567440 0.681641 0.000000
-0.017662 0.014686 0.221000 -0.113919 -0.086391 0.989727 0.000000
-0.012578 0.014819 0.223000 -0.129699 -0.390169 -0.911563 0.000000
-0.007269 0.014686 0.221000 -0.198174 -0.329490 -0.923127 0.000000
-0.002072 0.014686 0.221000 0.393308 -0.555680 -0.732481 0.000000
0.003153 0.014819 0.223000 -0.124278 -0.649577 -0.750070 0.000000
0.008208 0.014487 0.218000 -0.129815 -0.635904 -0.760772 0.000000
0.013273 0.014420 0.217000 -0.395070 0.222443 0.891313 0.000000
0.020111 0.014952 0.225000 -0.726609 -0.019380 0.686777 0.000000
0.026305 0.015483 0.233000 -0.799400 -0.297520 0.521960 0.000000
-0.032302 0.015756 0.229000 0.446825 -0.447700 0.774540 0.000000
-0.026917 0.015756 0.229000 0.391249 -0.431469 0.812870 0.000000
-0.020968 0.015343 0.223000 0.213706 -0.660491 0.719779 0.000000
-0.015583 0.015206 0.221000 -0.156790 -0.441279 -0.883566 0.000000
-0.010434 0.015274 0.222000 -0.324177 -0.467309 -0.822515 0.000000
-0.005167 0.015137 0.220000 0.221430 -0.652417 -0.724790 0.000000
0.000006 0.015343 0.223000 0.314917 -0.469882 -0.824644 0.000000
0.005179 0.015137 0.220000 -0.297432 -0.713032 -0.634917 0.000000
0.010211 0.014930 0.217000 0.071047 -0.410073 -0.909281 0.000000
0.015525 0.015137 0.220000 -0.563908 -0.014662 0.825707 0.000000
0.021263 0.015550 0.226000 -0.714498 -0.029572 0.699012 0.000000
0.027871 0.016307 0.237000 -0.957237 -0.232545 0.172107 0.000000
-0.030279 0.016366 0.230000 0.377458 -0.484511 0.789161 0.000000
-0.024655 0.016223 0.228000 0.463352 -0.514390 0.721601 0.000000
-0.018701 0.015725 0.221000 -0.054736 -0.154341 0.986500 0.000000
-0.013444 0.015654 0.220000 -0.182908 -0.609720 -0.771224 0.000000
-0.007718 0.015583 0.219000 -0.171603 -0.732628 -0.658641 0.000000
-0.002580 0.015654 0.220000 0.333750 -0.697646 -0.633957 0.000000
0.002605 0.015725 0.221000 -0.087625 -0.750713 -0.654792 0.000000
0.007660 0.015441 0.217000 -0.117493 -0.621492 -0.774560 0.000000
0.012821 0.015512 0.218000 -0.351541 0.116293 0.928921 0.000000
0.018359 0.015868 0.223000 -0.648712 -0.002477 0.761030 0.000000
0.024344 0.016366 0.230000 -0.742648 -0.208367 0.636441 0.000000
-0.022844 0.016612 0.226000 0.459967 -0.567805 0.682662 0.000000
-0.017065 0.016171 0.220000 -0.056907 -0.472712 -0.879377 0.000000
-0.011838 0.016098 0.219000 -0.185612 -0.730372 -0.657347 0.000000
-0.005120 0.016024 0.218000 0.194846 -0.650514 -0.734076 0.000000
0.000006 0.016318 0.222000 0.282518 -0.692087 -0.664228 0.000000
0.005132 0.016024 0.218000 -0.143200 -0.798382 -0.584875 0.000000
0.010258 0.016024 0.218000 0.071047 -0.410073 -0.909281 0.000000
0.015525 0.016171 0.220000 -0.563908 -0.014662 0.825707 0.000000
0.021263 0.016612 0.226000 -0.712552 -0.076309 0.697457 0.000000
-0.022844 0.017144 0.226000 0.454598 -0.563820 0.689528 0.000000
-0.017065 0.016689 0.220000 -0.078708 -0.547707 -0.832960 0.000000
-0.011784 0.016537 0.218000 -0.219299 -0.744282 -0.630835 0.000000
-0.006627 0.016461 0.217000 -0.091519 -0.617292 -0.781393 0.000000
-0.001033 0.016765 0.221000 0.198968 -0.793341 -0.575345 0.000000
0.004088 0.016461 0.217000 -0.127976 -0.854970 -0.502641 0.000000
0.009746 0.016537 0.218000 0.071047 -0.410073 -0.909281 0.000000
0.015008 0.016689 0.220000 -0.501216 -0.047833 0.863999 0.000000
0.020732 0.017144 0.226000 -0.718405 -0.057830 0.693217 0.000000
-0.019919 0.017441 0.223000 0.244458 -0.697780 0.673308 0.000000
-0.014347 0.017050 0.218000 -0.110975 -0.767002 -0.631975 0.000000
-0.008668 0.016971 0.217000 -0.214048 -0.699204 -0.682127 0.000000
-0.003549 0.016893 0.216000 0.298353 -0.656934 -0.692404 0.000000
0.002057 0.017050 0.218000 0.041214 -0.851970 -0.521967 0.000000
0.007695 0.017050 0.218000 -0.126808 -0.688582 -0.713985 0.000000
0.012939 0.017206 0.220000 -0.474999 -0.051067 0.878503 0.000000
0.018359 0.017441 0.223000 -0.627412 -0.020878 0.778408 0.000000
0.024238 0.017910 0.229000 -0.766558 -0.192452 0.612659 0.000000
-0.013260 0.017482 0.217000 -0.162200 -0.758957 -0.630615 0.000000
-0.007577 0.017321 0.215000 -0.088360 -0.643989 -0.759915 0.000000
-0.002533 0.017401 0.216000 0.174724 -0.753651 -0.633626 0.000000
0.002557 0.017482 0.217000 0.002341 -0.841199 -0.540721 0.000000
0.007695 0.017562 0.218000 -0.079441 -0.686969 -0.722332 0.000000
0.012939 0.017723 0.220000 -0.432954 -0.021933 0.901149 0.000000
0.018359 0.017965 0.223000 -0.631418 -0.111777 0.767344 0.000000
0.024238 0.018448 0.229000 -0.766558 -0.192452 0.612659 0.000000
-0.011676 0.017909 0.216000 -0.201667 -0.768590 -0.607124 0.000000
-0.006566 0.017826 0.215000 -0.025554 -0.687992 -0.725268 0.000000
-0.001518 0.017909 0.216000 0.133376 -0.806863 -0.575485 0.000000
0.005619 0.017992 0.217000 -0.113278 -0.868539 -0.482501 0.000000
0.010870 0.018241 0.220000 -0.202574 0.000006 0.979267 0.000000
0.016116 0.018324 0.221000 -0.597686 -0.058024 0.799628 0.000000
0.021794 0.018738 0.226000 -0.730208 -0.059378 0.680639 0.000000
-0.010610 0.018332 0.215000 -0.200652 -0.742031 -0.639632 0.000000
-0.005529 0.018246 0.214000 -0.033381 -0.580112 -0.813853 0.000000
0.000006 0.018417 0.216000 0.136263 -0.837196 -0.529656 0.000000
0.005619 0.018502 0.217000 -0.084530 -0.894914 -0.438160 0.000000
0.010870 0.018758 0.220000 -0.194726 -0.107273 0.974974 0.000000
0.016116 0.018843 0.221000 -0.610504 -0.088487 0.787054 0.000000
-0.011064 0.018750 0.214000 -0.200652 -0.742031 -0.639632 0.000000
-0.006032 0.018750 0.214000 -0.033381 -0.580112 -0.813853 0.000000
-0.000499 0.018837 0.215000 0.123117 -0.811808 -0.570797 0.000000
0.005619 0.019012 0.217000 -0.084530 -0.894914 -0.438160 0.000000
-0.001503 0.019253 0.214000 0.135950 -0.793072 -0.593764 0.000000
