0.026814 0.024168 0.300000 0.046336 0.326467 0.944072 1.000000
0.033530 0.023927 0.297000 0.298575 0.624055 0.722086 1.000000
0.040241 0.023765 0.295000 0.029385 0.771300 0.635793 1.000000
0.047657 0.024007 0.298000 -0.062703 0.860564 0.505467 1.000000
0.054481 0.023927 0.297000 0.009622 0.745577 0.666350 1.000000
0.026109 0.024874 0.300000 0.158919 0.096936 0.982521 1.000000
0.032832 0.024625 0.297000 0.298728 0.624813 0.721367 1.000000
0.039413 0.024376 0.294000 0.181839 0.604133 0.775860 1.000000
0.046641 0.024542 0.296000 -0.112379 0.806943 0.579839 1.000000
0.053601 0.024542 0.296000 -0.013264 0.773253 0.633958 1.000000
0.060562 0.024542 0.296000 -0.008903 0.564789 0.825187 1.000000
0.024233 0.025835 0.303000 0.614700 -0.292470 0.732534 1.000000
0.030633 0.025238 0.296000 0.315857 0.546031 0.775941 1.000000
0.037212 0.024982 0.293000 0.268624 0.552192 0.789256 1.000000
0.044102 0.024982 0.293000 -0.123965 0.604211 0.787122 1.000000
0.051339 0.025153 0.295000 -0.083488 0.729334 0.679045 1.000000
0.058078 0.025067 0.294000 -0.101412 0.517274 0.849790 1.000000
0.065655 0.025323 0.297000 -0.085940 -0.289441 0.953330 1.000000
0.022387 0.026898 0.307000 -0.597123 0.601482 -0.530719 1.000000
0.028641 0.026022 0.297000 0.463485 0.298770 0.834217 1.000000
0.035265 0.025759 0.294000 0.387974 0.520295 0.760769 1.000000
0.041891 0.025584 0.292000 0.056328 0.556422 0.828988 1.000000
0.048924 0.025671 0.293000 -0.096257 0.609918 0.786597 1.000000
0.056004 0.025759 0.294000 -0.227456 0.452214 0.862419 1.000000
0.063560 0.026022 0.297000 -0.333634 0.031849 0.942165 1.000000
0.070781 0.026109 0.298000 -0.126345 0.595767 -0.793157 1.000000
0.021877 0.027890 0.310000 -0.463677 0.727691 -0.505441 1.000000
0.027943 0.026720 0.297000 0.501361 0.126787 0.855899 1.000000
0.034574 0.026450 0.294000 0.387974 0.520295 0.760769 1.000000
0.041205 0.026270 0.292000 0.127318 0.487464 0.863811 1.000000
0.048071 0.026270 0.292000 -0.093703 0.548360 0.830976 1.000000
0.055125 0.026360 0.293000 -0.213657 0.338424 0.916417 1.000000
0.062861 0.026720 0.297000 -0.438501 -0.142276 0.887398 1.000000
0.070315 0.026900 0.299000 -0.064900 0.624523 -0.778305 1.000000
0.020682 0.028988 0.314000 -0.425567 0.645983 -0.633718 1.000000
0.026636 0.027511 0.298000 0.559745 -0.275691 0.781460 1.000000
0.033304 0.027234 0.295000 0.375597 0.525680 0.763274 1.000000
0.039695 0.026864 0.291000 0.152506 0.478554 0.864713 1.000000
0.046698 0.026957 0.292000 -0.099211 0.508027 0.855609 1.000000
0.053564 0.026957 0.292000 -0.173923 0.353837 0.918994 1.000000
0.061258 0.027326 0.296000 -0.441069 -0.158678 0.883334 1.000000
0.069140 0.027695 0.300000 -0.040143 0.609332 -0.791899 1.000000
0.019389 0.030010 0.317000 -0.274789 0.659755 -0.699438 1.000000
0.025404 0.028401 0.300000 0.612093 -0.201629 0.764649 1.000000
0.031917 0.027927 0.295000 0.485250 0.359736 0.796946 1.000000
0.038327 0.027549 0.291000 0.244970 0.365982 0.897801 1.000000
0.045324 0.027643 0.292000 -0.135931 0.413561 0.900272 1.000000
0.052190 0.027643 0.292000 -0.175062 0.473454 0.863246 1.000000
0.059663 0.027927 0.295000 -0.388776 0.027910 0.920910 1.000000
0.067729 0.028401 0.300000 0.103768 0.631007 -0.768806 1.000000
0.075780 0.028779 0.304000 -0.017340 0.774240 -0.632655 1.000000
0.024863 0.029300 0.302000 0.706548 -0.394283 0.587649 1.000000
0.031223 0.028621 0.295000 0.503266 0.305690 0.808256 1.000000
0.037642 0.028233 0.291000 0.279682 0.337821 0.898696 1.000000
0.044485 0.028233 0.291000 -0.073849 0.270289 0.959943 1.000000
0.051504 0.028330 0.292000 -0.177352 0.387550 0.904628 1.000000
0.058770 0.028524 0.294000 -0.350661 0.098313 0.931328 1.000000
0.067023 0.029106 0.300000 0.153353 0.601371 -0.784114 1.000000
0.075806 0.029785 0.307000 -0.026314 0.786614 -0.616884 1.000000
0.024473 0.030408 0.306000 0.622685 -0.637710 0.453420 1.000000
0.030633 0.029414 0.296000 0.572972 0.136675 0.808098 1.000000
0.037085 0.029017 0.292000 0.279682 0.337821 0.898696 1.000000
0.043801 0.028917 0.291000 -0.059471 0.252362 0.965804 1.000000
0.050817 0.029017 0.292000 -0.146779 0.444002 0.883922 1.000000
0.057881 0.029116 0.293000 -0.375978 0.013342 0.926532 1.000000
0.066318 0.029812 0.300000 -0.389503 -0.552659 0.736787 1.000000
0.075573 0.030706 0.309000 0.072006 0.738000 -0.670948 1.000000
0.023410 0.031636 0.311000 -0.407117 0.807739 -0.426395 1.000000
0.029933 0.030822 0.303000 0.628352 -0.476242 0.615116 1.000000
0.035834 0.029805 0.293000 0.385854 0.148791 0.910482 1.000000
0.042432 0.029601 0.291000 -0.014948 0.194122 0.980863 1.000000
0.049444 0.029703 0.292000 -0.119138 0.341643 0.932248 1.000000
0.056503 0.029805 0.293000 -0.373948 -0.207695 0.903895 1.000000
0.064691 0.030415 0.299000 -0.404937 -0.572017 0.713318 1.000000
0.074600 0.031636 0.311000 -0.028887 0.679697 -0.732924 1.000000
0.023711 0.032784 0.315000 -0.517837 0.580344 -0.628527 1.000000
0.030426 0.032055 0.308000 0.799653 -0.282750 0.529724 1.000000
0.036079 0.030702 0.295000 0.377708 0.149479 0.913779 1.000000
0.042432 0.030286 0.291000 -0.014948 0.194122 0.980863 1.000000
0.049444 0.030390 0.292000 -0.133687 0.199168 0.970804 1.000000
0.056696 0.030598 0.294000 -0.373948 -0.207695 0.903895 1.000000
0.065123 0.031327 0.301000 -0.409464 -0.632329 0.657647 1.000000
0.020452 0.034269 0.322000 0.042460 0.693759 -0.718954 1.000000
0.030281 0.033418 0.314000 0.800553 -0.508881 0.316471 1.000000
0.035985 0.031928 0.300000 0.609451 0.052134 0.791108 1.000000
0.041748 0.030970 0.291000 0.046537 0.106775 0.993194 1.000000
0.048757 0.031076 0.292000 -0.171400 -0.102167 0.979890 1.000000
0.056195 0.031396 0.295000 -0.398675 -0.298758 0.867065 1.000000
0.064630 0.032141 0.302000 -0.403639 -0.642652 0.651210 1.000000
0.021407 0.035353 0.325000 -0.047402 0.872875 -0.485636 1.000000
0.028691 0.034918 0.321000 -0.591486 0.771837 -0.233262 1.000000
0.043116 0.031654 0.291000 0.018989 0.086895 0.996037 1.000000
0.050302 0.031872 0.293000 -0.239472 -0.282799 0.928805 1.000000
0.057778 0.032198 0.296000 -0.421264 -0.399713 0.814104 1.000000
0.067143 0.033395 0.307000 -0.481508 -0.640812 0.597922 1.000000
0.023918 0.036450 0.328000 -0.220679 0.912459 -0.344556 1.000000
0.031342 0.036117 0.325000 -0.649305 0.760304 -0.018494 1.000000
0.042870 0.032672 0.294000 0.092459 -0.253665 0.962863 1.000000
0.049613 0.032561 0.293000 -0.212031 -0.358973 0.908945 1.000000
0.057274 0.033005 0.297000 -0.383826 -0.583092 0.716018 1.000000
0.066422 0.034117 0.307000 -0.467232 -0.607197 0.642656 1.000000
0.027333 0.037675 0.332000 0.104828 0.951069 -0.290653 1.000000
0.035245 0.037789 0.333000 0.157154 0.985042 -0.070676 1.000000
0.059769 0.033931 0.299000 -0.493495 -0.607193 0.622719 1.000000
0.066984 0.037727 0.313000 -0.505470 -0.103799 0.856578 2.000000
0.067198 0.038586 0.314000 -0.460625 0.099797 0.881967 2.000000
0.062293 0.038573 0.308000 -0.681278 -0.123473 0.721537 2.000000
0.024915 0.042232 0.331000 0.506463 0.861481 0.036678 2.000000
0.061568 0.039297 0.308000 -0.676167 0.115496 0.727639 2.000000
0.023359 0.043010 0.331000 0.511511 0.765358 0.390618 2.000000
0.031236 0.043140 0.332000 0.613319 0.770734 0.172654 2.000000
0.064155 0.040281 0.310000 -0.619197 0.410156 0.669602 2.000000
0.023918 0.043392 0.328000 0.627431 0.719520 0.297695 2.000000
0.031920 0.043788 0.331000 0.625802 0.733464 0.265335 2.000000
0.061368 0.040613 0.307000 -0.568290 0.398838 0.719704 2.000000
0.070374 0.041672 0.315000 -0.467468 0.329223 0.820418 2.000000
0.026427 0.043220 0.321000 0.987662 0.126515 0.092287 2.000000
0.053091 0.040528 0.301000 -0.360794 0.314097 0.878163 2.000000
0.061368 0.041335 0.307000 -0.596441 0.382834 0.705476 2.000000
0.070151 0.042278 0.314000 -0.467468 0.329223 0.820418 2.000000
0.026262 0.043701 0.319000 0.891958 0.250933 0.376090 2.000000
0.046641 0.040550 0.296000 -0.128267 0.104342 0.986235 2.000000
0.054507 0.041235 0.301000 -0.426493 0.464736 0.775967 2.000000
0.062812 0.042057 0.307000 -0.646446 0.426884 0.632359 2.000000
0.071856 0.043153 0.315000 -0.442270 0.542654 0.714089 2.000000
0.026015 0.044033 0.316000 0.861319 0.391696 0.323581 2.000000
0.046641 0.041246 0.296000 -0.035351 0.344363 0.938171 2.000000
0.054326 0.041804 0.300000 -0.341394 0.625178 0.701857 2.000000
0.062608 0.042640 0.306000 -0.630634 0.501819 0.592013 2.000000
0.071628 0.043755 0.314000 -0.473287 0.692740 0.544160 2.000000
0.024607 0.044918 0.317000 0.893269 0.342541 0.291095 2.000000
0.032061 0.044918 0.317000 0.845896 0.491108 0.208022 2.000000
0.044403 0.041801 0.295000 0.010553 0.017150 0.999797 2.000000
0.051861 0.042226 0.298000 -0.285343 0.553097 0.782728 2.000000
0.059856 0.042934 0.303000 -0.530789 0.598709 0.599842 2.000000
0.068750 0.044068 0.311000 -0.501885 0.678988 0.535805 2.000000
0.021670 0.047392 0.329000 0.688575 0.587459 0.425154 2.000000
0.027619 0.044511 0.309000 0.588260 0.739183 0.327961 2.000000
0.036573 0.044799 0.311000 0.706507 0.569867 0.419641 2.000000
0.043161 0.042638 0.296000 0.099271 0.171113 0.980238 2.000000
0.050121 0.042638 0.296000 -0.189059 0.433768 0.880967 2.000000
0.057853 0.043215 0.300000 -0.407060 0.665452 0.625680 2.000000
0.066638 0.044367 0.308000 -0.556089 0.636263 0.534729 2.000000
0.075559 0.045375 0.315000 -0.578846 0.663888 0.473488 2.000000
0.026166 0.045238 0.309000 0.551642 0.751501 0.361854 2.000000
0.032891 0.044506 0.304000 0.633404 0.505061 0.586270 2.000000
0.038985 0.043334 0.296000 0.316576 0.223084 0.921962 2.000000
0.045790 0.043188 0.295000 0.047603 0.222023 0.973879 2.000000
0.052905 0.043334 0.296000 -0.170033 0.528305 0.831855 2.000000
0.060877 0.044066 0.301000 -0.517752 0.616481 0.593198 2.000000
0.069986 0.045384 0.310000 -0.386201 0.721370 0.574868 2.000000
0.023262 0.047452 0.319000 0.727168 0.646795 0.229961 2.000000
0.029316 0.045220 0.304000 0.648840 0.507913 0.566596 2.000000
0.035745 0.044328 0.298000 0.503129 0.310952 0.806331 2.000000
0.042465 0.044030 0.296000 0.135291 0.175896 0.975068 2.000000
0.049425 0.044030 0.296000 -0.133162 0.401129 0.906291 2.000000
0.056766 0.044328 0.298000 -0.293493 0.685456 0.666343 2.000000
0.065272 0.045369 0.305000 -0.555676 0.630639 0.541774 2.000000
0.021539 0.049411 0.327000 0.616063 0.726688 0.303961 2.000000
0.027351 0.046237 0.306000 0.654479 0.501724 0.565624 2.000000
0.033869 0.045331 0.300000 0.567269 0.308876 0.763414 2.000000
0.040377 0.044726 0.296000 0.288716 0.243278 0.925991 2.000000
0.047337 0.044726 0.296000 0.045971 0.242603 0.969036 2.000000
0.054297 0.044726 0.296000 -0.132244 0.603550 0.786282 2.000000
0.062085 0.045331 0.300000 -0.501294 0.684066 0.529867 2.000000
0.071214 0.046691 0.309000 -0.385423 0.738340 0.553446 2.000000
0.026718 0.047110 0.307000 0.652409 0.537072 0.534711 2.000000
0.033163 0.046036 0.300000 0.580312 0.290755 0.760723 2.000000
0.039815 0.045576 0.297000 0.302627 0.251912 0.919216 2.000000
0.046641 0.045422 0.296000 0.075142 0.234754 0.969146 2.000000
0.053601 0.045422 0.296000 -0.093631 0.599197 0.795108 2.000000
0.061175 0.045883 0.299000 -0.479304 0.711234 0.514213 2.000000
0.070031 0.047110 0.307000 -0.308496 0.795972 0.520824 2.000000
0.028602 0.047365 0.304000 0.662937 0.361889 0.655401 2.000000
0.035162 0.046586 0.299000 0.526728 0.284993 0.800835 2.000000
0.041910 0.046274 0.297000 0.211404 0.206874 0.955255 2.000000
0.048565 0.045963 0.295000 -0.015734 0.288855 0.957244 2.000000
0.055501 0.045963 0.295000 -0.148447 0.658293 0.737980 2.000000
0.063708 0.046897 0.301000 -0.551086 0.644858 0.529587 2.000000
0.027979 0.048238 0.305000 0.631492 0.378500 0.676725 2.000000
0.034459 0.047289 0.299000 0.561211 0.290282 0.775099 2.000000
0.041212 0.046973 0.297000 0.246562 0.248513 0.936722 2.000000
0.047871 0.046656 0.295000 0.010654 0.299247 0.954116 2.000000
0.054808 0.046656 0.295000 -0.111305 0.654038 0.748228 2.000000
0.062581 0.047289 0.299000 -0.471407 0.731237 0.493020 2.000000
0.032458 0.048152 0.300000 0.619082 0.275661 0.735356 2.000000
0.039117 0.047671 0.297000 0.325121 0.360234 0.874373 2.000000
0.045790 0.047350 0.295000 0.111138 0.312384 0.943432 2.000000
0.052548 0.047189 0.294000 0.017679 0.581108 0.813634 2.000000
0.059866 0.047510 0.296000 -0.368321 0.741543 0.560762 2.000000
0.036323 0.048369 0.297000 0.419736 0.488032 0.765276 2.000000
0.043161 0.048206 0.296000 0.158691 0.280458 0.946657 2.000000
0.049952 0.048044 0.295000 0.139693 0.525351 0.839341 2.000000
0.056696 0.047881 0.294000 -0.153189 0.719021 0.677895 2.000000
0.038985 0.048902 0.296000 0.316427 0.426394 0.847385 2.000000
0.045790 0.048737 0.295000 0.137896 0.405338 0.903707 2.000000
0.052548 0.048572 0.294000 0.009783 0.578076 0.815924 2.000000
0.041628 0.049431 0.295000 0.159392 0.460555 0.873203 2.000000
0.048565 0.049431 0.295000 0.157977 0.497901 0.852724 2.000000
0.043709 0.050125 0.295000 0.126531 0.508551 0.851684 2.000000
0.009913 0.001722 0.324000 0.903016 -0.081591 0.421789 0.000000
0.013511 0.002446 0.319000 0.880229 -0.110546 0.461494 0.000000
0.009852 0.003983 0.322000 0.909542 -0.056118 0.411806 0.000000
0.009852 0.004740 0.322000 0.909542 -0.056118 0.411806 0.000000
0.022822 0.004328 0.294000 -0.299354 0.505047 -0.809515 0.000000
0.012761 0.005446 0.319000 0.891544 -0.087506 0.444401 0.000000
0.008338 0.006255 0.322000 0.921974 -0.032858 0.385856 0.000000
0.022977 0.005750 0.296000 -0.369876 0.514454 -0.773647 0.000000
0.021804 0.006511 0.299000 -0.363713 0.416857 -0.833032 0.000000
0.010543 0.007721 0.320000 0.909542 -0.056118 0.411806 0.000000
0.026368 0.007118 0.295000 -0.216405 0.597343 -0.772237 0.000000
0.033191 0.007093 0.294000 -0.045364 0.721896 -0.690513 0.000000
0.013426 0.008394 0.317000 0.894303 -0.045548 0.445138 0.000000
0.022657 0.007970 0.301000 -0.355804 0.401909 -0.843726 0.000000
0.029043 0.007785 0.294000 -0.100959 0.633065 -0.767487 0.000000
0.036201 0.007838 0.296000 0.171209 0.728950 -0.662812 0.000000
0.015465 0.009024 0.313000 0.899174 -0.063316 0.432986 0.000000
0.025404 0.008649 0.300000 -0.389491 0.567123 -0.725719 0.000000
0.031809 0.008476 0.294000 -0.009189 0.685560 -0.727958 0.000000
0.039644 0.008678 0.301000 0.457959 0.511536 -0.727052 0.000000
0.020024 0.009479 0.304000 0.696681 0.264184 0.666965 0.000000
0.030530 0.009199 0.295000 0.003358 0.616267 -0.787530 0.000000
0.037974 0.009323 0.299000 0.338024 0.587448 -0.735285 0.000000
0.012681 0.010630 0.317000 0.903618 -0.025236 0.427596 0.000000
0.020670 0.010160 0.303000 0.486247 0.077736 0.870357 0.000000
0.027943 0.009959 0.297000 -0.179511 0.530025 -0.828764 0.000000
0.034927 0.009959 0.297000 0.051315 0.667965 -0.742421 0.000000
0.043039 0.010228 0.305000 0.537449 0.204115 -0.818221 0.000000
0.015465 0.011232 0.313000 0.903961 -0.078184 0.420406 0.000000
0.022095 0.010873 0.303000 0.247301 -0.016075 0.968805 0.000000
0.028738 0.010694 0.298000 -0.096561 0.583084 -0.806653 0.000000
0.035865 0.010729 0.299000 0.262350 0.637737 -0.724199 0.000000
0.043900 0.010981 0.306000 0.611731 0.070307 -0.787935 0.000000
0.014823 0.012044 0.315000 0.884871 -0.051363 0.462996 0.000000
0.021383 0.011585 0.303000 0.247301 -0.016075 0.968805 0.000000
0.028131 0.011432 0.299000 -0.154504 0.520092 -0.840020 0.000000
0.035162 0.011432 0.299000 0.115792 0.661212 -0.741209 0.000000
0.043180 0.011700 0.306000 0.576552 0.157458 -0.801744 0.000000
0.011296 0.012988 0.320000 0.921912 -0.030492 0.386199 0.000000
0.018655 0.012379 0.305000 0.733355 0.213631 0.645408 0.000000
0.025488 0.012217 0.301000 0.239529 -0.137302 0.961132 0.000000
0.032350 0.012136 0.299000 0.151312 0.692434 -0.705436 0.000000
0.040039 0.012338 0.304000 0.509792 0.247058 -0.824060 0.000000
0.048118 0.012582 0.310000 -0.484583 0.614497 0.622553 0.000000
0.016097 0.013354 0.311000 0.927663 -0.068938 0.367000 0.000000
0.022732 0.012967 0.302000 0.258625 0.201793 0.944665 0.000000
0.029735 0.012924 0.301000 0.189953 0.606723 -0.771884 0.000000
0.037057 0.013010 0.303000 0.323873 0.465647 -0.823577 0.000000
0.044911 0.013225 0.308000 0.603195 0.052993 -0.795832 0.000000
0.053339 0.013526 0.315000 -0.233316 0.938824 0.253326 0.000000
0.019958 0.013723 0.303000 0.442446 0.319054 0.838120 0.000000
0.026904 0.013632 0.301000 0.087049 0.090881 -0.992050 0.000000
0.034207 0.013723 0.303000 0.172934 0.496418 -0.850684 0.000000
0.041741 0.013859 0.306000 0.536953 0.271484 -0.798735 0.000000
0.050792 0.014176 0.313000 -0.332549 0.811908 0.479808 0.000000
0.012881 0.015340 0.322000 0.921912 -0.030492 0.386199 0.000000
0.021949 0.014340 0.301000 0.205500 0.307230 0.929182 0.000000
0.029124 0.014388 0.302000 0.239215 0.400575 -0.884486 0.000000
0.036345 0.014435 0.303000 0.224049 0.384778 -0.895404 0.000000
0.044187 0.014674 0.308000 -0.626844 0.168067 0.760802 0.000000
0.052264 0.014912 0.313000 -0.294060 0.885402 0.359989 0.000000
0.013680 0.016148 0.323000 0.927868 0.005903 0.372863 0.000000
0.023287 0.014998 0.300000 0.196189 0.304648 0.932041 0.000000
0.030746 0.015198 0.304000 0.198168 0.241488 -0.949954 0.000000
0.037770 0.015148 0.303000 0.307084 0.219608 -0.925998 0.000000
0.046080 0.015548 0.311000 -0.517334 0.451213 0.727167 0.000000
0.053564 0.015598 0.312000 -0.079179 0.913750 0.398487 0.000000
0.018411 0.015756 0.301000 0.351940 0.175623 0.919399 0.000000
0.025404 0.015703 0.300000 -0.133473 0.010308 0.990999 0.000000
0.033716 0.015965 0.305000 0.163341 0.183709 -0.969315 0.000000
0.040888 0.015965 0.305000 -0.325640 0.076242 0.942415 0.000000
0.049162 0.016331 0.312000 -0.358646 0.759578 0.542600 0.000000
0.057049 0.016279 0.311000 0.221893 0.828854 0.513581 0.000000
0.018349 0.016409 0.300000 0.351940 0.175623 0.919399 0.000000
0.025404 0.016409 0.300000 -0.231863 0.009115 0.972706 0.000000
0.033826 0.016737 0.306000 0.198508 -0.070244 -0.977579 0.000000
0.041741 0.016737 0.306000 -0.427953 0.185940 0.884467 0.000000
0.049736 0.017010 0.311000 -0.359590 0.780427 0.511496 0.000000
0.006217 0.018825 0.330000 0.956434 0.118036 0.267022 0.000000
0.018991 0.017057 0.299000 0.310387 0.170507 0.935194 0.000000
0.026196 0.017171 0.301000 0.355260 -0.050236 -0.933417 0.000000
0.033716 0.017399 0.305000 -0.194944 0.133765 0.971650 0.000000
0.040754 0.017342 0.304000 -0.275527 0.386535 0.880157 0.000000
0.049162 0.017799 0.312000 -0.276642 0.811806 0.514237 0.000000
0.058753 0.017171 0.301000 0.154431 0.799554 0.580400 0.000000
0.010036 0.019483 0.328000 0.939661 0.057341 0.337268 0.000000
0.019629 0.017701 0.298000 -0.006402 0.215470 0.976489 0.000000
0.026904 0.017879 0.301000 0.402057 -0.062534 -0.913477 0.000000
0.034320 0.018057 0.304000 -0.203034 0.231023 0.951528 0.000000
0.041741 0.018176 0.306000 -0.355497 0.329575 0.874644 0.000000
0.050540 0.018235 0.307000 0.074883 0.862806 0.499959 0.000000
0.058239 0.017938 0.302000 0.160936 0.780004 0.604725 0.000000
0.008545 0.020377 0.330000 0.935001 0.079054 0.345721 0.000000
0.017762 0.018648 0.302000 0.640034 -0.053474 0.766484 0.000000
0.024616 0.018463 0.299000 -0.230975 0.047905 0.971780 0.000000
0.032282 0.018834 0.305000 -0.160378 0.293398 0.942442 0.000000
0.039195 0.018710 0.303000 -0.095778 0.589562 0.802024 0.000000
0.047848 0.019328 0.313000 -0.365721 0.685838 0.629185 0.000000
0.056294 0.018710 0.303000 0.230033 0.824890 0.516373 0.000000
0.007816 0.021282 0.332000 0.920118 0.147734 0.362708 0.000000
0.015613 0.020256 0.316000 0.869433 -0.026429 0.493343 0.000000
0.022356 0.019038 0.297000 0.000042 0.060183 0.998187 0.000000
0.030031 0.019487 0.304000 -0.246764 0.227184 0.942069 0.000000
0.036813 0.019294 0.301000 -0.002775 0.670431 0.741967 0.000000
0.045494 0.020000 0.312000 -0.442627 0.586238 0.678532 0.000000
0.052019 0.019423 0.303000 0.214507 0.866947 0.449877 0.000000
0.058753 0.019294 0.301000 0.172887 0.679382 0.713127 0.000000
0.006311 0.022262 0.335000 0.969036 0.075958 0.234945 0.000000
0.013596 0.021331 0.321000 0.911891 0.005232 0.410398 0.000000
0.021658 0.019736 0.297000 -0.044140 0.059476 0.997253 0.000000
0.029316 0.020202 0.304000 -0.248273 0.189763 0.949921 0.000000
0.036105 0.020002 0.301000 0.065329 0.665328 0.743687 0.000000
0.044474 0.020600 0.310000 -0.391905 0.665376 0.635363 0.000000
0.051476 0.020202 0.304000 0.216812 0.865570 0.451421 0.000000
0.058046 0.020002 0.301000 0.194945 0.694733 0.692345 0.000000
0.064907 0.019936 0.300000 0.089163 0.252780 0.963407 0.000000
0.010807 0.022568 0.328000 0.890044 0.153498 0.429256 0.000000
0.018472 0.020779 0.302000 0.646398 -0.357331 0.674154 0.000000
0.025404 0.020641 0.300000 -0.218150 0.162429 0.962303 0.000000
0.032782 0.020848 0.303000 0.042112 0.601496 0.797765 0.000000
0.039775 0.020779 0.302000 -0.069720 0.700351 0.710386 0.000000
0.048217 0.021054 0.306000 -0.095339 0.864739 0.493090 0.000000
0.055398 0.020779 0.302000 0.223636 0.788892 0.572395 0.000000
0.061878 0.020572 0.299000 0.152560 0.590013 0.792850 0.000000
0.005606 0.024193 0.340000 0.954869 -0.212507 -0.207524 0.000000
0.012801 0.022770 0.320000 0.807848 0.274596 0.521516 0.000000
0.020466 0.021347 0.300000 0.259907 -0.104473 0.959966 0.000000
0.027703 0.021489 0.302000 -0.058942 0.336847 0.939713 0.000000
0.034574 0.021347 0.300000 0.174789 0.736988 0.652915 0.000000
0.042045 0.021560 0.303000 -0.219160 0.756110 0.616658 0.000000
0.051137 0.021489 0.302000 0.220528 0.854991 0.469423 0.000000
0.057853 0.021347 0.300000 0.185538 0.657727 0.730049 0.000000
0.064258 0.021133 0.297000 -0.062030 0.456440 0.887589 0.000000
0.072149 0.020991 0.295000 -0.182496 0.555340 -0.811352 0.000000
0.010708 0.023890 0.325000 0.898451 0.174121 0.403073 0.000000
0.018056 0.022567 0.307000 0.733690 -0.404488 0.545975 0.000000
0.024781 0.022125 0.301000 -0.090275 0.068650 0.993548 0.000000
0.031752 0.022052 0.300000 0.140065 0.682033 0.717783 0.000000
0.038548 0.021905 0.298000 0.078439 0.800994 0.593511 0.000000
0.046319 0.022273 0.303000 -0.164010 0.865389 0.473500 0.000000
0.053268 0.022199 0.302000 0.198175 0.809316 0.552933 0.000000
0.059569 0.021905 0.298000 0.106354 0.642515 0.758857 0.000000
0.066353 0.021831 0.297000 -0.179376 0.479341 -0.859102 0.000000
0.072596 0.021611 0.294000 -0.182496 0.555340 -0.811352 0.000000
0.010675 0.024578 0.324000 0.896443 0.176583 0.406459 0.000000
0.017503 0.023516 0.310000 0.708657 -0.440451 0.551188 0.000000
0.024073 0.022833 0.301000 0.062849 -0.086633 0.994256 0.000000
0.030943 0.022682 0.299000 0.193802 0.677367 0.709658 0.000000
0.037720 0.022530 0.297000 0.170198 0.799641 0.575854 0.000000
0.046721 0.022833 0.301000 -0.095928 0.894752 0.436139 0.000000
0.053799 0.022833 0.301000 0.220553 0.791031 0.570637 0.000000
0.060068 0.022530 0.297000 0.020414 0.629205 0.776971 0.000000
0.067051 0.022530 0.297000 -0.179376 0.479341 -0.859102 0.000000
0.073038 0.022226 0.293000 -0.182496 0.555340 -0.811352 0.000000
0.011935 0.024792 0.317000 0.649347 0.253852 0.716873 0.000000
0.018961 0.024245 0.310000 -0.585223 0.619085 -0.523687 0.000000
0.025488 0.023541 0.301000 0.249894 -0.031977 0.967745 0.000000
0.032350 0.023385 0.299000 0.294845 0.692983 0.657907 0.000000
0.038985 0.023150 0.296000 0.107453 0.781400 0.614709 0.000000
0.046411 0.023385 0.299000 -0.088798 0.891037 0.445161 0.000000
0.053442 0.023385 0.299000 0.144359 0.832749 0.534499 0.000000
0.059866 0.023150 0.296000 0.034476 0.646082 0.762489 0.000000
0.067051 0.023228 0.297000 -0.138860 0.410630 -0.901166 0.000000
0.073038 0.022915 0.293000 -0.117485 0.626818 -0.770258 0.000000
0.011898 0.025457 0.316000 0.667087 0.284119 0.688674 0.000000
0.019022 0.025054 0.311000 -0.629713 0.593432 -0.501298 0.000000
0.025488 0.024249 0.301000 0.339354 -0.190189 0.921231 0.000000
0.060562 0.023846 0.296000 0.011624 0.604110 0.796816 0.000000
0.067522 0.023846 0.296000 -0.168536 0.489003 -0.855845 0.000000
0.073475 0.023524 0.292000 -0.088734 0.614598 -0.783834 0.000000
0.010477 0.026366 0.318000 0.335940 0.164772 0.927359 0.000000
0.017673 0.025952 0.313000 0.581343 -0.429185 0.691260 0.000000
0.066353 0.024625 0.297000 0.010309 -0.334237 0.942433 0.000000
0.072843 0.024459 0.295000 -0.126345 0.595767 -0.793157 0.000000
0.005573 0.028819 0.338000 0.899756 -0.221061 -0.376259 0.000000
0.014776 0.026773 0.314000 -0.319996 0.478452 -0.817732 0.000000
0.071940 0.025323 0.297000 -0.126345 0.595767 -0.793157 0.000000
0.132443 0.037516 0.440000 -0.836008 0.418002 0.355477 0.000000
0.011785 0.027423 0.313000 0.395568 -0.256393 0.881923 0.000000
0.074482 0.025934 0.296000 -0.019421 0.721794 -0.691836 0.000000
0.008234 0.028609 0.318000 0.651920 0.340499 0.677540 0.000000
0.015563 0.028339 0.315000 -0.193280 0.496994 -0.845955 0.000000
0.133478 0.039585 0.440000 -0.836008 0.418002 0.355477 0.000000
0.011785 0.028895 0.313000 -0.116951 0.416592 -0.901540 0.000000
0.075940 0.027603 0.299000 -0.066591 0.723204 -0.687416 0.000000
0.007463 0.030010 0.317000 0.490938 0.076247 0.867852 0.000000
0.014917 0.030010 0.317000 0.066753 0.512314 -0.856200 0.000000
0.077527 0.028117 0.297000 -0.083617 0.741485 -0.665739 0.000000
0.008157 0.030561 0.315000 -0.088942 0.247226 -0.964867 0.000000
0.015712 0.030853 0.318000 0.037663 0.512641 -0.857776 0.000000
0.078752 0.029009 0.299000 -0.105720 0.797668 -0.593758 0.000000
0.007439 0.031402 0.316000 -0.111396 0.289150 -0.950780 0.000000
0.014964 0.031600 0.318000 0.133501 0.483332 -0.865198 0.000000
0.002295 0.032958 0.324000 -0.333548 -0.131188 -0.933561 0.000000
0.009669 0.032145 0.316000 0.016516 0.379451 -0.925064 0.000000
0.017315 0.032551 0.320000 0.227009 0.600824 -0.766471 0.000000
0.003783 0.033408 0.321000 -0.088908 0.200433 -0.975665 0.000000
0.011190 0.032992 0.317000 0.213597 0.390502 -0.895480 0.000000
0.018820 0.033304 0.320000 0.153031 0.746868 -0.647124 0.000000
0.008208 0.033737 0.317000 0.045359 0.406792 -0.912394 0.000000
0.015811 0.034056 0.320000 0.280246 0.596135 -0.752386 0.000000
0.005260 0.034700 0.319000 -0.088908 0.200433 -0.975665 0.000000
0.012801 0.034809 0.320000 0.214401 0.413573 -0.884867 0.000000
0.003783 0.035672 0.321000 0.019598 0.314937 -0.948910 0.000000
0.011261 0.035450 0.319000 0.188887 0.378207 -0.906246 0.000000
0.019291 0.036450 0.328000 0.262436 0.809127 -0.525777 0.000000
0.008982 0.036087 0.318000 0.081599 0.282476 -0.955798 0.000000
0.016822 0.036881 0.325000 0.403801 0.673755 -0.618869 0.000000
0.006739 0.036834 0.318000 -0.031534 0.227361 -0.973300 0.000000
0.014395 0.037298 0.322000 0.401797 0.552409 -0.730345 0.000000
0.023712 0.038919 0.336000 0.138917 0.695481 -0.704988 0.000000
0.052739 0.034634 0.299000 -0.537483 -0.487894 0.687801 0.000000
0.060169 0.034865 0.301000 -0.507651 -0.590507 0.627370 0.000000
0.003019 0.037819 0.320000 0.019598 0.314937 -0.948910 0.000000
0.010510 0.037700 0.319000 0.190062 0.397797 -0.897571 0.000000
0.020551 0.039710 0.336000 0.207323 0.644254 -0.736175 0.000000
0.028452 0.039710 0.336000 0.151563 0.721600 -0.675516 0.000000
0.060569 0.035809 0.303000 -0.536254 -0.525447 0.660558 0.000000
0.003019 0.038571 0.320000 0.019598 0.314937 -0.948910 0.000000
0.010510 0.038451 0.319000 0.270200 0.397204 -0.877052 0.000000
0.018915 0.040379 0.335000 0.466387 0.673318 -0.573695 0.000000
0.027580 0.040379 0.335000 0.151563 0.721600 -0.675516 0.000000
0.059534 0.036763 0.305000 -0.576795 -0.437191 0.690052 0.000000
0.003760 0.039201 0.319000 0.019598 0.314937 -0.948910 0.000000
0.011331 0.039446 0.321000 0.253505 0.389988 -0.885237 0.000000
0.021468 0.041535 0.338000 0.036083 0.346537 -0.937342 0.000000
0.056666 0.037480 0.305000 -0.631424 -0.268174 0.727590 0.000000
0.081402 0.036989 0.301000 -0.959503 0.225704 -0.168558 0.000000
0.009010 0.039951 0.319000 0.184840 0.379623 -0.906488 0.000000
0.017339 0.041954 0.335000 0.539620 0.658014 -0.525192 0.000000
0.030731 0.041954 0.335000 0.486990 0.872625 -0.036972 0.000000
0.061368 0.038448 0.307000 -0.645783 -0.202484 0.736183 0.000000
0.009038 0.040828 0.320000 0.194344 0.411146 -0.890612 0.000000
0.017391 0.042870 0.336000 -0.512187 -0.651160 -0.560050 0.000000
0.053620 0.038787 0.304000 -0.692750 0.001284 0.721177 0.000000
0.003748 0.041321 0.318000 0.023768 0.411871 -0.910932 0.000000
0.011508 0.042360 0.326000 0.635464 0.519879 -0.570887 0.000000
0.019820 0.043790 0.337000 -0.426085 -0.597491 -0.679306 0.000000
0.055050 0.039502 0.304000 -0.673276 0.137592 0.726477 0.000000
0.006010 0.042201 0.319000 0.072430 0.524634 -0.848241 0.000000
0.014104 0.044053 0.333000 0.512581 0.039086 -0.857749 0.000000
0.021934 0.044053 0.333000 -0.436500 -0.397814 -0.806977 0.000000
0.006029 0.043086 0.320000 0.116560 0.567837 -0.814847 0.000000
0.014146 0.044971 0.334000 0.469525 -0.001998 -0.882917 0.000000
0.049059 0.040124 0.298000 -0.332359 0.353446 0.874422 0.000000
0.007581 0.044112 0.322000 0.182738 0.530416 -0.827808 0.000000
0.015858 0.046167 0.337000 -0.090853 -0.538778 -0.837535 0.000000
0.004524 0.044591 0.320000 0.116560 0.567837 -0.814847 0.000000
0.012538 0.046402 0.333000 0.583531 0.062997 -0.809644 0.000000
0.020429 0.046541 0.334000 -0.504715 -0.647611 -0.570845 0.000000
0.009321 0.046760 0.330000 0.768755 0.074100 -0.635236 0.000000
0.017443 0.047752 0.337000 -0.388663 -0.627284 -0.674874 0.000000
0.008519 0.047392 0.329000 0.873442 0.049642 -0.484391 0.000000
0.016650 0.048544 0.337000 -0.370083 -0.630779 -0.682024 0.000000
0.006929 0.047873 0.327000 0.873804 0.037248 -0.484849 0.000000
0.015021 0.049190 0.336000 0.275253 -0.311631 -0.909462 0.000000
0.079495 0.045823 0.313000 -0.637774 0.744759 0.196416 0.000000
0.007745 0.048939 0.329000 0.883945 -0.120898 -0.451692 0.000000
0.015811 0.049980 0.336000 -0.048956 -0.576471 -0.815650 0.000000
0.076552 0.046559 0.313000 -0.552171 0.691548 0.465691 0.000000
0.082267 0.044477 0.299000 -0.781319 -0.557107 -0.281376 0.000000
0.011719 0.050166 0.332000 0.379853 -0.289644 -0.878532 0.000000
0.019585 0.050317 0.333000 -0.553505 -0.636412 -0.537226 0.000000
0.077250 0.046389 0.307000 -0.244000 0.959235 0.142591 0.000000
0.006972 0.050486 0.329000 0.865634 -0.131565 -0.483082 0.000000
0.014887 0.051100 0.333000 -0.014610 -0.602398 -0.798062 0.000000
0.070983 0.047264 0.308000 -0.329005 0.794915 0.509770 0.000000
0.077210 0.046650 0.304000 -0.581745 0.239629 -0.777272 0.000000
0.101769 0.053555 0.349000 -0.743061 0.476137 0.470271 0.000000
0.014019 0.051572 0.331000 -0.063392 -0.797324 -0.600214 0.000000
0.021341 0.050481 0.324000 0.670446 0.704286 0.233417 0.000000
0.073880 0.047988 0.308000 -0.463814 0.764704 0.447331 0.000000
0.077172 0.045651 0.293000 -0.322724 -0.806365 -0.495606 0.000000
0.008571 0.052350 0.331000 0.780909 -0.173897 -0.599951 0.000000
0.016305 0.052192 0.330000 -0.218376 -0.814039 -0.538193 0.000000
0.022970 0.049819 0.315000 0.651895 0.725514 0.220595 0.000000
0.070522 0.048396 0.306000 -0.344445 0.806876 0.479905 0.000000
0.076194 0.047447 0.300000 -0.229869 -0.951504 -0.204449 0.000000
0.097832 0.053931 0.341000 -0.738036 0.502539 0.450286 0.000000
0.013121 0.052647 0.328000 -0.370877 -0.688084 -0.623691 0.000000
0.020452 0.051684 0.322000 0.713978 0.671950 0.196769 0.000000
0.026718 0.049276 0.307000 0.605080 0.486189 0.630474 0.000000
0.068632 0.048794 0.304000 -0.302645 0.837342 0.455263 0.000000
0.075281 0.048473 0.302000 -0.225632 0.876521 -0.425208 0.000000
0.081837 0.048152 0.300000 -0.970155 -0.078501 -0.229429 0.000000
0.012349 0.053418 0.328000 -0.460852 -0.624427 -0.630639 0.000000
0.019573 0.052115 0.320000 0.755611 0.613429 0.229688 0.000000
0.025996 0.049998 0.307000 0.566983 0.550048 0.613170 0.000000
0.059866 0.048206 0.296000 -0.368321 0.741543 0.560762 0.000000
0.068406 0.049346 0.303000 -0.350128 0.834088 0.426271 0.000000
0.075940 0.048695 0.299000 -0.479621 -0.665464 -0.571945 0.000000
0.010127 0.054685 0.331000 0.131338 -0.647433 -0.750720 0.000000
0.017315 0.052868 0.320000 0.785129 0.580775 0.215112 0.000000
0.023986 0.051050 0.309000 0.545455 0.567675 0.616623 0.000000
0.030544 0.049894 0.302000 0.677955 0.293880 0.673804 0.000000
0.058078 0.048572 0.294000 -0.171706 0.847555 0.502163 0.000000
0.066760 0.049894 0.302000 -0.387881 0.826884 0.407198 0.000000
0.074350 0.050224 0.304000 -0.327315 0.922740 -0.203507 0.000000
0.009377 0.055631 0.332000 0.496563 -0.388398 -0.776256 0.000000
0.016459 0.053285 0.318000 0.820535 0.520659 0.235872 0.000000
0.023259 0.051777 0.309000 0.537521 0.560830 0.629715 0.000000
0.029933 0.050771 0.303000 0.639356 0.308666 0.704237 0.000000
0.050646 0.049431 0.295000 0.118787 0.536831 0.835286 0.000000
0.057387 0.049263 0.294000 -0.100520 0.844658 0.525784 0.000000
0.065831 0.050436 0.301000 -0.463285 0.750863 0.470715 0.000000
0.074595 0.051107 0.305000 -0.327315 0.922740 -0.203507 0.000000
0.079890 0.049934 0.298000 -0.873160 -0.318985 -0.368564 0.000000
0.013638 0.054712 0.322000 0.684670 0.455833 0.568721 0.000000
0.020353 0.052503 0.309000 0.611156 0.592573 0.524733 0.000000
0.027261 0.051824 0.305000 0.528668 0.405190 0.745876 0.000000
0.033756 0.050804 0.299000 0.664654 0.320511 0.674913 0.000000
0.049091 0.049955 0.294000 0.161766 0.519382 0.839091 0.000000
0.055433 0.049445 0.291000 -0.000677 0.886790 0.462171 0.000000
0.063560 0.050464 0.297000 -0.517537 0.733752 0.440186 0.000000
0.072681 0.051994 0.306000 -0.545893 0.762538 0.347183 0.000000
0.078832 0.051314 0.302000 -0.841790 0.316385 -0.437367 0.000000
0.012312 0.056331 0.327000 -0.582373 -0.458328 -0.671399 0.000000
0.018839 0.053058 0.308000 0.602123 0.561739 0.567360 0.000000
0.025827 0.052541 0.305000 0.463537 0.437706 0.770420 0.000000
0.032458 0.051680 0.300000 0.639379 0.266231 0.721329 0.000000
0.038985 0.050990 0.296000 0.328565 0.526022 0.784440 0.000000
0.047546 0.050474 0.293000 0.176007 0.587417 0.789913 0.000000
0.053879 0.049957 0.290000 0.058973 0.928647 0.366246 0.000000
0.061326 0.050474 0.293000 -0.361677 0.826996 0.430428 0.000000
0.070776 0.052369 0.304000 -0.431448 0.715293 0.549734 0.000000
0.079415 0.052885 0.307000 -0.875330 0.456521 -0.159331 0.000000
0.014870 0.055179 0.316000 0.879443 0.440160 0.181217 0.000000
0.021524 0.053258 0.305000 0.422640 0.336108 0.841669 0.000000
0.028508 0.052909 0.303000 0.528015 0.379819 0.759564 0.000000
0.034927 0.051861 0.297000 0.592346 0.419887 0.687620 0.000000
0.041487 0.051337 0.294000 0.168315 0.583125 0.794755 0.000000
0.048071 0.050988 0.292000 0.258047 0.780331 0.569645 0.000000
0.053808 0.049940 0.286000 -0.021493 0.924247 0.381190 0.000000
0.061591 0.050813 0.291000 -0.413565 0.835241 0.362404 0.000000
0.071256 0.052909 0.303000 -0.438324 0.667444 0.601989 0.000000
0.079933 0.053957 0.309000 -0.909487 0.415341 -0.018028 0.000000
0.016666 0.054506 0.308000 0.646399 0.508537 0.568821 0.000000
0.023598 0.053798 0.304000 0.410036 0.357409 0.839124 0.000000
0.030443 0.053267 0.301000 0.639168 0.149274 0.754441 0.000000
0.036772 0.052206 0.295000 0.342421 0.688397 0.639420 0.000000
0.043413 0.051852 0.293000 0.197093 0.726519 0.658274 0.000000
0.049787 0.051321 0.290000 -0.324657 -0.876503 -0.355445 0.000000
0.055240 0.050082 0.283000 -0.126566 0.962238 0.240995 0.000000
0.063644 0.051498 0.291000 -0.491226 0.773384 0.400718 0.000000
0.075573 0.054683 0.309000 -0.650219 0.569261 0.503147 0.000000
0.012961 0.058099 0.324000 0.742084 0.413058 0.527915 0.000000
0.019245 0.054334 0.303000 0.486138 0.229920 0.843094 0.000000
0.026370 0.054334 0.303000 0.454134 0.415410 0.788161 0.000000
0.032832 0.053258 0.297000 0.698102 0.504714 0.507855 0.000000
0.039413 0.052720 0.294000 0.245123 0.727376 0.640967 0.000000
0.046011 0.052361 0.292000 0.290083 0.806050 0.515883 0.000000
0.051247 0.050747 0.283000 -0.296196 -0.934022 -0.199675 0.000000
0.060533 0.051285 0.286000 -0.486455 0.755576 0.438711 0.000000
0.078734 0.055589 0.310000 -0.848663 0.481875 0.218101 0.000000
0.017221 0.055410 0.305000 0.458348 0.121591 0.880416 0.000000
0.024233 0.055046 0.303000 0.425813 0.370174 0.825624 0.000000
0.031047 0.054501 0.300000 0.602238 0.056304 0.796328 0.000000
0.037085 0.053048 0.292000 0.229162 0.774778 0.589240 0.000000
0.043951 0.053048 0.292000 0.229215 0.792186 0.565599 0.000000
0.049599 0.051776 0.285000 -0.351911 -0.890031 -0.289832 0.000000
0.055971 0.050868 0.280000 0.026160 -0.997235 0.069558 0.000000
0.064342 0.052321 0.288000 -0.506057 0.760395 0.407069 0.000000
0.015366 0.057231 0.311000 0.908483 -0.019269 0.417477 0.000000
0.022095 0.055759 0.303000 0.415616 0.223468 0.881661 0.000000
0.029027 0.055391 0.301000 0.473185 0.033535 0.880325 0.000000
0.035025 0.053734 0.292000 0.390815 0.763606 0.513975 0.000000
0.041748 0.053550 0.291000 0.090099 0.803558 0.588368 0.000000
0.047589 0.052446 0.285000 -0.549079 -0.754790 -0.358893 0.000000
0.052957 0.051158 0.278000 -0.087917 -0.994650 0.054240 0.000000
0.060778 0.052262 0.284000 -0.531608 0.720549 0.445200 0.000000
0.076300 0.056863 0.309000 -0.591657 0.473726 0.652323 0.000000
0.015366 0.057962 0.311000 0.884632 -0.187949 0.426733 0.000000
0.022095 0.056471 0.303000 0.426000 -0.037729 0.903936 0.000000
0.029027 0.056098 0.301000 0.473185 0.033535 0.880325 0.000000
0.034905 0.054235 0.291000 0.383127 0.742778 0.549085 0.000000
0.041604 0.054048 0.290000 0.055506 0.756167 0.652020 0.000000
0.047255 0.052744 0.283000 0.521715 0.783003 0.338704 0.000000
0.052766 0.051625 0.277000 -0.087917 -0.994650 0.054240 0.000000
0.060350 0.052557 0.282000 -0.666200 0.373121 0.645723 0.000000
0.075312 0.056844 0.305000 -0.761650 0.493200 0.420289 0.000000
0.015994 0.058316 0.309000 0.808106 -0.265654 0.525731 0.000000
0.022808 0.057184 0.303000 0.444637 -0.030302 0.895198 0.000000
0.029636 0.056617 0.300000 0.485433 0.008875 0.874229 0.000000
0.035345 0.054541 0.289000 0.244417 0.718051 0.651662 0.000000
0.042141 0.054541 0.289000 0.064702 0.650859 0.756437 0.000000
0.047581 0.053032 0.281000 -0.500954 -0.860145 -0.095894 0.000000
0.053225 0.052088 0.276000 -0.087917 -0.994650 0.054240 0.000000
0.061013 0.053220 0.282000 -0.666200 0.373121 0.645723 0.000000
0.010774 0.062482 0.327000 0.840660 0.275241 0.466405 0.000000
0.017277 0.058469 0.306000 0.578637 -0.379944 0.721680 0.000000
0.024233 0.057896 0.303000 0.346515 -0.209197 0.914420 0.000000
0.030840 0.056941 0.298000 0.802495 -0.030842 0.595861 0.000000
0.036450 0.054839 0.287000 0.135452 0.673267 0.726887 0.000000
0.043199 0.054839 0.287000 0.458265 0.737795 0.495632 0.000000
0.048555 0.053310 0.279000 -0.040966 -0.894479 0.445228 0.000000
0.054720 0.052928 0.277000 -0.036387 -0.851899 0.522440 0.000000
0.062339 0.053884 0.282000 -0.690550 0.244658 0.680649 0.000000
0.009944 0.062864 0.325000 0.822574 0.262451 0.504471 0.000000
0.016666 0.059576 0.308000 0.684657 -0.419013 0.596384 0.000000
0.023598 0.058802 0.304000 0.339406 -0.291702 0.894267 0.000000
0.030342 0.058028 0.300000 0.523433 0.012402 0.851976 0.000000
0.035775 0.055514 0.287000 0.114375 0.651130 0.750299 0.000000
0.042376 0.055320 0.286000 0.415171 0.702798 0.577675 0.000000
0.047899 0.053966 0.279000 -0.191800 -0.936514 0.293519 0.000000
0.054069 0.053579 0.277000 -0.082602 -0.872246 0.482041 0.000000
0.061457 0.054353 0.281000 -0.690550 0.244658 0.680649 0.000000
0.071698 0.057255 0.296000 -0.629119 0.388757 0.673110 0.000000
0.013511 0.062454 0.319000 0.842186 0.102654 0.529325 0.000000
0.020155 0.059908 0.306000 0.499463 -0.455368 0.737005 0.000000
0.027172 0.059517 0.304000 0.458264 -0.318522 0.829782 0.000000
0.032853 0.056972 0.291000 0.827361 0.087121 0.554873 0.000000
0.039013 0.055993 0.286000 0.348414 0.350063 0.869519 0.000000
0.045098 0.055210 0.282000 0.486103 -0.521093 0.701545 0.000000
0.050996 0.054427 0.278000 0.010931 -0.770245 0.637655 0.000000
0.057946 0.054818 0.280000 -0.208941 -0.597319 0.774308 0.000000
0.066144 0.056189 0.287000 -0.717385 -0.050301 0.694858 0.000000
0.075178 0.057951 0.296000 -0.667711 0.137857 0.731545 0.000000
0.014261 0.063204 0.319000 0.811257 0.023734 0.584208 0.000000
0.020943 0.060826 0.307000 0.467328 -0.522598 0.713089 0.000000
0.027887 0.060232 0.304000 0.466601 -0.382357 0.797550 0.000000
0.033422 0.057458 0.290000 0.815935 -0.091520 0.570854 0.000000
0.039686 0.056665 0.286000 0.348414 0.350063 0.869519 0.000000
0.045599 0.055675 0.281000 0.354145 -0.609604 0.709200 0.000000
0.051835 0.055278 0.279000 0.010931 -0.770245 0.637655 0.000000
0.059023 0.055873 0.282000 -0.339170 -0.602471 0.722490 0.000000
0.067284 0.057260 0.289000 -0.714493 -0.015087 0.699480 0.000000
0.075874 0.058647 0.296000 -0.666578 0.072043 0.741946 0.000000
0.008338 0.064555 0.322000 0.849424 0.201873 0.487573 0.000000
0.016304 0.063152 0.315000 0.749879 -0.228342 0.620920 0.000000
0.023753 0.061347 0.306000 0.355834 -0.575933 0.735991 0.000000
0.030544 0.060546 0.302000 0.492166 -0.392943 0.776768 0.000000
0.035775 0.057538 0.287000 0.145428 0.509911 0.847845 0.000000
0.042376 0.057338 0.286000 0.250785 -0.502506 0.827402 0.000000
0.048242 0.056335 0.281000 0.277540 -0.686632 0.671943 0.000000
0.054850 0.056335 0.281000 -0.141024 -0.700335 0.699745 0.000000
0.061894 0.056736 0.283000 -0.488097 -0.597223 0.636464 0.000000
0.071456 0.059142 0.295000 -0.686233 0.019574 0.727119 0.000000
0.079721 0.060145 0.300000 -0.785100 0.103895 0.610593 0.000000
0.010576 0.065109 0.321000 0.795167 0.141034 0.589762 0.000000
0.017786 0.063892 0.315000 0.751939 -0.232889 0.616725 0.000000
0.024473 0.062067 0.306000 0.322423 -0.627185 0.709001 0.000000
0.031150 0.061053 0.301000 0.492166 -0.392943 0.776768 0.000000
0.036450 0.058213 0.287000 0.170225 0.413001 0.894681 0.000000
0.043048 0.058010 0.286000 0.255271 -0.528356 0.809739 0.000000
0.049251 0.057402 0.283000 0.223917 -0.700306 0.677814 0.000000
0.055905 0.057402 0.283000 -0.149220 -0.623460 0.767483 0.000000
0.062781 0.057605 0.284000 -0.549758 -0.454242 0.701021 0.000000
0.072149 0.059836 0.295000 -0.611215 -0.253427 0.749793 0.000000
0.080962 0.061256 0.302000 -0.801912 0.298816 0.517346 0.000000
0.011331 0.065864 0.321000 0.773141 0.162861 0.612968 0.000000
0.018467 0.064428 0.314000 0.715161 -0.276154 0.642094 0.000000
0.025274 0.062992 0.307000 0.304336 -0.657486 0.689269 0.000000
0.031858 0.061761 0.301000 0.459559 -0.431541 0.776259 0.000000
0.037125 0.058888 0.287000 0.397599 0.007113 0.917532 0.000000
0.043721 0.058683 0.286000 0.241217 -0.560028 0.792580 0.000000
0.050093 0.058272 0.284000 0.164286 -0.727434 0.666221 0.000000
0.056971 0.058478 0.285000 -0.141909 -0.682902 0.716594 0.000000
0.063672 0.058478 0.285000 -0.517520 -0.410850 0.750583 0.000000
0.072843 0.060529 0.295000 -0.628719 -0.173091 0.758124 0.000000
0.082484 0.062581 0.305000 -0.714546 0.352995 0.604002 0.000000
0.012801 0.066412 0.320000 0.750841 0.147959 0.643697 0.000000
0.019881 0.064959 0.313000 0.485941 -0.392578 0.780861 0.000000
0.026805 0.063921 0.308000 0.225644 -0.692041 0.685685 0.000000
0.033053 0.062053 0.299000 0.648179 -0.466746 0.601675 0.000000
0.038609 0.059770 0.288000 0.151144 0.139304 0.978647 0.000000
0.045223 0.059563 0.287000 0.252299 -0.605851 0.754513 0.000000
0.051791 0.059355 0.286000 0.098453 -0.702650 0.704691 0.000000
0.058516 0.059355 0.286000 -0.293471 -0.697023 0.654243 0.000000
0.072843 0.061223 0.295000 -0.545447 -0.368800 0.752645 0.000000
0.082754 0.063506 0.306000 -0.648666 0.359396 0.670870 0.000000
0.013553 0.067164 0.320000 0.750841 0.147959 0.643697 0.000000
0.020617 0.065695 0.313000 0.343361 -0.448401 0.825251 0.000000
0.027619 0.064855 0.309000 0.192869 -0.696589 0.691062 0.000000
0.033869 0.062966 0.300000 0.595026 -0.493028 0.634718 0.000000
0.039286 0.060448 0.288000 0.330735 -0.450106 0.829469 0.000000
0.046058 0.060448 0.288000 0.338753 -0.706192 0.621723 0.000000
0.052647 0.060238 0.287000 0.112557 -0.741964 0.660924 0.000000
0.059395 0.060238 0.287000 -0.302085 -0.695458 0.651983 0.000000
0.075178 0.062127 0.296000 -0.573131 -0.180811 0.799267 0.000000
0.086855 0.065695 0.313000 -0.681383 0.368548 0.632368 0.000000
0.015712 0.067492 0.318000 0.690883 0.078228 0.718722 0.000000
0.022606 0.065794 0.310000 0.246004 -0.485846 0.838711 0.000000
0.029992 0.066006 0.311000 0.025085 -0.648202 0.761055 0.000000
0.035625 0.063035 0.297000 0.660054 -0.632661 0.405054 0.000000
0.041461 0.061337 0.289000 -0.017391 -0.467728 0.883701 0.000000
0.048257 0.061337 0.289000 0.121622 -0.750294 0.649821 0.000000
0.055052 0.061337 0.289000 -0.005680 -0.820936 0.570992 0.000000
0.071213 0.062398 0.294000 -0.390336 -0.475148 0.788589 0.000000
0.081499 0.064521 0.304000 -0.681673 0.336436 0.649717 0.000000
0.014261 0.068454 0.319000 0.707421 0.088527 0.701227 0.000000
0.021284 0.066952 0.312000 0.364083 -0.338726 0.867588 0.000000
0.028529 0.066738 0.311000 -0.022182 -0.589257 0.807641 0.000000
0.035266 0.065665 0.306000 0.348172 -0.798980 0.490313 0.000000
0.040241 0.062231 0.290000 0.193154 -0.667926 0.718726 0.000000
0.047060 0.062231 0.290000 0.091592 -0.767156 0.634888 0.000000
0.054065 0.062446 0.291000 0.030445 -0.826839 0.561615 0.000000
0.060907 0.062446 0.291000 -0.108664 -0.745184 0.657946 0.000000
0.078049 0.064162 0.299000 -0.624025 -0.079007 0.777400 0.000000
0.012761 0.069204 0.319000 0.744230 0.000862 0.667922 0.000000
0.019881 0.067903 0.313000 -0.304808 0.016274 -0.952275 0.000000
0.027153 0.067686 0.312000 -0.068877 -0.467065 0.881536 0.000000
0.034490 0.067686 0.312000 0.024355 -0.743470 0.668326 0.000000
0.041205 0.063347 0.292000 0.176239 -0.711782 0.679931 0.000000
0.048071 0.063347 0.292000 0.043082 -0.824051 0.564875 0.000000
0.054937 0.063347 0.292000 0.040179 -0.822584 0.567222 0.000000
0.070762 0.063998 0.295000 -0.309998 -0.499652 0.808857 0.000000
0.079279 0.065299 0.301000 -0.502102 -0.066623 0.862238 0.000000
0.014172 0.069516 0.317000 0.693350 0.084445 0.715636 0.000000
0.021284 0.068419 0.312000 0.275266 -0.150806 0.949466 0.000000
0.028712 0.068639 0.313000 -0.185093 -0.435769 0.880821 0.000000
0.036072 0.068639 0.313000 0.004970 -0.769338 0.638823 0.000000
0.042322 0.064691 0.295000 0.238784 -0.826026 0.510552 0.000000
0.049091 0.064472 0.294000 0.028791 -0.829364 0.557966 0.000000
0.055814 0.064253 0.293000 0.039096 -0.818094 0.573753 0.000000
0.067982 0.064034 0.292000 -0.339940 -0.614742 0.711712 0.000000
0.076643 0.065569 0.299000 -0.472975 -0.179138 0.862672 0.000000
0.012086 0.071148 0.321000 0.797990 -0.039083 0.601402 0.000000
0.019083 0.069153 0.312000 0.364265 -0.071070 0.928579 0.000000
0.026504 0.069375 0.313000 0.080576 0.334151 -0.939069 0.000000
0.034297 0.070261 0.317000 0.332089 0.439367 -0.834670 0.000000
0.040620 0.067158 0.303000 0.366192 -0.846653 0.386111 0.000000
0.046484 0.065385 0.295000 0.104068 -0.851436 0.514030 0.000000
0.053239 0.065163 0.294000 0.031641 -0.824159 0.565475 0.000000
0.060357 0.065385 0.295000 0.036143 -0.785818 0.617401 0.000000
0.067526 0.064942 0.293000 -0.302820 -0.577213 0.758370 0.000000
0.075940 0.066272 0.299000 -0.365801 -0.258273 0.894139 0.000000
0.086300 0.068931 0.311000 -0.603064 0.302292 0.738196 0.000000
0.016937 0.070111 0.313000 0.550794 -0.090973 0.829668 0.000000
0.024141 0.069663 0.311000 0.055800 -0.335962 0.940221 0.000000
0.032162 0.071231 0.318000 0.454329 0.285902 -0.843709 0.000000
0.039390 0.070783 0.316000 0.172042 -0.674357 0.718083 0.000000
0.044854 0.066751 0.298000 0.187947 -0.830596 0.524200 0.000000
0.051513 0.066303 0.296000 0.036082 -0.803060 0.594804 0.000000
0.058474 0.066303 0.296000 0.088863 -0.775607 0.624930 0.000000
0.064770 0.065631 0.293000 -0.180058 -0.700268 0.690800 0.000000
0.073372 0.067199 0.300000 -0.147865 -0.453442 0.878934 0.000000
0.081231 0.067871 0.303000 -0.563799 0.070182 0.822925 0.000000
0.013341 0.071299 0.315000 0.713702 -0.000660 0.700449 0.000000
0.020551 0.070620 0.312000 0.252683 -0.170788 0.952356 0.000000
0.028155 0.071299 0.315000 0.340828 0.253713 -0.905244 0.000000
0.036239 0.072657 0.321000 0.234156 0.287237 -0.928798 0.000000
0.042287 0.070168 0.310000 0.520078 -0.722802 0.455057 0.000000
0.048520 0.067678 0.299000 0.138102 -0.796210 0.589048 0.000000
0.055179 0.067225 0.297000 0.041161 -0.792453 0.608542 0.000000
0.062163 0.067225 0.297000 0.058771 -0.738045 0.672187 0.000000
0.069147 0.067225 0.297000 -0.232022 -0.580691 0.780361 0.000000
0.076643 0.067678 0.299000 -0.163937 -0.178926 0.970108 0.000000
0.086192 0.069715 0.308000 -0.721847 0.114688 0.682483 0.000000
0.016937 0.071583 0.313000 0.478902 -0.121789 0.869379 0.000000
0.024219 0.071354 0.312000 -0.049092 0.227586 -0.972520 0.000000
0.032263 0.072955 0.319000 0.452309 0.225740 -0.862820 0.000000
0.040013 0.073412 0.321000 -0.203894 0.464380 -0.861846 0.000000
0.045191 0.069753 0.305000 0.444573 -0.728130 0.521710 0.000000
0.051504 0.068610 0.300000 0.116208 -0.776143 0.619756 0.000000
0.058363 0.068381 0.299000 0.113862 -0.744485 0.657859 0.000000
0.064738 0.067695 0.296000 -0.058993 -0.702444 0.709290 0.000000
0.072909 0.068838 0.301000 -0.025352 -0.310521 0.950228 0.000000
0.079987 0.068838 0.301000 -0.095813 -0.420149 -0.902383 0.000000
0.013299 0.072550 0.314000 0.684367 -0.038767 0.728106 0.000000
0.020617 0.072319 0.313000 0.121344 -0.319937 0.939636 0.000000
0.028155 0.072781 0.315000 0.381462 0.237075 -0.893466 0.000000
0.036239 0.074167 0.321000 0.222566 0.263383 -0.938666 0.000000
0.043105 0.073012 0.316000 0.567516 -0.550525 0.612248 0.000000
0.048457 0.070008 0.303000 0.270859 -0.751664 0.601363 0.000000
0.055031 0.069315 0.300000 0.049759 -0.713634 0.698750 0.000000
0.062085 0.069315 0.300000 0.143699 -0.641119 0.753868 0.000000
0.068909 0.069084 0.299000 -0.150167 -0.613889 0.774977 0.000000
0.076899 0.069315 0.300000 -0.228954 -0.272110 -0.934632 0.000000
0.085073 0.070239 0.304000 -0.751645 0.206425 0.626434 0.000000
0.018409 0.073055 0.313000 0.336216 -0.294212 0.894650 0.000000
0.025851 0.073288 0.314000 0.214277 0.179485 -0.960141 0.000000
0.033763 0.074455 0.319000 0.459196 0.190831 -0.867596 0.000000
0.041523 0.074922 0.321000 -0.258388 0.420248 -0.869843 0.000000
0.046931 0.071654 0.307000 0.536353 -0.664741 0.520042 0.000000
0.053091 0.070254 0.301000 0.144766 -0.702008 0.697300 0.000000
0.060369 0.070487 0.302000 0.155064 -0.615691 0.772580 0.000000
0.066576 0.069554 0.298000 -0.055135 -0.658509 0.750550 0.000000
0.074818 0.070721 0.303000 -0.127761 0.046563 -0.990711 0.000000
0.081943 0.070721 0.303000 -0.398130 0.360095 0.843697 0.000000
0.017045 0.074262 0.315000 0.485809 -0.242383 0.839786 0.000000
0.024296 0.073791 0.313000 0.023032 0.243030 -0.969745 0.000000
0.032061 0.074734 0.317000 0.432428 0.131852 -0.891976 0.000000
0.040138 0.075912 0.322000 -0.163851 0.410043 -0.897228 0.000000
0.046376 0.073791 0.313000 0.700897 -0.458770 0.546144 0.000000
0.052019 0.071433 0.303000 0.152608 -0.660039 0.735567 0.000000
0.059144 0.071433 0.303000 0.174021 -0.517786 0.837624 0.000000
0.065394 0.070490 0.299000 -0.015153 -0.659879 0.751219 0.000000
0.073393 0.071433 0.303000 -0.240781 0.103789 -0.965014 0.000000
0.081402 0.070962 0.301000 0.117797 -0.604879 -0.787557 0.000000
0.016408 0.075479 0.317000 0.527935 -0.210124 0.822881 0.000000
0.023561 0.074527 0.313000 0.048984 -0.271830 0.961098 0.000000
0.031217 0.075241 0.316000 0.440508 0.096143 -0.892586 0.000000
0.039136 0.076193 0.320000 -0.047992 0.324795 -0.944566 0.000000
0.046078 0.075241 0.316000 0.687904 -0.444865 0.573483 0.000000
0.051476 0.072384 0.304000 0.180617 -0.632974 0.752809 0.000000
0.058431 0.072146 0.303000 0.152026 -0.507647 0.848046 0.000000
0.064907 0.071431 0.300000 0.058253 -0.560399 0.826172 0.000000
0.072681 0.072146 0.303000 0.213775 -0.181082 0.959953 0.000000
0.080426 0.071431 0.300000 -0.283194 -0.566473 -0.773892 0.000000
0.016408 0.076224 0.317000 0.503260 -0.243351 0.829162 0.000000
0.023561 0.075263 0.313000 0.098187 -0.344924 0.933481 0.000000
0.031118 0.075744 0.315000 0.477518 -0.021821 -0.878351 0.000000
0.039136 0.076946 0.320000 -0.027958 0.270507 -0.962312 0.000000
0.046078 0.075984 0.316000 0.676084 -0.414437 0.609223 0.000000
0.051476 0.073098 0.304000 0.201842 -0.614383 0.762754 0.000000
0.058624 0.073098 0.304000 0.157746 -0.490697 0.856932 0.000000
0.065123 0.072377 0.301000 0.118373 -0.530672 0.839271 0.000000
0.072681 0.072858 0.303000 0.205374 -0.323789 0.923570 0.000000
0.078752 0.071896 0.299000 -0.470129 -0.461111 -0.752566 0.000000
0.013426 0.076970 0.317000 0.587503 -0.149403 0.795310 0.000000
0.020814 0.076727 0.316000 0.179480 -0.388316 0.903879 0.000000
0.027976 0.075999 0.313000 0.305447 0.195832 -0.931854 0.000000
0.035788 0.076970 0.317000 0.363750 0.065228 -0.929210 0.000000
0.043515 0.077455 0.319000 0.506713 -0.387064 0.770340 0.000000
0.049096 0.074542 0.307000 0.554534 -0.572280 0.604142 0.000000
0.055581 0.073571 0.303000 0.166007 -0.521396 0.837011 0.000000
0.062499 0.073328 0.302000 0.163914 -0.494001 0.853871 0.000000
0.069831 0.073571 0.303000 -0.002048 -0.396748 0.917925 0.000000
0.076194 0.072842 0.300000 -0.462902 -0.149327 -0.873741 0.000000
0.082415 0.072114 0.297000 -0.319766 0.591863 0.739898 0.000000
0.017898 0.077715 0.317000 0.415293 -0.330673 0.847459 0.000000
0.025032 0.076735 0.313000 -0.034794 -0.296881 0.954280 0.000000
0.032599 0.077225 0.315000 0.407645 -0.053521 -0.911570 0.000000
0.040514 0.078206 0.319000 0.139503 -0.524056 0.840181 0.000000
0.047112 0.076735 0.313000 0.669014 -0.463129 0.581319 0.000000
0.052906 0.074528 0.304000 0.226716 -0.529833 0.817238 0.000000
0.060054 0.074528 0.304000 0.190825 -0.472536 0.860404 0.000000
0.066760 0.074038 0.302000 0.018638 -0.460041 0.887702 0.000000
0.073617 0.073793 0.301000 -0.337041 0.095833 -0.936600 0.000000
0.079890 0.073057 0.298000 -0.607359 -0.519053 -0.601414 0.000000
0.016459 0.078708 0.318000 0.431654 -0.288709 0.854589 0.000000
0.023636 0.077718 0.314000 0.099381 -0.392397 0.914411 0.000000
0.031118 0.077966 0.315000 0.458618 -0.055610 -0.886892 0.000000
0.038892 0.078708 0.318000 0.020586 0.307389 -0.951361 0.000000
0.045932 0.077966 0.315000 0.668718 -0.419323 0.613991 0.000000
0.051476 0.075243 0.304000 0.251686 -0.562202 0.787771 0.000000
0.058624 0.075243 0.304000 0.183516 -0.445137 0.876456 0.000000
0.065340 0.074748 0.302000 0.118266 -0.464199 0.877800 0.000000
0.072441 0.074748 0.302000 0.299156 -0.282646 0.911382 0.000000
0.078225 0.073510 0.297000 -0.633302 -0.527052 -0.566696 0.000000
0.013468 0.079456 0.318000 0.525548 -0.212794 0.823722 0.000000
0.020880 0.079206 0.317000 0.145885 -0.407050 0.901681 0.000000
0.027976 0.078207 0.313000 0.326305 0.195947 -0.924732 0.000000
0.036014 0.079706 0.319000 0.341923 0.019004 -0.939536 0.000000
0.043378 0.079456 0.318000 -0.602942 0.092005 -0.792462 0.000000
0.049256 0.076957 0.308000 0.543680 -0.581678 0.605032 0.000000
0.055948 0.076208 0.305000 0.208275 -0.486774 0.848335 0.000000
0.062706 0.075708 0.303000 0.165944 -0.450102 0.877423 0.000000
0.069600 0.075458 0.302000 0.073200 -0.437781 0.896097 0.000000
0.075940 0.074708 0.299000 -0.638481 -0.334728 -0.693036 0.000000
0.081860 0.073709 0.295000 -0.111863 -0.634703 -0.764616 0.000000
0.025933 0.079447 0.315000 -0.079666 -0.384270 0.919777 0.000000
0.033763 0.080456 0.319000 0.407842 -0.218685 -0.886477 0.000000
0.041394 0.080708 0.320000 -0.462961 0.270399 -0.844128 0.000000
0.047542 0.078438 0.311000 0.602697 -0.546496 0.581462 0.000000
0.053973 0.077177 0.306000 0.260437 -0.545485 0.796630 0.000000
0.060769 0.076673 0.304000 0.196897 -0.452753 0.869624 0.000000
0.067470 0.076168 0.302000 -0.019273 -0.501610 0.864879 0.000000
0.074324 0.075916 0.301000 -0.463859 0.145938 -0.873806 0.000000
0.079509 0.074150 0.294000 -0.609354 -0.386376 -0.692388 0.000000
0.027327 0.079933 0.314000 0.256024 0.260737 -0.930843 0.000000
0.036465 0.082224 0.323000 0.196433 -0.128992 -0.971995 0.000000
0.043651 0.081460 0.320000 -0.602942 0.092005 -0.792462 0.000000
0.049416 0.078660 0.309000 0.573098 -0.571006 0.587801 0.000000
0.056132 0.077897 0.306000 0.236797 -0.485050 0.841816 0.000000
0.062706 0.077133 0.303000 0.155850 -0.440877 0.883933 0.000000
0.069831 0.077133 0.303000 0.074827 -0.462951 0.883220 0.000000
0.075686 0.075860 0.298000 -0.664555 -0.371925 -0.648103 0.000000
0.081305 0.074587 0.293000 -0.609354 -0.386376 -0.692388 0.000000
0.047542 0.079901 0.311000 0.616222 -0.523075 0.588781 0.000000
0.054150 0.078873 0.307000 0.313134 -0.555990 0.769949 0.000000
0.060769 0.078102 0.304000 0.174882 -0.468262 0.866110 0.000000
0.067917 0.078102 0.304000 0.049471 -0.489463 0.870620 0.000000
0.074571 0.077588 0.302000 0.432627 -0.399263 0.808346 0.000000
0.079239 0.075276 0.293000 -0.689251 -0.261018 -0.675871 0.000000
0.048429 0.080891 0.312000 0.612295 -0.502983 0.610003 0.000000
0.055050 0.079854 0.308000 0.309862 -0.549151 0.776156 0.000000
0.061686 0.079076 0.305000 0.171592 -0.481699 0.859373 0.000000
0.068858 0.079076 0.305000 0.041839 -0.502935 0.863311 0.000000
0.075281 0.078299 0.302000 -0.586949 0.269925 -0.763303 0.000000
0.079928 0.075965 0.293000 -0.689251 -0.261018 -0.675871 0.000000
0.051034 0.081102 0.310000 0.483476 -0.627796 0.610019 0.000000
0.057759 0.080317 0.307000 0.206664 -0.510354 0.834763 0.000000
0.064343 0.079532 0.304000 0.115638 -0.495605 0.860815 0.000000
0.071961 0.080055 0.306000 0.187940 -0.439369 0.878427 0.000000
0.076570 0.077439 0.296000 -0.654923 -0.195563 -0.729953 0.000000
0.082401 0.076393 0.292000 -0.695079 -0.338865 -0.634063 0.000000
0.060647 0.081039 0.307000 0.178412 -0.499732 0.847607 0.000000
0.067644 0.080775 0.306000 0.067338 -0.538387 0.840003 0.000000
0.074595 0.080511 0.305000 0.388768 -0.419012 0.820542 0.000000
0.078550 0.077343 0.293000 -0.683743 -0.216377 -0.696905 0.000000
0.060647 0.081761 0.307000 0.172209 -0.519657 0.836840 0.000000
0.067865 0.081761 0.307000 0.076254 -0.532991 0.842678 0.000000
0.074840 0.081494 0.306000 0.324326 -0.440865 0.836929 0.000000
0.078550 0.078032 0.293000 -0.683743 -0.216377 -0.696905 0.000000
0.074604 0.082751 0.308000 0.324326 -0.440865 0.836929 0.000000
0.078126 0.078990 0.294000 -0.752443 -0.174881 -0.635016 0.000000
0.075559 0.082933 0.306000 -0.625404 0.285102 -0.726352 0.000000
0.079509 0.079681 0.294000 -0.752443 -0.174881 -0.635016 0.000000
0.077788 0.081466 0.298000 -0.744484 0.306070 -0.593350 0.000000
0.083941 0.080646 0.295000 -0.661901 -0.557414 -0.501175 0.000000
0.084226 0.081615 0.296000 -0.874090 -0.234103 -0.425631 0.000000
