-0.007024 -0.006890 0.230000 -0.326526 0.146884 0.933705 1.000000
-0.001637 -0.006979 0.233000 -0.601983 0.188025 0.776056 1.000000
0.003908 -0.007099 0.237000 -0.605859 -0.032473 0.794909 1.000000
-0.011840 -0.006321 0.229000 -0.064901 0.290752 0.954595 1.000000
-0.006483 -0.006349 0.230000 -0.381060 0.117712 0.917026 1.000000
-0.001089 -0.006432 0.233000 -0.620166 0.172539 0.765261 1.000000
0.004465 -0.006542 0.237000 -0.639785 -0.055827 0.766523 1.000000
-0.019378 -0.005783 0.229000 0.153474 0.438787 0.885388 1.000000
-0.013994 -0.005783 0.229000 0.025488 0.382802 0.923479 1.000000
-0.008609 -0.005783 0.229000 -0.211778 0.252238 0.944206 1.000000
-0.003252 -0.005833 0.231000 -0.519332 0.101683 0.848502 1.000000
0.002226 -0.005959 0.236000 -0.591325 0.002815 0.806428 1.000000
0.008006 -0.006136 0.243000 -0.718926 -0.322192 0.615904 1.000000
-0.020994 -0.005244 0.229000 0.268862 0.467575 0.842073 1.000000
-0.015609 -0.005244 0.229000 0.022239 0.488393 0.872340 1.000000
-0.010180 -0.005221 0.228000 -0.124215 0.315274 0.940836 1.000000
-0.004861 -0.005267 0.230000 -0.488161 0.092546 0.867833 1.000000
0.000557 -0.005359 0.234000 -0.652477 0.082266 0.753330 1.000000
0.006215 -0.005496 0.240000 -0.773563 -0.222822 0.593254 1.000000
-0.027152 -0.004747 0.231000 -0.031243 0.220970 0.974780 1.000000
-0.021532 -0.004706 0.229000 0.320296 0.487076 0.812507 1.000000
-0.016077 -0.004685 0.228000 0.019091 0.518903 0.854620 1.000000
-0.010716 -0.004685 0.228000 -0.156071 0.387576 0.908530 1.000000
-0.005402 -0.004726 0.230000 -0.495520 0.087187 0.864209 1.000000
0.000007 -0.004809 0.234000 -0.644846 0.055970 0.762260 1.000000
0.005627 -0.004911 0.239000 -0.781707 -0.177796 0.597765 1.000000
-0.030279 -0.004185 0.230000 0.033966 -0.029784 0.998979 1.000000
-0.024871 -0.004185 0.230000 0.166902 0.430669 0.886943 1.000000
-0.019209 -0.004131 0.227000 0.155333 0.466299 0.870883 1.000000
-0.013933 -0.004149 0.228000 -0.057985 0.470963 0.880245 1.000000
-0.008571 -0.004149 0.228000 -0.277769 0.241160 0.929885 1.000000
-0.003252 -0.004204 0.231000 -0.515624 0.028709 0.856334 1.000000
0.002226 -0.004295 0.236000 -0.616981 -0.046710 0.785591 1.000000
0.008006 -0.004422 0.243000 -0.734458 -0.355701 0.577969 1.000000
-0.029739 -0.003645 0.230000 0.171946 0.049789 0.983847 1.000000
-0.024225 -0.003629 0.229000 0.275754 0.408722 0.870003 1.000000
-0.018675 -0.003597 0.227000 0.095756 0.471081 0.876877 1.000000
-0.013338 -0.003597 0.227000 -0.097086 0.458746 0.883248 1.000000
-0.008070 -0.003629 0.229000 -0.380441 0.219044 0.898490 1.000000
-0.002709 -0.003661 0.231000 -0.524899 0.015165 0.851029 1.000000
0.002793 -0.003756 0.237000 -0.661626 -0.073286 0.746244 1.000000
0.008648 -0.003882 0.245000 -0.605232 -0.511377 0.610073 1.000000
-0.029739 -0.003104 0.230000 0.229423 0.024803 0.973011 1.000000
-0.024225 -0.003090 0.229000 0.275915 0.388478 0.879179 1.000000
-0.018593 -0.003050 0.226000 0.120366 0.426489 0.896448 1.000000
-0.013338 -0.003063 0.227000 -0.117159 0.443472 0.888598 1.000000
-0.008070 -0.003090 0.229000 -0.386775 0.221835 0.895095 1.000000
-0.002709 -0.003117 0.231000 -0.550611 0.006906 0.834733 1.000000
0.002793 -0.003198 0.237000 -0.666003 -0.074850 0.742184 1.000000
0.008648 -0.003306 0.245000 -0.662177 -0.500056 0.558091 1.000000
-0.031497 -0.002574 0.231000 0.175270 -0.064346 0.982415 1.000000
-0.025840 -0.002552 0.229000 0.175881 0.323291 0.929811 1.000000
-0.020277 -0.002530 0.227000 0.276510 0.377289 0.883852 1.000000
-0.014873 -0.002518 0.226000 -0.022555 0.387083 0.921769 1.000000
-0.009601 -0.002530 0.227000 -0.310293 0.290423 0.905192 1.000000
-0.004339 -0.002574 0.231000 -0.534866 0.007064 0.844907 1.000000
0.001112 -0.002619 0.235000 -0.681693 -0.049802 0.729942 1.000000
0.006835 -0.002697 0.242000 -0.772948 -0.242724 0.586206 1.000000
-0.033414 -0.002049 0.233000 0.442906 -0.474257 0.760864 1.000000
-0.027455 -0.002013 0.229000 0.235733 0.193397 0.952380 1.000000
-0.021974 -0.002005 0.228000 0.358290 0.304506 0.882556 1.000000
-0.016467 -0.001987 0.226000 0.010822 0.395319 0.918480 1.000000
-0.011153 -0.001987 0.226000 -0.254828 0.321239 0.912068 1.000000
-0.005942 -0.002022 0.230000 -0.525736 0.020322 0.850405 1.000000
-0.000541 -0.002049 0.233000 -0.652235 -0.041197 0.756897 1.000000
0.005086 -0.002110 0.240000 -0.774594 -0.190681 0.603030 1.000000
-0.037016 -0.001514 0.235000 0.235670 -0.754476 0.612556 1.000000
-0.030954 -0.001488 0.231000 0.338890 -0.136218 0.930913 1.000000
-0.025191 -0.001468 0.228000 0.279199 0.251082 0.926826 1.000000
-0.019743 -0.001462 0.227000 0.321037 0.326353 0.889061 1.000000
-0.014342 -0.001456 0.226000 -0.039483 0.384757 0.922173 1.000000
-0.009068 -0.001462 0.227000 -0.319253 0.284681 0.903900 1.000000
-0.003796 -0.001488 0.231000 -0.550647 -0.020141 0.834495 1.000000
0.001672 -0.001520 0.236000 -0.690469 -0.120649 0.713230 1.000000
0.007496 -0.001578 0.245000 -0.761610 -0.430499 0.484377 1.000000
-0.036064 -0.000965 0.236000 0.393728 -0.693498 0.603356 1.000000
-0.029739 -0.000941 0.230000 0.345034 0.008424 0.938552 1.000000
-0.024119 -0.000932 0.228000 0.326895 0.258326 0.909070 1.000000
-0.018593 -0.000924 0.226000 0.173668 0.307150 0.935681 1.000000
-0.013279 -0.000924 0.226000 -0.142400 0.291598 0.945882 1.000000
-0.008035 -0.000932 0.228000 -0.454741 0.135113 0.880315 1.000000
-0.002721 -0.000949 0.232000 -0.584103 -0.049922 0.810143 1.000000
0.002793 -0.000969 0.237000 -0.702743 -0.132045 0.699082 1.000000
0.008825 -0.001022 0.250000 0.118075 0.813684 -0.569189 1.000000
-0.036064 -0.000410 0.236000 0.467543 -0.645861 0.603545 1.000000
-0.029739 -0.000400 0.230000 0.442190 -0.048784 0.895594 1.000000
-0.024119 -0.000396 0.228000 0.316204 0.256699 0.913302 1.000000
-0.018593 -0.000393 0.226000 0.209870 0.244724 0.946607 1.000000
-0.013279 -0.000393 0.226000 -0.146813 0.289175 0.945951 1.000000
-0.008035 -0.000396 0.228000 -0.492045 0.104167 0.864315 1.000000
-0.002721 -0.000403 0.232000 -0.589974 -0.062029 0.805036 1.000000
0.002793 -0.000412 0.237000 -0.705569 -0.159577 0.690441 1.000000
0.008895 -0.000438 0.252000 0.092296 0.791953 -0.603566 1.000000
-0.036216 0.000145 0.237000 0.413905 -0.637366 0.649960 1.000000
-0.029739 0.000141 0.230000 0.441798 -0.032273 0.896534 1.000000
-0.024119 0.000140 0.228000 0.347626 0.184665 0.919269 1.000000
-0.018593 0.000139 0.226000 0.223551 0.216468 0.950351 1.000000
-0.013279 0.000139 0.226000 -0.148781 0.249504 0.956876 1.000000
-0.008035 0.000140 0.228000 -0.527951 0.100073 0.843358 1.000000
-0.002721 0.000142 0.232000 -0.612528 -0.081667 0.786219 1.000000
0.003379 0.000147 0.239000 -0.761482 -0.199119 0.616845 1.000000
0.009601 0.000156 0.255000 -0.181801 0.677974 -0.712250 1.000000
-0.036929 0.000706 0.238000 0.416235 -0.656707 0.628875 1.000000
-0.030411 0.000685 0.231000 0.500513 -0.065888 0.863218 1.000000
-0.024655 0.000676 0.228000 0.348143 0.141643 0.926679 1.000000
-0.019124 0.000670 0.226000 0.303130 0.180696 0.935661 1.000000
-0.013749 0.000667 0.225000 -0.086919 0.242803 0.966174 1.000000
-0.008534 0.000673 0.227000 -0.461410 0.172038 0.870347 1.000000
-0.003267 0.000688 0.232000 -0.608554 -0.075732 0.789890 1.000000
-0.040795 0.001281 0.241000 0.246369 0.937690 -0.245031 1.000000
-0.034253 0.001249 0.235000 0.644176 -0.422016 0.637918 1.000000
-0.027994 0.001217 0.229000 0.397469 -0.014726 0.917497 1.000000
-0.022412 0.001207 0.227000 0.354849 0.156865 0.921670 1.000000
-0.016924 0.001196 0.225000 0.086945 0.196975 0.976546 1.000000
-0.011685 0.001201 0.226000 -0.212763 0.241047 0.946905 1.000000
-0.042495 0.001848 0.241000 0.334979 0.922051 -0.193937 1.000000
-0.036216 0.001817 0.237000 0.416235 -0.656707 0.628875 1.000000
-0.029739 0.001764 0.230000 0.438370 -0.074564 0.895696 1.000000
-0.024119 0.001748 0.228000 0.359406 0.147285 0.921485 1.000000
-0.018511 0.001725 0.225000 0.215620 0.173069 0.961018 1.000000
-0.012216 0.001733 0.226000 -0.175070 0.230301 0.957242 1.000000
-0.003812 0.001779 0.232000 -0.602091 -0.081285 0.794279 1.000000
-0.042102 0.002425 0.242000 0.208887 0.919411 -0.333240 1.000000
-0.035509 0.002364 0.236000 0.476850 -0.610659 0.632226 1.000000
-0.029198 0.002304 0.230000 0.484963 -0.068413 0.871855 1.000000
-0.023583 0.002284 0.228000 0.374389 0.131955 0.917835 1.000000
-0.017982 0.002254 0.225000 0.172506 0.134084 0.975840 1.000000
-0.012691 0.002254 0.225000 -0.170560 0.204447 0.963904 1.000000
-0.005425 0.002314 0.231000 -0.569699 -0.056862 0.819884 1.000000
-0.043266 0.002957 0.239000 0.378379 0.908472 -0.177504 1.000000
-0.037804 0.002969 0.240000 0.516868 -0.645109 0.562744 1.000000
-0.030954 0.002858 0.231000 0.562350 -0.112670 0.819187 1.000000
-0.022412 0.002808 0.227000 0.356519 0.138806 0.923919 1.000000
-0.015865 0.002783 0.225000 0.047830 0.150674 0.987426 1.000000
-0.010622 0.002796 0.226000 -0.332366 0.119846 0.935505 1.000000
-0.041876 0.003592 0.244000 0.552098 -0.585196 0.593913 1.000000
-0.035250 0.003504 0.238000 0.598276 -0.327513 0.731301 1.000000
-0.028657 0.003386 0.230000 0.434389 -0.056158 0.898973 1.000000
-0.022945 0.003342 0.227000 0.369062 0.141303 0.918600 1.000000
-0.017453 0.003312 0.225000 0.111325 0.102417 0.988493 1.000000
-0.040068 0.004217 0.247000 0.796394 -0.429376 0.425902 1.000000
-0.032318 0.003978 0.233000 0.669800 -0.215312 0.710640 1.000000
-0.026263 0.003893 0.228000 0.424592 0.019963 0.905165 1.000000
-0.020719 0.003859 0.226000 0.319509 0.152667 0.935204 1.000000
-0.041142 0.004856 0.250000 0.799294 -0.461979 0.384324 1.000000
-0.029198 0.004468 0.230000 0.472887 -0.059981 0.879079 1.000000
-0.022412 0.004409 0.227000 0.349637 -0.136021 0.926959 1.000000
-0.031088 0.005052 0.232000 0.630762 -0.174569 0.756086 1.000000
-0.038814 0.006128 0.254000 0.579438 -0.507732 0.637543 1.000000
-0.035647 0.011035 0.257000 -0.644432 -0.541265 -0.540129 2.000000
0.000007 0.010821 0.252000 -0.754502 0.278212 0.594412 2.000000
-0.042899 0.011640 0.257000 -0.446445 -0.657835 -0.606580 2.000000
-0.036569 0.011549 0.255000 -0.644432 -0.541265 -0.540129 2.000000
-0.027530 0.010824 0.239000 0.653495 -0.012832 0.756822 2.000000
0.002368 0.011368 0.251000 -0.725261 0.302176 0.618616 2.000000
-0.041965 0.012149 0.255000 -0.512651 -0.633611 -0.579418 2.000000
-0.035546 0.012006 0.252000 -0.594646 -0.637196 -0.490283 2.000000
-0.020178 0.011053 0.232000 0.257465 -0.226975 0.939252 2.000000
-0.011891 0.010957 0.230000 -0.014531 -0.375580 0.926676 2.000000
-0.001141 0.011624 0.244000 -0.636448 0.659447 0.400081 2.000000
0.004823 0.012196 0.256000 0.385035 -0.303435 -0.871593 2.000000
-0.040446 0.012648 0.253000 0.649192 0.570536 0.503030 2.000000
-0.033679 0.012348 0.247000 -0.519158 -0.734492 -0.437030 2.000000
-0.023996 0.011598 0.232000 0.483370 -0.046303 0.874191 2.000000
-0.017841 0.011498 0.230000 0.197461 -0.312641 0.929120 2.000000
-0.012432 0.011498 0.230000 -0.014531 -0.375580 0.926676 2.000000
-0.007085 0.011598 0.232000 -0.503673 -0.121983 0.855239 2.000000
-0.001686 0.011998 0.240000 -0.665092 0.450803 0.595340 2.000000
0.004139 0.012548 0.251000 0.420889 -0.852364 -0.310369 2.000000
-0.040879 0.013191 0.252000 0.605260 0.649832 0.459759 2.000000
-0.034121 0.012877 0.246000 -0.494129 -0.757619 -0.426439 2.000000
-0.027300 0.012406 0.237000 0.582874 0.222999 0.781364 2.000000
-0.021269 0.012144 0.232000 0.271216 -0.231517 0.934260 2.000000
-0.015677 0.012039 0.230000 0.177364 -0.320265 0.930577 2.000000
-0.010269 0.012039 0.230000 -0.183593 -0.309499 0.933008 2.000000
-0.004966 0.012301 0.235000 -0.667094 0.141860 0.731342 2.000000
0.000574 0.012615 0.241000 -0.608148 0.590796 0.530205 2.000000
-0.046343 0.014002 0.256000 -0.324704 -0.779566 -0.535578 2.000000
-0.039379 0.013674 0.250000 -0.506919 -0.726461 -0.463991 2.000000
-0.032428 0.013236 0.242000 0.562222 0.600210 0.568906 2.000000
-0.025854 0.012799 0.234000 0.481352 0.025605 0.876153 2.000000
-0.020178 0.012689 0.232000 0.257465 -0.226975 0.939252 2.000000
-0.014596 0.012580 0.230000 0.116937 -0.386188 0.914978 2.000000
-0.009187 0.012580 0.230000 -0.273788 -0.280756 0.919900 2.000000
-0.003878 0.012908 0.236000 -0.671584 0.364771 0.644916 2.000000
0.001721 0.013291 0.243000 -0.614051 0.666299 0.423068 2.000000
-0.045384 0.014490 0.254000 -0.281947 -0.830492 -0.480405 2.000000
-0.038481 0.014148 0.248000 -0.467733 -0.765648 -0.441598 2.000000
-0.031596 0.013691 0.240000 0.546395 0.540616 0.639677 2.000000
-0.025196 0.013292 0.233000 0.476062 0.003905 0.879403 2.000000
-0.019632 0.013235 0.232000 0.213558 -0.267669 0.939546 2.000000
-0.014055 0.013121 0.230000 0.088802 -0.388131 0.917316 2.000000
-0.008647 0.013121 0.230000 -0.363672 -0.194394 0.911018 2.000000
-0.003323 0.013463 0.236000 -0.657770 0.345697 0.669203 2.000000
0.002302 0.013919 0.244000 0.536051 -0.743605 -0.399626 2.000000
-0.046162 0.015147 0.255000 -0.281947 -0.830492 -0.480405 2.000000
-0.038906 0.014671 0.247000 -0.457781 -0.787135 -0.413347 2.000000
-0.032026 0.014196 0.239000 0.534203 0.464348 0.706405 2.000000
-0.025854 0.013899 0.234000 0.469803 0.028635 0.882307 2.000000
-0.020178 0.013780 0.232000 0.202897 -0.276873 0.939241 2.000000
-0.014596 0.013662 0.230000 0.100149 -0.394804 0.913291 2.000000
-0.009187 0.013662 0.230000 -0.255214 -0.232258 0.938574 2.000000
-0.003878 0.014018 0.236000 -0.644282 0.380319 0.663520 2.000000
0.001721 0.014434 0.243000 -0.598561 0.675497 0.430615 2.000000
-0.048525 0.015931 0.258000 -0.257170 -0.856128 -0.448229 2.000000
-0.040068 0.015252 0.247000 -0.451545 -0.784540 -0.424976 2.000000
-0.033289 0.014820 0.240000 0.527053 0.527504 0.666300 2.000000
-0.027070 0.014511 0.235000 0.533280 0.074530 0.842649 2.000000
-0.021269 0.014326 0.232000 0.234634 -0.242233 0.941419 2.000000
-0.015745 0.014264 0.231000 0.173077 -0.349759 0.920713 2.000000
-0.010269 0.014202 0.230000 -0.052758 -0.297817 0.953164 2.000000
-0.004966 0.014511 0.235000 -0.586543 0.349780 0.730494 2.000000
0.000571 0.014820 0.240000 -0.626289 0.582134 0.518539 2.000000
0.006551 0.015623 0.253000 0.258309 -0.876287 -0.406691 2.000000
-0.043320 0.015961 0.249000 -0.369477 -0.831243 -0.415357 2.000000
-0.036562 0.015577 0.243000 -0.481721 -0.669778 -0.565104 2.000000
-0.030086 0.015192 0.237000 0.530153 0.278751 0.800772 2.000000
-0.023996 0.014871 0.232000 0.311949 -0.183758 0.932159 2.000000
-0.018541 0.014871 0.232000 0.210328 -0.287275 0.934471 2.000000
-0.013030 0.014807 0.231000 0.026356 -0.368376 0.929303 2.000000
-0.007631 0.014871 0.232000 -0.508988 -0.007616 0.860740 2.000000
-0.002222 0.015192 0.237000 -0.565643 0.527981 0.633470 2.000000
0.003464 0.015705 0.245000 0.519704 -0.780293 -0.347925 2.000000
-0.047176 0.016879 0.254000 -0.207701 -0.901787 -0.379000 2.000000
-0.039743 0.016281 0.245000 -0.446396 -0.737358 -0.506985 2.000000
-0.033150 0.015882 0.239000 0.463352 0.332220 0.821544 2.000000
-0.027070 0.015616 0.235000 0.463476 0.012097 0.886027 2.000000
-0.021360 0.015483 0.233000 0.194828 -0.210776 0.957922 2.000000
-0.015745 0.015351 0.231000 0.132893 -0.336912 0.932110 2.000000
-0.010314 0.015351 0.231000 -0.072457 -0.248852 0.965827 2.000000
-0.004966 0.015616 0.235000 -0.574017 0.336569 0.746475 2.000000
0.000571 0.015949 0.240000 -0.609756 0.606109 0.510715 2.000000
0.006448 0.016547 0.249000 0.394612 -0.863516 -0.314039 2.000000
-0.042972 0.016995 0.247000 -0.410998 -0.799148 -0.438684 2.000000
-0.036411 0.016651 0.242000 -0.487634 -0.609890 -0.624697 2.000000
-0.029959 0.016238 0.236000 0.500344 0.126926 0.856473 2.000000
-0.024100 0.016031 0.233000 0.320725 -0.154296 0.934520 2.000000
-0.018541 0.015962 0.232000 0.181231 -0.297031 0.937512 2.000000
-0.013086 0.015962 0.232000 0.041775 -0.349842 0.935877 2.000000
-0.007631 0.015962 0.232000 -0.424867 -0.033239 0.904646 2.000000
-0.002213 0.016238 0.236000 -0.544232 0.538677 0.643148 2.000000
0.003435 0.016719 0.243000 0.488393 -0.746047 -0.452642 2.000000
-0.046619 0.017860 0.251000 -0.205172 -0.897124 -0.391246 2.000000
-0.039419 0.017291 0.243000 -0.407675 -0.696325 -0.590705 2.000000
-0.033011 0.016935 0.238000 0.463699 0.326443 0.823662 2.000000
-0.027070 0.016721 0.235000 0.411000 -0.072130 0.908777 2.000000
-0.021360 0.016579 0.233000 0.151604 -0.217096 0.964306 2.000000
-0.015814 0.016508 0.232000 0.139695 -0.341974 0.929268 2.000000
-0.010358 0.016508 0.232000 -0.015289 -0.247902 0.968664 2.000000
-0.004966 0.016721 0.235000 -0.471528 0.389356 0.791242 2.000000
0.000569 0.017006 0.239000 -0.599302 0.595980 0.534458 2.000000
0.006344 0.017433 0.245000 0.296239 -0.890359 -0.345693 2.000000
-0.040562 0.017862 0.243000 -0.381152 -0.657862 -0.649570 2.000000
-0.034274 0.017568 0.239000 0.456431 0.306797 0.835192 2.000000
-0.028295 0.017348 0.236000 0.484490 -0.012116 0.874713 2.000000
-0.022456 0.017127 0.233000 0.255644 -0.157619 0.953836 2.000000
-0.016905 0.017054 0.232000 0.169086 -0.322574 0.931319 2.000000
-0.011449 0.017054 0.232000 0.074033 -0.282379 0.956442 2.000000
-0.006046 0.017201 0.234000 0.311073 -0.408708 -0.858016 2.000000
-0.000553 0.017495 0.238000 0.557479 -0.586748 -0.587319 2.000000
0.005149 0.017862 0.243000 0.386829 -0.799690 -0.459194 2.000000
-0.039257 0.018358 0.242000 -0.485692 -0.557957 -0.672895 2.000000
-0.033011 0.018054 0.238000 0.437129 0.198637 0.877189 2.000000
-0.027070 0.017827 0.235000 0.424382 -0.092302 0.900766 2.000000
-0.021360 0.017675 0.233000 0.074947 -0.209927 0.974840 2.000000
-0.015814 0.017599 0.232000 0.113505 -0.358467 0.926616 2.000000
-0.010358 0.017599 0.232000 0.025545 -0.233689 0.971976 2.000000
-0.004945 0.017751 0.234000 0.362502 -0.446966 -0.817811 2.000000
0.000566 0.018054 0.238000 0.562688 -0.637223 -0.526620 2.000000
-0.039826 0.018927 0.242000 -0.437539 -0.587124 -0.681061 2.000000
-0.033571 0.018614 0.238000 0.435331 0.172239 0.883641 2.000000
-0.027622 0.018379 0.235000 0.407919 -0.075568 0.909885 2.000000
-0.021908 0.018223 0.233000 0.121862 -0.184539 0.975241 2.000000
-0.016430 0.018223 0.233000 0.143527 -0.337655 0.930263 2.000000
-0.010904 0.018145 0.232000 0.039316 -0.194936 0.980028 2.000000
-0.005472 0.018223 0.233000 0.273588 -0.487489 -0.829158 2.000000
0.000007 0.018457 0.236000 0.511100 -0.654465 -0.557183 2.000000
-0.034131 0.019173 0.238000 0.399728 0.162621 0.902093 2.000000
-0.028295 0.019012 0.236000 0.414360 -0.037915 0.909323 2.000000
-0.022553 0.018851 0.234000 0.200202 -0.078052 0.976641 2.000000
-0.016977 0.018771 0.233000 0.158753 -0.325242 0.932210 2.000000
-0.011449 0.018690 0.232000 0.098897 -0.198511 0.975096 2.000000
-0.005994 0.018690 0.232000 -0.176015 0.373615 0.910731 2.000000
-0.034690 0.019733 0.238000 0.335334 0.142238 0.931300 2.000000
-0.028850 0.019567 0.236000 0.410948 -0.026908 0.911261 2.000000
-0.023103 0.019401 0.234000 0.243678 -0.039950 0.969033 2.000000
-0.017525 0.019319 0.233000 0.104253 -0.247848 0.963173 2.000000
-0.011995 0.019236 0.232000 0.125085 -0.224976 0.966302 2.000000
-0.006540 0.019236 0.232000 -0.086208 0.273299 0.958059 2.000000
-0.027622 0.020037 0.235000 0.378178 -0.055404 0.924074 2.000000
-0.022002 0.019952 0.234000 0.078327 -0.024252 0.996633 2.000000
-0.016430 0.019866 0.233000 0.106155 -0.241767 0.964510 2.000000
-0.028850 0.020677 0.236000 0.422532 -0.045055 0.905227 2.000000
-0.023103 0.020502 0.234000 0.250940 0.047938 0.966815 2.000000
-0.015005 -0.032027 0.228000 0.044865 0.721433 -0.691029 0.000000
-0.012860 -0.031491 0.228000 0.113003 0.728639 -0.675512 0.000000
-0.014469 -0.030955 0.228000 0.044865 0.721433 -0.691029 0.000000
-0.018758 -0.030419 0.228000 -0.263954 0.747023 -0.610152 0.000000
-0.012378 -0.030552 0.229000 0.113003 0.728639 -0.675512 0.000000
-0.017224 -0.030014 0.229000 -0.263954 0.747023 -0.610152 0.000000
-0.011351 -0.030145 0.230000 0.113805 0.708148 -0.696832 0.000000
-0.016148 -0.029475 0.229000 -0.070664 0.752349 -0.654964 0.000000
-0.010810 -0.029604 0.230000 0.099074 0.669225 -0.736425 0.000000
-0.016832 -0.029190 0.231000 -0.263954 0.747023 -0.610152 0.000000
-0.011400 -0.029190 0.231000 0.099074 0.669225 -0.736425 0.000000
-0.017450 -0.028770 0.232000 -0.194540 0.770173 -0.607444 0.000000
-0.011995 -0.028770 0.232000 0.111515 0.698046 -0.707316 0.000000
-0.020700 -0.028955 0.238000 -0.173855 0.646105 -0.743185 0.000000
-0.013631 -0.028225 0.232000 0.030327 0.717148 -0.696261 0.000000
-0.008247 -0.028468 0.234000 -0.349964 0.460256 -0.815898 0.000000
-0.016430 -0.027799 0.233000 -0.224685 0.745441 -0.627562 0.000000
-0.010998 -0.027918 0.234000 0.009601 0.565488 -0.824700 0.000000
-0.019580 -0.027836 0.238000 -0.327369 0.506710 -0.797543 0.000000
-0.013199 -0.027368 0.234000 0.052538 0.555545 -0.829825 0.000000
-0.007762 -0.027602 0.236000 -0.185676 0.199735 -0.962097 0.000000
-0.013749 -0.026818 0.234000 -0.067463 0.507516 -0.858997 0.000000
-0.008282 -0.026932 0.235000 -0.263003 0.159579 -0.951506 0.000000
0.011858 -0.028880 0.252000 -0.675544 0.416327 0.608532 0.000000
-0.016018 -0.026380 0.235000 -0.484940 0.408253 -0.773410 0.000000
-0.010492 -0.026380 0.235000 -0.208088 0.248471 -0.946024 0.000000
0.009488 -0.028288 0.252000 -0.631239 0.451360 0.630723 0.000000
0.015414 -0.028288 0.252000 -0.736924 0.380841 0.558483 0.000000
-0.013808 -0.025827 0.235000 -0.169912 0.409231 -0.896471 0.000000
-0.008282 -0.025827 0.235000 -0.249943 0.114712 -0.961441 0.000000
0.012992 -0.027585 0.251000 -0.686619 0.406441 0.602793 0.000000
-0.016086 -0.025382 0.236000 -0.451195 0.233189 -0.861421 0.000000
-0.010448 -0.025167 0.234000 -0.303533 0.053480 -0.951319 0.000000
0.010041 -0.026995 0.251000 -0.637567 0.441950 0.631022 0.000000
-0.019101 -0.025143 0.239000 -0.454524 0.039954 -0.889838 0.000000
-0.013255 -0.024722 0.235000 -0.299846 0.123520 -0.945957 0.000000
0.008237 -0.026300 0.250000 -0.632606 0.446163 0.633047 0.000000
0.014115 -0.026300 0.250000 -0.733677 0.375948 0.566022 0.000000
-0.014913 -0.024169 0.235000 -0.436486 0.104822 -0.893584 0.000000
-0.009347 -0.024066 0.234000 0.190001 0.090536 0.977601 0.000000
0.011764 -0.025712 0.250000 -0.686619 0.406441 0.602793 0.000000
-0.017342 -0.023918 0.238000 0.481175 0.100680 0.870824 0.000000
-0.011548 -0.023516 0.234000 0.288477 0.140671 0.947097 0.000000
-0.001094 -0.023516 0.234000 -0.417808 0.307693 0.854846 0.000000
0.012888 -0.025024 0.249000 -0.686619 0.406441 0.602793 0.000000
-0.043461 -0.023260 0.237000 -0.221887 0.527493 0.820071 0.000000
-0.017342 -0.023359 0.238000 0.481175 0.100680 0.870824 0.000000
-0.011548 -0.022966 0.234000 0.281157 0.219644 0.934188 0.000000
-0.003812 -0.022770 0.232000 -0.216388 0.322566 0.921481 0.000000
0.012253 -0.024340 0.248000 -0.686619 0.406441 0.602793 0.000000
-0.042542 -0.022512 0.235000 -0.221887 0.527493 0.820071 0.000000
-0.016086 -0.022607 0.236000 0.509624 0.268249 0.817512 0.000000
-0.010403 -0.022320 0.233000 0.279764 0.259485 0.924337 0.000000
-0.004358 -0.022224 0.232000 -0.192455 0.359004 0.913278 0.000000
0.010504 -0.023757 0.248000 -0.674393 0.419322 0.607753 0.000000
-0.043647 -0.021959 0.235000 0.498639 0.143494 0.854850 0.000000
-0.015531 -0.022052 0.236000 0.507327 0.292629 0.810547 0.000000
-0.009855 -0.021772 0.233000 0.249926 0.298851 0.920992 0.000000
-0.004358 -0.021679 0.232000 -0.175691 0.265406 0.947994 0.000000
0.001121 -0.022146 0.237000 -0.412619 -0.097921 0.905625 0.000000
0.014115 -0.023361 0.250000 -0.736924 0.380841 0.558483 0.000000
-0.019827 -0.021953 0.241000 0.276300 0.475930 0.834954 0.000000
-0.013255 -0.021406 0.235000 0.372179 0.284673 0.883427 0.000000
-0.007631 -0.021133 0.232000 0.064605 0.254229 0.964984 0.000000
-0.002185 -0.021224 0.233000 -0.350301 0.152502 0.924139 0.000000
0.004446 -0.021497 0.236000 -0.507582 -0.054241 0.859894 0.000000
0.015879 -0.022773 0.250000 -0.728201 0.366330 0.579246 0.000000
-0.020309 -0.021298 0.240000 0.253093 0.493978 0.831823 0.000000
-0.014360 -0.020854 0.235000 0.274262 0.404945 0.872238 0.000000
-0.008722 -0.020588 0.232000 0.115291 0.188885 0.975208 0.000000
-0.003267 -0.020588 0.232000 -0.274142 -0.058741 0.959894 0.000000
0.003908 -0.021031 0.237000 -0.507582 -0.054241 0.859894 0.000000
0.013474 -0.022096 0.249000 -0.733677 0.375948 0.566022 0.000000
-0.041453 -0.020042 0.232000 0.498639 0.143494 0.854850 0.000000
-0.024057 -0.020560 0.238000 0.201596 0.658257 0.725297 0.000000
-0.014913 -0.020301 0.235000 0.274262 0.404945 0.872238 0.000000
-0.009267 -0.020042 0.232000 0.162744 0.178443 0.970398 0.000000
-0.003812 -0.020042 0.232000 -0.267166 -0.109030 0.957463 0.000000
0.001686 -0.020560 0.238000 -0.451585 -0.146077 0.880189 0.000000
0.015291 -0.021597 0.250000 -0.652516 0.370645 0.660943 0.000000
-0.040188 -0.019412 0.231000 0.498639 0.143494 0.854850 0.000000
-0.019801 -0.019665 0.234000 0.213672 0.762370 0.610849 0.000000
-0.014299 -0.019665 0.234000 0.246630 0.484716 0.839181 0.000000
-0.008722 -0.019497 0.232000 0.116054 0.057125 0.991599 0.000000
-0.002733 -0.019581 0.233000 -0.375857 -0.199325 0.904987 0.000000
0.008401 -0.020001 0.238000 -0.593234 0.157495 0.789474 0.000000
-0.043635 -0.018951 0.232000 0.610844 0.094272 0.786119 0.000000
-0.027740 -0.019278 0.236000 -0.019902 0.553517 0.832600 0.000000
-0.020265 -0.019033 0.233000 0.164457 0.752026 0.638288 0.000000
-0.014786 -0.019033 0.233000 0.111731 0.619089 0.777332 0.000000
-0.009267 -0.018951 0.232000 0.064363 0.088003 0.994039 0.000000
-0.003281 -0.019033 0.233000 -0.348097 -0.256899 0.901572 0.000000
0.008401 -0.019441 0.238000 -0.534606 0.087178 0.840593 0.000000
0.015943 -0.020503 0.251000 -0.688902 0.361375 0.628349 0.000000
-0.037686 -0.018167 0.229000 -0.517204 0.557511 0.649370 0.000000
-0.023103 -0.018564 0.234000 0.226246 0.726701 0.648628 0.000000
-0.014238 -0.018485 0.233000 0.122186 0.591475 0.797012 0.000000
-0.008684 -0.018326 0.231000 -0.000006 -0.070822 0.997489 0.000000
-0.002194 -0.018564 0.234000 -0.471852 -0.214468 0.855195 0.000000
0.010250 -0.019199 0.242000 -0.670559 0.265583 0.692688 0.000000
0.016599 -0.019992 0.252000 -0.665944 0.362561 0.651973 0.000000
-0.036609 -0.017629 0.229000 -0.223796 0.121865 0.966987 0.000000
-0.020634 -0.017783 0.231000 0.169816 0.608878 0.774874 0.000000
-0.014723 -0.017860 0.232000 0.044558 0.633933 0.772103 0.000000
-0.009227 -0.017783 0.231000 -0.026358 0.002124 0.999650 0.000000
-0.001098 -0.018091 0.235000 -0.528852 -0.133441 0.838158 0.000000
0.011623 -0.019015 0.247000 -0.748105 0.307993 0.587775 0.000000
-0.039302 -0.017091 0.229000 0.307694 0.148085 0.939891 0.000000
-0.026404 -0.017464 0.234000 0.184131 0.473900 0.861113 0.000000
-0.020004 -0.017165 0.230000 0.125977 0.493472 0.860590 0.000000
-0.014659 -0.017240 0.231000 -0.029073 0.579245 0.814635 0.000000
-0.007055 -0.017240 0.231000 -0.176758 -0.221437 0.959021 0.000000
0.002255 -0.017837 0.239000 -0.418887 -0.068061 0.905484 0.000000
-0.039666 -0.016480 0.228000 0.108525 0.138908 0.984341 0.000000
-0.026404 -0.016913 0.234000 0.184131 0.473900 0.861113 0.000000
-0.019378 -0.016552 0.229000 0.068157 0.373175 0.925254 0.000000
-0.013573 -0.016697 0.231000 -0.067532 0.514646 0.854739 0.000000
-0.001094 -0.016913 0.234000 -0.499046 -0.111424 0.859382 0.000000
0.004503 -0.017275 0.239000 -0.448555 0.016480 0.893603 0.000000
-0.038594 -0.015944 0.228000 -0.097460 0.051881 0.993886 0.000000
-0.023350 -0.016153 0.231000 0.302464 0.338615 0.890986 0.000000
-0.016686 -0.016014 0.229000 -0.038975 0.367475 0.929216 0.000000
-0.007631 -0.016223 0.232000 -0.224833 -0.105575 0.968661 0.000000
0.002245 -0.016643 0.238000 -0.404374 -0.027838 0.914170 0.000000
-0.038958 -0.015340 0.227000 0.012543 0.024963 0.999610 0.000000
-0.023249 -0.015543 0.230000 0.312912 0.197410 0.929040 0.000000
-0.017763 -0.015475 0.229000 0.049929 0.317379 0.946983 0.000000
-0.009267 -0.015678 0.232000 -0.287456 0.178579 0.940999 0.000000
0.001117 -0.015948 0.236000 -0.473032 -0.000145 0.881045 0.000000
-0.039318 -0.014741 0.226000 0.133742 -0.012940 0.990932 0.000000
-0.034155 -0.014806 0.227000 0.315197 0.151577 -0.936843 0.000000
-0.015071 -0.014937 0.229000 -0.153720 0.276543 0.948627 0.000000
-0.007696 -0.015263 0.234000 -0.305097 0.021523 0.952078 0.000000
0.007282 -0.015524 0.238000 -0.494175 -0.021671 0.869092 0.000000
-0.035067 -0.014210 0.226000 -0.298823 -0.179686 0.937239 0.000000
-0.015071 -0.014398 0.229000 -0.146177 0.222642 0.963879 0.000000
-0.007696 -0.014713 0.234000 -0.313754 -0.000971 0.949504 0.000000
-0.038787 -0.013678 0.226000 -0.281102 -0.103897 0.954037 0.000000
-0.018840 -0.013860 0.229000 0.161683 0.103610 0.981389 0.000000
-0.013455 -0.013860 0.229000 -0.167452 0.199075 0.965572 0.000000
-0.008247 -0.014162 0.234000 -0.446291 0.170451 0.878505 0.000000
-0.001098 -0.014223 0.235000 -0.358659 0.034160 0.932844 0.000000
0.009036 -0.014525 0.240000 -0.548594 -0.095358 0.830633 0.000000
-0.036290 -0.013205 0.227000 0.331821 0.192530 -0.923486 0.000000
-0.015609 -0.013321 0.229000 -0.099907 0.146163 0.984203 0.000000
-0.009855 -0.013554 0.233000 -0.359483 0.264214 0.894965 0.000000
-0.004433 -0.013728 0.236000 -0.306912 -0.030543 0.951248 0.000000
0.005627 -0.013903 0.239000 -0.498564 0.021392 0.866589 0.000000
0.013149 -0.014136 0.243000 -0.605397 -0.193369 0.772077 0.000000
-0.035913 -0.012727 0.228000 0.351296 0.175997 -0.919574 0.000000
-0.008247 -0.013062 0.234000 -0.449992 0.245715 0.858563 0.000000
-0.002756 -0.013118 0.235000 -0.345592 0.099751 0.933068 0.000000
0.006751 -0.013341 0.239000 -0.559144 -0.060552 0.826856 0.000000
0.012526 -0.013508 0.242000 -0.605397 -0.193369 0.772077 0.000000
-0.034065 -0.012298 0.230000 0.182819 0.259424 -0.948302 0.000000
0.016269 -0.013207 0.247000 -0.656768 0.155241 0.737940 0.000000
-0.036071 -0.011706 0.229000 0.349281 0.281755 -0.893654 0.000000
-0.030954 -0.011808 0.231000 0.136077 0.233724 -0.962734 0.000000
-0.003295 -0.011961 0.234000 -0.328969 0.265150 0.906353 0.000000
0.002226 -0.012064 0.236000 -0.460016 0.113241 0.880660 0.000000
0.013095 -0.012370 0.242000 -0.592624 -0.186896 0.783497 0.000000
-0.038958 -0.011070 0.227000 0.313730 0.207459 -0.926571 0.000000
-0.034213 -0.011265 0.231000 0.169889 0.253036 -0.952423 0.000000
-0.014532 -0.011167 0.229000 -0.048445 0.071248 0.996282 0.000000
-0.003281 -0.011362 0.233000 -0.411105 0.376553 0.830181 0.000000
0.002226 -0.011509 0.236000 -0.488847 0.118837 0.864237 0.000000
0.007908 -0.011704 0.240000 -0.608026 -0.160295 0.777566 0.000000
0.013720 -0.011850 0.243000 -0.582195 -0.173732 0.794271 0.000000
-0.038225 -0.010629 0.229000 0.362663 0.225771 -0.904159 0.000000
-0.033127 -0.010722 0.231000 0.128138 0.226916 -0.965448 0.000000
-0.022167 -0.010675 0.230000 0.247831 -0.002656 0.968800 0.000000
-0.014532 -0.010629 0.229000 0.050071 0.011568 0.998679 0.000000
-0.009147 -0.010629 0.229000 -0.219692 0.354191 0.909002 0.000000
-0.002194 -0.010861 0.234000 -0.421698 0.297812 0.856434 0.000000
0.003350 -0.011000 0.237000 -0.485625 0.062948 0.871898 0.000000
0.009074 -0.011186 0.241000 -0.629172 -0.306165 0.714427 0.000000
0.014985 -0.011372 0.245000 0.387298 0.415801 -0.822867 0.000000
-0.037686 -0.010090 0.229000 0.381111 0.266539 -0.885275 0.000000
-0.032584 -0.010179 0.231000 -0.126459 -0.135317 0.982699 0.000000
-0.023893 -0.010179 0.231000 0.130713 0.024392 0.991120 0.000000
-0.017300 -0.010135 0.230000 0.028387 -0.004842 0.999585 0.000000
-0.011840 -0.010090 0.229000 -0.052362 0.119237 0.991484 0.000000
-0.004358 -0.010223 0.232000 -0.449197 0.435068 0.780345 0.000000
0.001117 -0.010399 0.236000 -0.488736 0.139096 0.861272 0.000000
0.006751 -0.010531 0.239000 -0.666014 -0.093557 0.740049 0.000000
0.012577 -0.010707 0.243000 -0.498892 -0.404541 0.766455 0.000000
-0.040202 -0.009510 0.228000 0.362103 0.191590 -0.912236 0.000000
-0.035300 -0.009635 0.231000 0.224444 0.108922 -0.968380 0.000000
-0.029739 -0.009594 0.230000 -0.136210 0.099376 0.985683 0.000000
-0.023893 -0.009635 0.231000 0.113802 0.079122 0.990348 0.000000
-0.017841 -0.009594 0.230000 0.152165 0.018378 0.988184 0.000000
-0.012378 -0.009552 0.229000 0.029484 0.045651 0.998522 0.000000
-0.006483 -0.009594 0.230000 -0.328086 0.429492 0.841366 0.000000
-0.001098 -0.009802 0.235000 -0.495701 0.215696 0.841282 0.000000
0.004465 -0.009886 0.237000 -0.551822 -0.023248 0.833638 0.000000
0.010292 -0.010136 0.243000 -0.501170 -0.402790 0.765891 0.000000
0.016138 -0.010219 0.245000 0.352198 0.381777 -0.854519 0.000000
-0.039302 -0.009014 0.229000 0.328085 0.184178 -0.926520 0.000000
-0.034065 -0.009053 0.230000 -0.121930 -0.001952 0.992537 0.000000
-0.028657 -0.009053 0.230000 -0.160044 0.111577 0.980784 0.000000
-0.023451 -0.009132 0.232000 0.111873 0.084142 0.990154 0.000000
-0.016759 -0.009053 0.230000 0.050861 0.050806 0.997413 0.000000
-0.011301 -0.009014 0.229000 -0.053548 0.151831 0.986955 0.000000
-0.005942 -0.009053 0.230000 -0.410711 0.336491 0.847402 0.000000
-0.000546 -0.009250 0.235000 -0.501814 0.247937 0.828680 0.000000
0.005022 -0.009328 0.237000 -0.555930 -0.048000 0.829842 0.000000
0.010908 -0.009604 0.244000 -0.518585 -0.429317 0.739430 0.000000
0.016782 -0.009683 0.246000 0.352871 0.359789 -0.863733 0.000000
-0.039840 -0.008475 0.229000 0.340922 0.198605 -0.918873 0.000000
-0.034606 -0.008512 0.230000 -0.138483 0.000998 0.990364 0.000000
-0.029198 -0.008512 0.230000 -0.152140 0.108337 0.982403 0.000000
-0.023451 -0.008586 0.232000 0.110686 0.205989 0.972274 0.000000
-0.017841 -0.008512 0.230000 0.147745 0.219434 0.964375 0.000000
-0.012432 -0.008512 0.230000 0.009233 0.142822 0.989705 0.000000
-0.006994 -0.008475 0.229000 -0.297005 0.213626 0.930673 0.000000
-0.001644 -0.008660 0.234000 -0.546819 0.268702 0.792961 0.000000
0.003908 -0.008771 0.237000 -0.582744 -0.001312 0.812654 0.000000
0.009761 -0.009030 0.244000 -0.528536 -0.420468 0.737467 0.000000
0.015625 -0.009104 0.246000 0.352198 0.381777 -0.854519 0.000000
-0.040379 -0.007937 0.229000 0.356788 0.090872 -0.929755 0.000000
-0.035147 -0.007971 0.230000 -0.156279 -0.067983 0.985371 0.000000
-0.029739 -0.007971 0.230000 -0.147714 0.105512 0.983386 0.000000
-0.024542 -0.008041 0.232000 0.061300 0.255122 0.964964 0.000000
-0.018381 -0.007971 0.230000 0.153947 0.223041 0.962576 0.000000
-0.012973 -0.007971 0.230000 0.022856 0.208063 0.977848 0.000000
-0.007565 -0.007971 0.230000 -0.297005 0.213626 0.930673 0.000000
-0.002185 -0.008075 0.233000 -0.574008 0.242189 0.782215 0.000000
0.003350 -0.008214 0.237000 -0.584288 0.004495 0.811534 0.000000
0.009187 -0.008456 0.244000 -0.628649 -0.403092 0.665069 0.000000
0.015047 -0.008526 0.246000 0.316578 0.381859 -0.868310 0.000000
0.021085 -0.008630 0.249000 0.151457 0.101938 -0.983194 0.000000
-0.036228 -0.007430 0.230000 0.291118 0.064349 -0.954521 0.000000
-0.030820 -0.007430 0.230000 -0.075407 0.031985 0.996640 0.000000
-0.025633 -0.007495 0.232000 -0.008574 0.229461 0.973280 0.000000
-0.020004 -0.007430 0.230000 0.229583 0.406520 0.884326 0.000000
-0.014596 -0.007430 0.230000 0.089846 0.215362 0.972392 0.000000
-0.009147 -0.007398 0.229000 -0.141372 0.263483 0.954249 0.000000
-0.003796 -0.007463 0.231000 -0.542414 0.200882 0.815741 0.000000
0.001672 -0.007624 0.236000 -0.560345 0.012175 0.828170 0.000000
0.007374 -0.007786 0.241000 -0.736064 -0.224658 0.638545 0.000000
0.013311 -0.007947 0.246000 0.341908 0.404475 -0.848233 0.000000
0.019329 -0.008044 0.249000 0.133254 0.147826 -0.979995 0.000000
-0.038763 -0.006860 0.229000 0.321266 0.037872 -0.946231 0.000000
-0.033524 -0.006890 0.230000 -0.050404 0.002731 0.998725 0.000000
-0.028238 -0.006920 0.231000 -0.137097 0.136685 0.981082 0.000000
-0.022807 -0.006920 0.231000 0.234188 0.350203 0.906925 0.000000
-0.017224 -0.006860 0.229000 0.058100 0.407966 0.911147 0.000000
-0.011840 -0.006860 0.229000 -0.073584 0.227328 0.971034 0.000000
0.005603 -0.007129 0.238000 -0.696790 -0.111870 0.708498 0.000000
0.011623 -0.007399 0.247000 0.358889 0.399735 -0.843452 0.000000
0.017501 -0.007429 0.248000 0.182464 0.240533 -0.953337 0.000000
0.023427 -0.007459 0.249000 0.120341 0.076274 -0.989798 0.000000
-0.036228 -0.006349 0.230000 -0.227162 -0.044306 0.972849 0.000000
-0.030820 -0.006349 0.230000 -0.059449 -0.007059 0.998206 0.000000
-0.025633 -0.006404 0.232000 -0.044828 0.270447 0.961691 0.000000
-0.019917 -0.006321 0.229000 0.211818 0.433679 0.875817 0.000000
0.012204 -0.006818 0.247000 0.359629 0.375895 -0.854032 0.000000
0.018158 -0.006873 0.249000 0.118487 0.204088 -0.971756 0.000000
-0.044148 -0.005783 0.229000 0.498306 0.130327 -0.857150 0.000000
-0.036609 -0.005783 0.229000 -0.247692 -0.030047 0.968373 0.000000
-0.031361 -0.005808 0.230000 0.008639 -0.086435 0.996220 0.000000
-0.026179 -0.005858 0.232000 -0.082142 0.252689 0.964055 0.000000
-0.020455 -0.005783 0.229000 0.253565 0.426890 0.868027 0.000000
0.016335 -0.006262 0.248000 0.172470 0.269174 -0.947523 0.000000
0.022256 -0.006288 0.249000 0.020464 0.050838 -0.998497 0.000000
-0.040202 -0.005221 0.228000 0.328989 0.051100 -0.942950 0.000000
-0.035147 -0.005267 0.230000 -0.114549 -0.198439 0.973396 0.000000
-0.029739 -0.005267 0.230000 -0.002429 0.007243 0.999971 0.000000
-0.024436 -0.005290 0.231000 0.159788 0.396335 0.904094 0.000000
0.016918 -0.005679 0.248000 0.122223 0.201768 -0.971777 0.000000
0.022750 -0.005679 0.248000 0.039035 0.047194 -0.998123 0.000000
-0.041275 -0.004685 0.228000 0.345955 0.013192 -0.938158 0.000000
-0.036228 -0.004726 0.230000 0.282575 0.168431 -0.944342 0.000000
-0.030820 -0.004726 0.230000 0.005589 -0.063380 0.997974 0.000000
0.013946 -0.005076 0.247000 0.284018 0.313940 -0.905967 0.000000
0.019834 -0.005096 0.248000 0.033284 0.054915 -0.997936 0.000000
-0.046100 -0.004149 0.228000 0.595780 0.127136 -0.793021 0.000000
-0.040560 -0.004131 0.227000 0.345955 0.013192 -0.938158 0.000000
-0.035688 -0.004185 0.230000 0.251458 0.365646 -0.896143 0.000000
0.012204 -0.004495 0.247000 0.310355 0.483703 -0.818359 0.000000
0.018085 -0.004513 0.248000 0.023588 0.147576 -0.988769 0.000000
0.023916 -0.004513 0.248000 0.094978 0.029984 -0.995028 0.000000
-0.042161 -0.003597 0.227000 0.541203 0.103632 -0.834481 0.000000
-0.037310 -0.003645 0.230000 0.478880 0.359785 -0.800768 0.000000
0.011670 -0.003930 0.248000 0.235375 0.555976 -0.797176 0.000000
0.017501 -0.003930 0.248000 0.040386 0.112467 -0.992834 0.000000
0.023333 -0.003930 0.248000 0.076018 0.042842 -0.996186 0.000000
-0.043570 -0.003050 0.226000 0.593939 0.131541 -0.793684 0.000000
-0.038763 -0.003090 0.229000 0.528433 0.254681 -0.809874 0.000000
-0.033816 -0.003131 0.232000 0.369851 -0.531017 0.762385 0.000000
0.016918 -0.003347 0.248000 0.018531 0.215816 -0.976258 0.000000
0.022750 -0.003347 0.248000 0.013723 0.021735 -0.999670 0.000000
-0.044101 -0.002518 0.226000 0.585666 0.174936 -0.791450 0.000000
-0.039473 -0.002563 0.230000 0.569245 0.361449 -0.738454 0.000000
0.011132 -0.002775 0.249000 0.120637 0.781426 -0.612226 0.000000
0.016918 -0.002764 0.248000 -0.006505 0.189347 -0.981889 0.000000
0.022750 -0.002764 0.248000 0.027014 0.071898 -0.997046 0.000000
-0.045493 -0.001978 0.225000 0.604718 0.223860 -0.764331 0.000000
-0.040738 -0.002005 0.228000 0.431765 0.074497 -0.898904 0.000000
-0.036308 -0.002057 0.234000 0.228025 -0.644844 0.729508 0.000000
0.016401 -0.002189 0.249000 -0.058591 0.240528 -0.968872 0.000000
0.022077 -0.002172 0.247000 -0.026427 0.091938 -0.995414 0.000000
-0.046344 -0.001443 0.224000 0.582513 0.299406 -0.755669 0.000000
-0.041627 -0.001462 0.227000 0.556470 0.128818 -0.820821 0.000000
-0.037569 -0.001514 0.235000 0.012124 0.796697 -0.604257 0.000000
0.016401 -0.001604 0.249000 -0.181140 0.343190 -0.921634 0.000000
0.022077 -0.001591 0.247000 0.000096 0.182222 -0.983257 0.000000
-0.046871 -0.000916 0.224000 0.599223 0.373818 -0.707949 0.000000
-0.042347 -0.000932 0.228000 0.604219 0.246499 -0.757732 0.000000
0.011310 -0.001035 0.253000 -0.090483 0.675891 -0.731426 0.000000
0.016987 -0.001018 0.249000 -0.113836 0.316780 -0.941643 0.000000
0.022750 -0.001014 0.248000 0.005577 0.237866 -0.971282 0.000000
-0.046871 -0.000389 0.224000 0.599223 0.373818 -0.707949 0.000000
-0.042533 -0.000398 0.229000 0.688372 0.372680 -0.622297 0.000000
0.011999 -0.000443 0.255000 -0.360117 0.560905 -0.745454 0.000000
0.017572 -0.000433 0.249000 -0.187467 0.314672 -0.930504 0.000000
0.023333 -0.000431 0.248000 -0.005927 0.228972 -0.973415 0.000000
-0.047398 0.000137 0.224000 0.586236 0.445486 -0.676661 0.000000
-0.042883 0.000140 0.228000 0.620777 0.249264 -0.743306 0.000000
0.013798 0.000156 0.255000 -0.413317 0.569242 -0.710727 0.000000
0.019251 0.000152 0.248000 -0.145357 0.329412 -0.932930 0.000000
0.025285 0.000153 0.250000 0.023605 0.227504 -0.973491 0.000000
-0.045818 0.000664 0.224000 0.582523 0.443219 -0.681339 0.000000
-0.042542 0.000697 0.235000 0.399693 0.869279 -0.290860 0.000000
0.017643 0.000741 0.250000 -0.362865 0.377459 -0.851970 0.000000
0.023427 0.000738 0.249000 -0.042898 0.290709 -0.955849 0.000000
-0.047924 0.001191 0.224000 0.522103 0.586590 -0.619129 0.000000
-0.043419 0.001212 0.228000 0.605095 0.346669 -0.716716 0.000000
0.017713 0.001334 0.251000 -0.413816 0.458938 -0.786214 0.000000
0.023427 0.001324 0.249000 -0.058584 0.295306 -0.953605 0.000000
-0.048138 0.001725 0.225000 0.522103 0.586590 -0.619129 0.000000
-0.043609 0.001756 0.229000 0.665481 0.483406 -0.568730 0.000000
0.019914 0.001909 0.249000 -0.159011 0.383695 -0.909667 0.000000
0.025976 0.001925 0.251000 -0.018553 0.290445 -0.956712 0.000000
-0.046022 0.002254 0.225000 0.530129 0.556475 -0.639764 0.000000
0.017784 0.002525 0.252000 -0.444185 0.502374 -0.741835 0.000000
0.023427 0.002495 0.249000 -0.138269 0.312944 -0.939653 0.000000
-0.048667 0.002783 0.225000 0.481961 0.650146 -0.587388 0.000000
-0.043955 0.002820 0.228000 0.558839 0.509145 -0.654576 0.000000
0.019914 0.003080 0.249000 -0.134190 0.384551 -0.913298 0.000000
0.025872 0.003093 0.250000 -0.034167 0.326545 -0.944564 0.000000
-0.047289 0.003327 0.226000 0.491195 0.626119 -0.605560 0.000000
-0.043828 0.003518 0.239000 0.389071 0.908280 -0.153789 0.000000
-0.011153 0.003327 0.226000 -0.311993 -0.028049 0.949670 0.000000
0.018894 0.003695 0.251000 -0.292997 0.494566 -0.818265 0.000000
0.024697 0.003680 0.250000 -0.120723 0.314032 -0.941706 0.000000
-0.050389 0.003893 0.228000 0.454294 0.660864 -0.597390 0.000000
-0.044830 0.003876 0.227000 0.510066 0.622941 -0.593108 0.000000
-0.017453 0.003841 0.225000 0.119216 0.087204 0.989031 0.000000
-0.012162 0.003841 0.225000 -0.245033 -0.092951 0.965049 0.000000
0.020582 0.004268 0.250000 -0.210029 0.446417 -0.869828 0.000000
0.026460 0.004268 0.250000 -0.114096 0.344240 -0.931923 0.000000
-0.048032 0.004409 0.227000 0.440348 0.688425 -0.576337 0.000000
-0.045295 0.004798 0.247000 -0.064939 0.726255 -0.684351 0.000000
0.019484 0.004876 0.251000 -0.327029 0.500436 -0.801633 0.000000
0.025285 0.004856 0.250000 -0.185146 0.381703 -0.905551 0.000000
-0.050610 0.004987 0.229000 0.424286 0.665480 -0.614099 0.000000
-0.044882 0.005008 0.230000 0.574030 0.700323 -0.424308 0.000000
0.017784 0.005488 0.252000 -0.441629 0.532655 -0.721971 0.000000
0.023521 0.005444 0.250000 -0.224181 0.353134 -0.908317 0.000000
-0.057941 0.005887 0.244000 0.652304 0.754807 -0.069037 0.000000
-0.048456 0.005525 0.229000 0.440348 0.688425 -0.576337 0.000000
0.016260 0.006177 0.256000 -0.526903 0.469540 -0.708453 0.000000
0.021845 0.006056 0.251000 -0.262681 0.379663 -0.887048 0.000000
-0.060885 0.006593 0.249000 0.683852 -0.721381 -0.109343 0.000000
-0.050290 0.006090 0.230000 0.372295 0.728790 -0.574683 0.000000
0.019561 0.006673 0.252000 -0.391511 0.530875 -0.751592 0.000000
0.025285 0.006620 0.250000 -0.422501 0.205064 -0.882860 0.000000
-0.050831 0.006631 0.230000 0.282518 0.708619 -0.646562 0.000000
0.019717 0.007323 0.254000 -0.395829 0.423547 -0.814818 0.000000
0.025285 0.007208 0.250000 -0.492942 0.253499 -0.832314 0.000000
-0.052138 0.007203 0.231000 0.353323 0.795404 -0.492439 0.000000
0.020394 0.007951 0.255000 -0.366456 0.386193 -0.846502 0.000000
0.025872 0.007795 0.250000 -0.683913 0.003694 -0.729554 0.000000
-0.051595 0.007746 0.231000 0.287374 0.755797 -0.588376 0.000000
0.023025 0.008417 0.251000 -0.791294 -0.053289 -0.609109 0.000000
-0.052909 0.008325 0.232000 0.644072 0.722823 -0.250398 0.000000
0.022614 0.009079 0.253000 -0.562074 0.194916 -0.803791 0.000000
-0.057228 0.009215 0.241000 0.896049 -0.386222 0.218924 0.000000
0.021678 0.009788 0.256000 -0.336712 0.299690 -0.892643 0.000000
-0.060640 0.010066 0.248000 0.745042 -0.627727 -0.225545 0.000000
0.021762 0.010431 0.257000 -0.550057 0.078759 -0.831405 0.000000
-0.060151 0.010563 0.246000 0.804111 -0.588295 -0.085521 0.000000
-0.020091 0.009919 0.231000 0.238510 -0.423573 0.873899 0.000000
-0.013933 0.009790 0.228000 0.150135 -0.476345 0.866346 0.000000
0.023521 0.010735 0.250000 -0.872394 -0.328130 -0.362297 0.000000
-0.051371 0.010417 0.230000 0.193156 -0.525999 0.828261 0.000000
-0.018381 0.010417 0.230000 0.180627 -0.377424 0.908254 0.000000
-0.012378 0.010371 0.229000 0.026756 -0.424065 0.905237 0.000000
-0.057315 0.011386 0.239000 0.867509 -0.388653 0.310446 0.000000
0.020554 0.012244 0.257000 -0.630970 -0.291514 -0.718955 0.000000
-0.056041 0.011798 0.236000 0.786043 -0.382698 0.485468 0.000000
-0.053957 0.012748 0.255000 0.486155 -0.806682 -0.336033 0.000000
-0.055804 0.012301 0.235000 0.763407 -0.404061 0.503929 0.000000
-0.053746 0.013295 0.254000 0.486155 -0.806682 -0.336033 0.000000
-0.055566 0.012799 0.234000 0.761828 -0.364499 0.535499 0.000000
-0.053111 0.013729 0.251000 0.530448 -0.775658 -0.342023 0.000000
0.023145 0.013455 0.246000 -0.734323 -0.578268 -0.355495 0.000000
-0.052476 0.013691 0.240000 0.825857 -0.546930 0.137215 0.000000
0.021409 0.014034 0.246000 -0.707596 -0.646223 -0.285838 0.000000
-0.052041 0.013840 0.233000 0.559051 -0.455951 0.692510 0.000000
0.018818 0.014850 0.250000 -0.577793 -0.682549 -0.447529 0.000000
-0.054146 0.014511 0.235000 0.605276 -0.510391 0.610854 0.000000
0.014997 0.015746 0.255000 -0.295833 -0.731906 -0.613838 0.000000
0.020746 0.015129 0.245000 -0.641714 -0.710681 -0.288332 0.000000
0.007772 0.016282 0.254000 0.208481 -0.874255 -0.438423 0.000000
0.016269 0.015833 0.247000 -0.321078 -0.869683 -0.374915 0.000000
-0.054376 0.015683 0.236000 0.712910 -0.516043 0.474825 0.000000
0.011905 0.016812 0.253000 -0.106508 -0.833476 -0.542193 0.000000
0.019514 0.016214 0.244000 -0.427844 -0.831520 -0.354294 0.000000
-0.050150 0.017683 0.257000 0.591669 0.594036 0.545022 0.000000
0.012785 0.016995 0.247000 -0.064203 -0.959686 -0.273643 0.000000
-0.052311 0.017789 0.250000 0.665501 -0.496436 -0.557368 0.000000
0.008719 0.017575 0.247000 0.259332 -0.934124 -0.245275 0.000000
0.014174 0.017148 0.241000 -0.058490 -0.886088 -0.459812 0.000000
-0.052203 0.017936 0.244000 0.828789 -0.443681 -0.340963 0.000000
0.008039 0.017936 0.244000 0.228533 -0.888682 -0.397513 0.000000
0.013551 0.017642 0.240000 -0.025758 -0.888997 -0.457189 0.000000
-0.051418 0.018433 0.243000 0.812439 -0.523929 -0.255814 0.000000
-0.047021 0.018964 0.250000 -0.329053 -0.790087 -0.517190 0.000000
0.007973 0.018358 0.242000 0.156876 -0.888427 -0.431379 0.000000
0.013494 0.018130 0.239000 -0.025758 -0.888997 -0.457189 0.000000
-0.050522 0.019318 0.247000 0.558646 -0.557052 -0.614498 0.000000
-0.044533 0.019240 0.246000 -0.320184 -0.663915 -0.675795 0.000000
0.005107 0.018848 0.241000 0.384793 -0.780183 -0.493203 0.000000
0.010729 0.018770 0.240000 0.084925 -0.901339 -0.424708 0.000000
-0.051047 0.019012 0.236000 0.516912 -0.675945 0.525262 0.000000
-0.046268 0.019818 0.246000 -0.416511 -0.551158 -0.723009 0.000000
-0.039661 0.019415 0.241000 -0.422641 -0.472560 -0.773344 0.000000
0.003379 0.019254 0.239000 0.406402 -0.785824 -0.466173 0.000000
0.009036 0.019335 0.240000 0.073406 -0.908932 -0.410432 0.000000
0.014680 0.019335 0.240000 -0.062523 -0.880172 -0.470520 0.000000
-0.047990 0.020148 0.243000 -0.132935 -0.925500 -0.354653 0.000000
-0.042102 0.020065 0.242000 -0.226966 -0.663157 -0.713238 0.000000
-0.035960 0.019816 0.239000 0.385112 0.302728 0.871805 0.000000
-0.000541 0.019319 0.233000 0.393681 -0.572516 -0.719194 0.000000
0.005065 0.019816 0.239000 0.280532 -0.853868 -0.438418 0.000000
0.010685 0.019816 0.239000 0.070322 -0.909070 -0.410666 0.000000
-0.051047 0.020122 0.236000 0.426647 -0.657545 0.620972 0.000000
-0.046085 0.020634 0.242000 -0.184054 -0.812025 -0.553841 0.000000
-0.040061 0.020463 0.240000 -0.276697 -0.606215 -0.745615 0.000000
-0.034131 0.020293 0.238000 0.359728 0.087213 0.928972 0.000000
-0.007085 0.019781 0.232000 0.028544 0.112691 0.993220 0.000000
-0.001630 0.019781 0.232000 0.312848 -0.535350 -0.784555 0.000000
0.003924 0.020293 0.238000 0.307027 -0.859419 -0.408820 0.000000
0.009561 0.020378 0.239000 0.085512 -0.891678 -0.444521 0.000000
0.015498 0.020804 0.244000 -0.130093 -0.862600 -0.488873 0.000000
-0.046638 0.020940 0.239000 -0.071410 -0.971912 -0.224247 0.000000
-0.041190 0.021028 0.240000 -0.111046 -0.497932 -0.860077 0.000000
-0.035250 0.020852 0.238000 0.303202 0.048961 0.951668 0.000000
-0.029405 0.020677 0.236000 0.412616 -0.036224 0.910185 0.000000
-0.014786 0.020414 0.233000 0.146916 -0.271002 0.951301 0.000000
-0.009227 0.020239 0.231000 0.148556 -0.055618 0.987339 0.000000
-0.003796 0.020239 0.231000 -0.208116 0.348881 0.913767 0.000000
0.001657 0.020502 0.234000 0.372800 -0.650907 -0.661317 0.000000
0.007282 0.020852 0.238000 0.102264 -0.879156 -0.465432 0.000000
0.012932 0.020940 0.239000 0.206246 -0.800952 -0.562085 0.000000
-0.047362 0.021322 0.237000 0.153242 -0.964437 0.215355 0.000000
-0.041754 0.021592 0.240000 0.107375 -0.147549 -0.983209 0.000000
-0.035810 0.021412 0.238000 0.259115 -0.005629 0.965830 0.000000
-0.030086 0.021322 0.237000 0.390318 -0.057238 0.918899 0.000000
-0.024203 0.021052 0.234000 0.344690 0.051077 0.937326 0.000000
-0.018701 0.021052 0.234000 -0.006004 -0.092899 0.995657 0.000000
-0.013142 0.020962 0.233000 0.146858 -0.238579 0.959955 0.000000
-0.007598 0.020782 0.231000 0.077350 0.065151 0.994873 0.000000
-0.002166 0.020782 0.231000 0.088908 -0.371234 -0.924273 0.000000
0.003336 0.021232 0.236000 0.271244 -0.840904 -0.468302 0.000000
0.008923 0.021322 0.237000 0.060538 -0.899540 -0.432623 0.000000
0.014802 0.021772 0.242000 0.109860 -0.706603 -0.699030 0.000000
-0.046805 0.021879 0.237000 0.047269 -0.800940 0.596876 0.000000
-0.041580 0.022064 0.239000 -0.033012 -0.500470 -0.865124 0.000000
-0.035810 0.021972 0.238000 0.215440 -0.088883 0.972464 0.000000
-0.030086 0.021879 0.237000 0.395415 -0.071369 0.915726 0.000000
-0.024203 0.021602 0.234000 0.410593 0.089926 0.907373 0.000000
-0.018781 0.021695 0.235000 0.009711 -0.099396 -0.995001 0.000000
-0.013142 0.021510 0.233000 0.146684 -0.180573 0.972562 0.000000
-0.007598 0.021325 0.231000 0.132195 0.090663 0.987069 0.000000
-0.002157 0.021233 0.230000 0.018137 0.288123 0.957422 0.000000
0.005556 0.021787 0.236000 0.229098 -0.897506 -0.376826 0.000000
0.011105 0.021787 0.236000 0.161703 -0.815367 -0.555904 0.000000
-0.051479 0.022531 0.238000 0.504890 -0.698969 0.506487 0.000000
-0.045133 0.022437 0.237000 -0.104419 -0.657738 0.745974 0.000000
-0.039894 0.022626 0.239000 -0.140396 -0.308634 -0.940763 0.000000
-0.034131 0.022531 0.238000 0.251145 -0.142486 0.957405 0.000000
-0.028295 0.022342 0.236000 0.388313 -0.052414 0.920036 0.000000
-0.022553 0.022153 0.234000 0.111085 0.102511 0.988510 0.000000
-0.017123 0.022247 0.235000 -0.006721 -0.007549 0.999949 0.000000
-0.011499 0.022058 0.233000 0.217318 -0.137625 0.966350 0.000000
-0.005968 0.021869 0.231000 -0.192608 -0.194800 -0.961746 0.000000
0.004959 0.022153 0.234000 0.134305 -0.878426 -0.458616 0.000000
0.010461 0.022153 0.234000 0.160807 -0.840607 -0.517225 0.000000
-0.053262 0.023382 0.241000 0.616605 -0.587541 0.524017 0.000000
-0.044576 0.022994 0.237000 -0.113650 -0.667453 0.735928 0.000000
-0.039332 0.023188 0.239000 -0.085980 -0.027127 -0.995928 0.000000
-0.033571 0.023091 0.238000 0.303125 -0.138026 0.942902 0.000000
-0.027740 0.022897 0.236000 0.402525 -0.026997 0.915011 0.000000
-0.021908 0.022606 0.233000 -0.014160 0.092725 0.995591 0.000000
-0.016500 0.022703 0.234000 0.004256 0.066799 0.997757 0.000000
-0.010951 0.022606 0.233000 0.256048 -0.109621 0.960428 0.000000
-0.005449 0.022509 0.232000 -0.184271 -0.198790 -0.962563 0.000000
0.007098 0.022509 0.232000 0.142870 -0.852100 -0.503501 0.000000
0.012716 0.022800 0.235000 -0.650082 0.538067 0.536542 0.000000
-0.049448 0.023750 0.239000 0.231145 -0.853880 0.466328 0.000000
-0.043644 0.023651 0.238000 -0.122058 -0.611524 0.781755 0.000000
-0.038048 0.023651 0.238000 0.259013 -0.204338 0.944012 0.000000
-0.032452 0.023651 0.238000 0.346287 -0.171758 0.922271 0.000000
-0.026404 0.023253 0.234000 0.467940 0.020633 0.883519 0.000000
-0.020813 0.023154 0.233000 0.065183 -0.192253 -0.979178 0.000000
-0.015465 0.023352 0.235000 0.005200 -0.111505 -0.993750 0.000000
-0.009855 0.023154 0.233000 0.252646 -0.091612 0.963212 0.000000
-0.004339 0.022955 0.231000 0.095681 0.177979 0.979372 0.000000
0.008697 0.022955 0.231000 0.247737 -0.801684 -0.543994 0.000000
-0.051775 0.024617 0.242000 0.547849 -0.625642 0.555368 0.000000
-0.044390 0.024312 0.239000 -0.097514 -0.735339 0.670647 0.000000
-0.038932 0.024414 0.240000 0.326535 -0.363174 0.872628 0.000000
-0.033011 0.024210 0.238000 0.346688 -0.153850 0.925277 0.000000
-0.027070 0.023905 0.235000 0.471535 -0.013905 0.881738 0.000000
-0.021360 0.023702 0.233000 0.073039 -0.163957 -0.983760 0.000000
-0.015950 0.023803 0.234000 0.010373 -0.148124 -0.988914 0.000000
-0.010403 0.023702 0.233000 0.248493 -0.074789 0.965742 0.000000
-0.004882 0.023498 0.231000 0.135961 0.132883 0.981762 0.000000
0.007578 0.023396 0.230000 0.121683 -0.792599 -0.597478 0.000000
0.013212 0.023803 0.234000 -0.657057 0.552289 0.513082 0.000000
-0.045704 0.024978 0.240000 -0.013645 -0.794638 0.606930 0.000000
-0.040395 0.025186 0.242000 0.253052 -0.555189 0.792295 0.000000
-0.034274 0.024874 0.239000 0.301174 -0.201510 0.932034 0.000000
-0.028295 0.024562 0.236000 0.462788 -0.039402 0.885593 0.000000
-0.022360 0.024145 0.232000 0.097565 0.054161 0.993754 0.000000
-0.017050 0.024353 0.234000 0.062261 -0.135315 -0.988845 0.000000
-0.011548 0.024353 0.234000 0.186792 0.050228 0.981115 0.000000
-0.005994 0.024145 0.232000 -0.278976 -0.082811 -0.956721 0.000000
0.009161 0.023833 0.229000 0.210753 -0.729927 -0.650223 0.000000
-0.051630 0.025968 0.244000 0.287668 -0.722025 0.629227 0.000000
-0.045516 0.025755 0.242000 0.072578 -0.804364 0.589687 0.000000
-0.039990 0.025862 0.243000 0.333949 -0.573875 0.747760 0.000000
-0.033712 0.025436 0.239000 0.345988 -0.187224 0.919369 0.000000
-0.027740 0.025117 0.236000 0.471219 -0.020636 0.881775 0.000000
-0.021814 0.024691 0.232000 0.074173 0.098180 0.992401 0.000000
-0.016430 0.024797 0.233000 0.023095 -0.167506 -0.985601 0.000000
-0.010998 0.024904 0.234000 0.198546 0.024612 0.979783 0.000000
-0.005449 0.024691 0.232000 -0.229869 -0.103768 -0.967674 0.000000
0.009161 0.024372 0.229000 0.210753 -0.729927 -0.650223 0.000000
-0.057781 0.027847 0.256000 0.914182 -0.243994 -0.323632 0.000000
-0.048187 0.026542 0.244000 0.147622 -0.778705 0.609776 0.000000
-0.042450 0.026542 0.244000 0.394332 -0.655782 0.643780 0.000000
-0.034982 0.026107 0.240000 0.427517 -0.338366 0.838294 0.000000
-0.028972 0.025780 0.237000 0.460989 -0.050844 0.885948 0.000000
-0.022905 0.025236 0.232000 0.196179 0.042629 0.979641 0.000000
-0.017525 0.025345 0.233000 0.100130 -0.201039 -0.974452 0.000000
-0.012098 0.025454 0.234000 -0.093831 -0.182637 -0.978693 0.000000
-0.006540 0.025236 0.232000 -0.298623 -0.079789 -0.951030 0.000000
-0.001080 0.025128 0.231000 -0.150040 -0.251189 -0.956239 0.000000
0.006440 0.024801 0.228000 -0.075436 -0.686718 -0.722999 0.000000
0.012500 0.025128 0.231000 -0.610724 0.572048 0.547519 0.000000
-0.052053 0.027338 0.246000 0.586860 -0.607459 0.535339 0.000000
-0.046268 0.027338 0.246000 0.210345 -0.684989 0.697528 0.000000
-0.040319 0.027227 0.245000 0.278909 -0.708785 0.647945 0.000000
-0.033712 0.026560 0.239000 0.369657 -0.193328 0.908833 0.000000
-0.027740 0.026226 0.236000 0.424427 -0.102012 0.899697 0.000000
-0.021814 0.025782 0.232000 0.147170 -0.015906 0.988983 0.000000
-0.016359 0.025782 0.232000 -0.050534 0.177591 0.982806 0.000000
-0.010951 0.025893 0.233000 -0.151080 -0.177510 -0.972453 0.000000
-0.005425 0.025671 0.231000 0.247536 0.117932 0.961674 0.000000
0.000007 0.025560 0.230000 -0.353765 -0.084195 -0.931537 0.000000
0.005344 0.025226 0.227000 -0.141949 -0.632331 -0.761582 0.000000
0.010776 0.025449 0.229000 0.210753 -0.729927 -0.650223 0.000000
-0.053059 0.028143 0.248000 0.464166 -0.634836 0.617684 0.000000
-0.047037 0.028030 0.247000 0.244184 -0.585243 0.773217 0.000000
-0.041062 0.027916 0.246000 0.342003 -0.629810 0.697405 0.000000
-0.034418 0.027235 0.240000 0.443863 -0.322661 0.835987 0.000000
-0.028295 0.026781 0.236000 0.407323 -0.095270 0.908302 0.000000
-0.022360 0.026327 0.232000 0.219505 -0.115943 0.968697 0.000000
-0.016905 0.026327 0.232000 -0.052757 0.171461 0.983777 0.000000
-0.011499 0.026441 0.233000 -0.129427 -0.208751 -0.969367 0.000000
-0.005968 0.026214 0.231000 0.245111 0.064441 0.967351 0.000000
-0.000534 0.026100 0.230000 -0.319335 -0.075898 -0.944598 0.000000
0.004810 0.025760 0.227000 -0.113533 -0.631500 -0.767019 0.000000
0.010237 0.025987 0.229000 0.210753 -0.729927 -0.650223 0.000000
-0.053487 0.028958 0.250000 0.778877 -0.452287 0.434497 0.000000
-0.047418 0.028842 0.249000 0.200540 -0.347010 0.916170 0.000000
-0.041229 0.028610 0.247000 0.407399 -0.557487 0.723349 0.000000
-0.034418 0.027800 0.240000 0.492672 -0.382331 0.781727 0.000000
-0.028295 0.027336 0.236000 0.436752 -0.108742 0.892985 0.000000
-0.022456 0.026989 0.233000 0.254900 -0.195532 0.946992 0.000000
-0.016905 0.026873 0.232000 -0.045011 0.119070 0.991865 0.000000
-0.011449 0.026873 0.232000 -0.175916 -0.297636 -0.938332 0.000000
-0.005968 0.026757 0.231000 0.261292 0.115592 0.958314 0.000000
-0.000534 0.026641 0.230000 -0.319335 -0.075898 -0.944598 0.000000
0.004810 0.026294 0.227000 -0.113533 -0.631500 -0.767019 0.000000
0.010282 0.026641 0.230000 0.210753 -0.729927 -0.650223 0.000000
-0.050143 0.029309 0.248000 0.269345 -0.695254 0.666390 0.000000
-0.044491 0.029428 0.249000 0.349427 -0.413013 0.841024 0.000000
-0.038015 0.028955 0.245000 0.365680 -0.680942 0.634504 0.000000
-0.031333 0.028128 0.238000 0.472278 -0.101643 0.875570 0.000000
-0.025304 0.027655 0.234000 0.418465 -0.142475 0.896988 0.000000
-0.019717 0.027537 0.233000 0.092908 -0.155112 0.983518 0.000000
-0.014177 0.027418 0.232000 0.101078 0.176336 0.979127 0.000000
-0.008684 0.027300 0.231000 -0.276018 -0.177868 -0.944551 0.000000
-0.003238 0.027182 0.230000 0.228948 0.107260 0.967511 0.000000
0.002151 0.026946 0.228000 -0.192323 -0.392753 -0.899309 0.000000
0.007512 0.026946 0.228000 -0.014222 -0.696246 -0.717663 0.000000
0.016260 0.030255 0.256000 -0.887241 0.093374 0.451758 0.000000
-0.048784 0.030134 0.250000 0.347045 -0.430352 0.833281 0.000000
-0.042734 0.030013 0.249000 0.344572 -0.487406 0.802313 0.000000
-0.035128 0.029049 0.241000 0.504889 -0.475926 0.720126 0.000000
-0.027740 0.028446 0.236000 0.440123 -0.130929 0.888341 0.000000
-0.022002 0.028205 0.234000 0.226803 -0.254106 0.940208 0.000000
-0.016359 0.027964 0.232000 -0.040373 0.155353 0.987034 0.000000
-0.005942 0.027723 0.230000 0.233963 0.117558 0.965112 0.000000
-0.000532 0.027602 0.229000 0.330655 0.040949 0.942863 0.000000
0.004810 0.027361 0.227000 -0.100212 -0.543382 -0.833483 0.000000
0.010416 0.028085 0.233000 -0.765419 0.177665 0.618521 0.000000
-0.032452 0.029247 0.238000 0.411344 -0.148783 0.899255 0.000000
-0.026517 0.028878 0.235000 0.420422 -0.173378 0.890610 0.000000
-0.020902 0.028755 0.234000 0.150675 -0.240017 0.959004 0.000000
-0.015268 0.028510 0.232000 -0.083599 -0.185329 -0.979114 0.000000
-0.005942 0.028264 0.230000 -0.235968 -0.167438 -0.957227 0.000000
-0.000532 0.028141 0.229000 0.330655 0.040949 0.942863 0.000000
0.004810 0.027895 0.227000 -0.150650 -0.532633 -0.832830 0.000000
0.010506 0.028878 0.235000 -0.885271 0.088926 0.456495 0.000000
0.019420 0.031705 0.258000 -0.828201 -0.069669 0.556083 0.000000
-0.028295 0.029556 0.236000 0.438765 -0.145419 0.886757 0.000000
-0.022649 0.029431 0.235000 0.281296 -0.297901 0.912210 0.000000
-0.016977 0.029180 0.233000 0.048088 -0.087196 0.995030 0.000000
-0.005942 0.028805 0.230000 -0.235968 -0.167438 -0.957227 0.000000
-0.000532 0.028679 0.229000 0.330655 0.040949 0.942863 0.000000
0.004810 0.028429 0.227000 -0.150650 -0.532633 -0.832830 0.000000
0.011246 0.029932 0.239000 -0.885588 0.341460 0.314865 0.000000
-0.028295 0.030111 0.236000 0.449034 -0.182901 0.874595 0.000000
-0.022745 0.030111 0.236000 0.311767 -0.295468 0.903050 0.000000
-0.017050 0.029856 0.234000 0.055633 0.000405 0.998451 0.000000
-0.005425 0.029473 0.231000 -0.252443 -0.166009 -0.953265 0.000000
0.000007 0.029218 0.229000 0.318055 0.067579 0.945661 0.000000
0.005344 0.028963 0.227000 -0.150650 -0.532633 -0.832830 0.000000
0.013149 0.031004 0.243000 -0.947307 0.193495 0.255284 0.000000
-0.014299 0.030406 0.234000 -0.181166 -0.159414 -0.970446 0.000000
-0.001630 0.030146 0.232000 -0.282544 -0.150917 -0.947308 0.000000
0.004295 0.029626 0.228000 -0.134128 -0.433859 -0.890941 0.000000
0.014468 0.031965 0.246000 -0.934179 0.172917 0.312104 0.000000
0.021593 0.033135 0.255000 -0.918918 -0.098971 0.381831 0.000000
0.003237 0.030295 0.229000 -0.138962 -0.246179 -0.959211 0.000000
