0.012718 -0.033346 0.386000 -0.987739 -0.002399 -0.156093 0.000000
0.008476 -0.033615 0.400000 -0.984627 -0.047128 -0.168192 0.000000
0.017211 -0.032354 0.385000 -0.984372 -0.018617 -0.175113 0.000000
-0.040285 -0.023557 0.306000 0.884806 -0.059988 0.462081 0.000000
-0.026986 -0.021555 0.280000 0.009171 0.865515 -0.500799 0.000000
-0.006294 -0.020631 0.268000 0.583404 0.778391 0.231832 0.000000
0.014921 -0.023249 0.302000 -0.385064 0.784278 0.486449 0.000000
-0.038789 -0.022389 0.300000 0.866726 -0.236533 0.439132 0.000000
-0.028754 -0.020747 0.278000 -0.117479 0.871365 -0.476364 0.000000
-0.005727 -0.020225 0.271000 0.528652 0.848820 0.005654 0.000000
0.010148 -0.022986 0.308000 -0.317178 0.852656 0.415182 0.000000
0.017997 -0.022837 0.306000 -0.527883 0.742014 0.413225 0.000000
0.026592 -0.024106 0.323000 -0.745957 0.454625 0.486687 0.000000
-0.048566 -0.022624 0.313000 0.899134 -0.017706 0.437315 0.000000
-0.039100 -0.021467 0.297000 0.839918 -0.232218 0.490524 0.000000
-0.026890 -0.020166 0.279000 -0.063672 0.865123 -0.497502 0.000000
-0.020256 -0.020094 0.278000 -0.432114 0.849168 0.303632 0.000000
-0.010338 -0.019877 0.275000 0.241648 0.967932 -0.068659 0.000000
-0.003914 -0.020094 0.278000 0.110807 0.962902 -0.246053 0.000000
0.013412 -0.021684 0.300000 -0.241823 0.778261 0.579509 0.000000
0.021353 -0.022624 0.313000 -0.622614 0.629594 0.464719 0.000000
0.029630 -0.023346 0.323000 -0.839422 0.340996 0.423194 0.000000
-0.047372 -0.021678 0.310000 0.889882 -0.003789 0.456175 0.000000
-0.033264 -0.019790 0.283000 -0.280659 0.854285 -0.437525 0.000000
-0.025669 -0.019580 0.280000 0.006618 0.861912 -0.507014 0.000000
-0.016245 -0.020139 0.288000 0.047362 0.829874 -0.555937 0.000000
-0.005770 -0.019090 0.273000 0.552525 0.833265 -0.019660 0.000000
0.012001 -0.020979 0.300000 -0.227703 0.789036 0.570591 0.000000
0.019436 -0.021398 0.306000 -0.613291 0.649300 0.449759 0.000000
0.028024 -0.022517 0.322000 -0.745957 0.454625 0.486687 0.000000
-0.050678 -0.021422 0.317000 0.909025 -0.017782 0.416363 0.000000
-0.037626 -0.019665 0.291000 0.741934 -0.430423 0.514072 0.000000
-0.029302 -0.018719 0.277000 -0.268045 0.869809 -0.414227 0.000000
-0.022789 -0.018719 0.277000 -0.339440 0.933835 0.112839 0.000000
-0.014164 -0.019395 0.287000 -0.056922 0.870012 -0.489733 0.000000
-0.006365 -0.018313 0.271000 0.630392 0.776262 0.004899 0.000000
0.007133 -0.020476 0.303000 -0.078153 0.771277 0.631683 0.000000
0.016179 -0.020206 0.299000 -0.427734 0.648496 0.629679 0.000000
0.024529 -0.021354 0.316000 -0.686461 0.537055 0.490248 0.000000
-0.055606 -0.021133 0.324000 0.910216 -0.013575 0.413910 0.000000
-0.045321 -0.019959 0.306000 0.878877 0.004190 0.477031 0.000000
-0.033690 -0.018328 0.281000 -0.260286 0.869884 -0.418990 0.000000
-0.026697 -0.018068 0.277000 -0.276148 0.896259 -0.347077 0.000000
-0.016746 -0.018589 0.285000 0.009112 0.999937 0.006573 0.000000
-0.009621 -0.017807 0.273000 0.519243 0.818388 0.246228 0.000000
-0.003237 -0.018002 0.276000 0.362593 0.874280 -0.322740 0.000000
0.003489 -0.019307 0.296000 -0.197428 0.647836 0.735752 0.000000
0.011881 -0.019372 0.297000 -0.214518 0.571990 0.791713 0.000000
0.019309 -0.019829 0.304000 -0.618211 0.646313 0.447320 0.000000
0.027763 -0.020807 0.319000 -0.822098 0.374759 0.428615 0.000000
-0.051747 -0.020057 0.319000 0.909025 -0.017782 0.416363 0.000000
-0.041334 -0.018737 0.298000 0.882233 -0.151949 0.445618 0.000000
-0.031792 -0.017353 0.276000 -0.407018 0.841809 -0.354534 0.000000
-0.025394 -0.017416 0.277000 -0.371999 0.925007 -0.077322 0.000000
-0.019153 -0.017668 0.281000 -0.401835 0.766324 0.501274 0.000000
-0.012635 -0.017793 0.283000 -0.136912 0.946983 -0.290651 0.000000
-0.005748 -0.017102 0.272000 0.676577 0.729865 -0.097672 0.000000
0.000678 -0.017919 0.285000 0.113368 0.848483 -0.516938 0.000000
0.007690 -0.018674 0.297000 -0.197534 0.497618 0.844604 0.000000
0.014575 -0.018548 0.295000 -0.363590 0.437586 0.822387 0.000000
0.022606 -0.019491 0.310000 -0.665975 0.561172 0.491491 0.000000
0.030763 -0.020057 0.319000 -0.839422 0.340996 0.423194 0.000000
-0.047525 -0.018823 0.311000 0.900780 -0.016691 0.433954 0.000000
-0.037109 -0.017370 0.287000 0.609937 -0.683659 0.400733 0.000000
-0.029408 -0.016825 0.278000 -0.268045 0.869809 -0.414227 0.000000
-0.022953 -0.016886 0.279000 -0.208326 0.920979 -0.329238 0.000000
-0.016804 -0.017310 0.286000 -0.007041 0.998247 -0.058759 0.000000
-0.009797 -0.016825 0.278000 0.269937 0.961991 -0.041318 0.000000
-0.001974 -0.017007 0.281000 0.049479 0.954907 -0.292753 0.000000
0.006251 -0.017854 0.295000 -0.442390 0.410593 0.797311 0.000000
0.013143 -0.017794 0.294000 -0.305529 0.325204 0.894927 0.000000
0.020739 -0.018399 0.304000 -0.677914 0.524620 0.514983 0.000000
0.029079 -0.019186 0.317000 -0.822098 0.374759 0.428615 0.000000
-0.048566 -0.018208 0.313000 0.899490 -0.002673 0.436932 0.000000
-0.038047 -0.016812 0.289000 0.741934 -0.430423 0.514072 0.000000
-0.030170 -0.016230 0.279000 -0.139029 0.868762 -0.475313 0.000000
-0.023863 -0.016404 0.282000 0.123942 0.840114 -0.528059 0.000000
-0.016746 -0.016579 0.285000 0.009112 0.999937 0.006573 0.000000
-0.009903 -0.016346 0.281000 0.073611 0.967322 -0.242632 0.000000
-0.003296 -0.016346 0.281000 0.049479 0.954907 -0.292753 0.000000
0.003418 -0.016870 0.290000 -0.442443 -0.227469 0.867469 0.000000
0.010343 -0.017044 0.293000 -0.248977 0.247490 0.936354 0.000000
0.017468 -0.017277 0.297000 -0.530209 0.436272 0.727011 0.000000
0.025604 -0.018091 0.311000 -0.795968 0.409796 0.445536 0.000000
-0.049775 -0.017639 0.316000 0.909025 -0.017782 0.416363 0.000000
-0.039128 -0.016299 0.292000 0.716875 -0.461831 0.522305 0.000000
-0.031047 -0.015685 0.281000 -0.166911 0.881546 -0.441607 0.000000
-0.024700 -0.015853 0.284000 0.128116 0.851234 -0.508909 0.000000
-0.018022 -0.015853 0.284000 -0.021513 0.959423 0.281148 0.000000
-0.011344 -0.015853 0.284000 -0.166758 0.951944 -0.256893 0.000000
-0.004650 -0.015797 0.283000 0.243072 0.821321 -0.516089 0.000000
0.002047 -0.016132 0.289000 0.479837 0.543482 -0.688755 0.000000
0.008995 -0.016411 0.294000 -0.375349 0.181502 0.908939 0.000000
0.015909 -0.016411 0.294000 -0.412758 0.341842 0.844260 0.000000
0.023831 -0.017137 0.307000 -0.751828 0.447698 0.484068 0.000000
-0.050997 -0.017056 0.319000 0.913218 -0.021063 0.406926 0.000000
-0.038310 -0.015559 0.291000 0.699117 -0.441613 0.562328 0.000000
-0.030711 -0.015185 0.284000 -0.182088 0.862204 -0.472704 0.000000
-0.024117 -0.015239 0.285000 0.088875 0.858911 -0.504355 0.000000
-0.017355 -0.015185 0.284000 -0.033518 0.981424 0.188903 0.000000
-0.010752 -0.015292 0.286000 -0.302409 0.933923 -0.190624 0.000000
-0.004027 -0.015292 0.286000 0.206579 0.774628 -0.597727 0.000000
0.002726 -0.015452 0.289000 -0.398038 -0.316108 0.861186 0.000000
0.009654 -0.015666 0.293000 -0.327524 0.062004 0.942806 0.000000
0.016656 -0.015773 0.295000 -0.448641 0.374731 0.811356 0.000000
0.024473 -0.016361 0.306000 -0.757027 0.441665 0.481500 0.000000
-0.049032 -0.016153 0.316000 0.911696 -0.024086 0.410159 0.000000
-0.036008 -0.014773 0.289000 0.532920 -0.649815 0.541975 0.000000
-0.028808 -0.014568 0.285000 -0.164833 0.856195 -0.489653 0.000000
-0.022107 -0.014568 0.285000 0.010318 0.896574 -0.442773 0.000000
-0.015297 -0.014466 0.283000 -0.418697 0.820010 0.390227 0.000000
-0.008795 -0.014722 0.288000 0.284359 0.604311 -0.744276 0.000000
-0.001346 -0.014722 0.288000 0.162646 0.702093 -0.693262 0.000000
0.005482 -0.014875 0.291000 -0.505385 -0.049332 0.861483 0.000000
0.012410 -0.014977 0.293000 -0.177247 0.138093 0.974430 0.000000
0.019694 -0.015284 0.299000 -0.671323 0.366431 0.644246 0.000000
0.027798 -0.015897 0.311000 -0.819385 0.357135 0.448401 0.000000
-0.035328 -0.014093 0.289000 -0.402638 0.736198 -0.543963 0.000000
-0.028336 -0.013996 0.287000 -0.273331 0.803831 -0.528343 0.000000
-0.021512 -0.013947 0.286000 0.128969 0.857025 -0.498874 0.000000
-0.014580 -0.013752 0.282000 -0.510631 0.718234 0.472648 0.000000
-0.008175 -0.014142 0.290000 0.257875 0.396086 -0.881258 0.000000
-0.001351 -0.014093 0.289000 0.169171 0.483715 -0.858720 0.000000
0.005482 -0.014191 0.291000 -0.463589 -0.054578 0.884368 0.000000
0.012452 -0.014337 0.294000 -0.105038 0.142513 0.984204 0.000000
0.019694 -0.014581 0.299000 -0.695506 0.303717 0.651174 0.000000
0.027708 -0.015117 0.310000 -0.813903 0.342014 0.469668 0.000000
-0.038143 -0.013692 0.295000 0.544203 -0.533286 0.647649 0.000000
-0.030466 -0.013367 0.288000 -0.276539 0.799724 -0.532886 0.000000
-0.023694 -0.013367 0.288000 0.027134 0.778821 -0.626659 0.000000
-0.016452 -0.012996 0.280000 -0.248738 0.839483 0.483112 0.000000
-0.010220 -0.013460 0.290000 -0.498772 0.000635 0.866733 0.000000
-0.003401 -0.013460 0.290000 0.030755 0.356732 -0.933701 0.000000
0.003406 -0.013414 0.289000 0.358860 0.417499 -0.834814 0.000000
0.010378 -0.013646 0.294000 -0.204118 0.015445 0.978825 0.000000
0.017409 -0.013739 0.296000 -0.375073 0.161666 0.912789 0.000000
0.025192 -0.014203 0.306000 -0.772684 0.366745 0.518129 0.000000
-0.039798 -0.013087 0.297000 0.723066 -0.376158 0.579380 0.000000
-0.031359 -0.012778 0.290000 -0.430546 0.695707 -0.574997 0.000000
-0.024286 -0.012646 0.287000 -0.013381 0.793426 -0.608520 0.000000
-0.017049 -0.012294 0.279000 -0.294322 0.770667 0.565196 0.000000
-0.010902 -0.012778 0.290000 -0.569732 0.148761 0.808255 0.000000
-0.004097 -0.012822 0.291000 -0.026855 -0.108783 0.993703 0.000000
0.002726 -0.012734 0.289000 0.234593 0.441949 -0.865822 0.000000
0.009720 -0.012999 0.295000 0.137910 0.100421 -0.985341 0.000000
0.016656 -0.012999 0.295000 -0.376605 0.179633 0.908791 0.000000
0.024313 -0.013395 0.304000 -0.785122 0.303401 0.539936 0.000000
-0.042458 -0.012555 0.301000 0.798153 -0.149852 0.583520 0.000000
-0.034322 -0.012180 0.292000 -0.381745 0.714632 -0.586150 0.000000
-0.021060 -0.011679 0.280000 -0.366398 0.859832 0.355586 0.000000
-0.014425 -0.011638 0.279000 -0.775836 0.524939 0.350026 0.000000
-0.008287 -0.012263 0.294000 0.323780 0.050495 -0.944784 0.000000
-0.001365 -0.012180 0.292000 0.032929 0.298163 -0.953947 0.000000
0.005501 -0.012180 0.292000 0.404586 0.327507 -0.853844 0.000000
0.012494 -0.012305 0.295000 -0.123883 0.111991 0.985957 0.000000
0.019694 -0.012472 0.299000 -0.696852 0.315674 0.644008 0.000000
0.027530 -0.012847 0.308000 -0.831177 0.289280 0.474828 0.000000
-0.039664 -0.011651 0.296000 0.432940 -0.543952 0.718804 0.000000
-0.032373 -0.011533 0.293000 -0.383596 0.720005 -0.578314 0.000000
-0.016866 -0.010863 0.276000 -0.511446 0.631566 0.582707 0.000000
-0.010865 -0.011375 0.289000 -0.627135 0.338074 0.701718 0.000000
-0.004111 -0.011493 0.292000 -0.105635 -0.058651 0.992674 0.000000
0.004128 -0.011493 0.292000 0.464709 0.332903 -0.820500 0.000000
0.011107 -0.011611 0.295000 -0.006964 0.001420 -0.999975 0.000000
0.018105 -0.011651 0.296000 -0.432256 0.189739 0.881563 0.000000
0.025827 -0.012005 0.305000 -0.807186 0.269281 0.525299 0.000000
-0.047395 -0.011658 0.315000 0.906459 -0.011120 0.422148 0.000000
-0.036756 -0.010918 0.295000 -0.289182 0.665800 -0.687811 0.000000
-0.029617 -0.010844 0.293000 -0.517069 0.571126 -0.637538 0.000000
-0.016099 -0.010140 0.274000 -0.418680 0.720825 0.552375 0.000000
-0.010256 -0.010770 0.291000 -0.506411 0.260046 0.822146 0.000000
-0.003413 -0.010770 0.291000 -0.156543 -0.020278 0.987463 0.000000
0.006230 -0.010881 0.294000 0.364628 0.381851 -0.849256 0.000000
0.013188 -0.010918 0.295000 -0.081003 0.112691 0.990323 0.000000
0.020397 -0.011066 0.299000 -0.724494 0.276041 0.631593 0.000000
0.028345 -0.011436 0.309000 -0.887130 0.197302 0.417219 0.000000
-0.044748 -0.010640 0.307000 0.859800 -0.033404 0.509538 0.000000
-0.036184 -0.010259 0.296000 -0.176963 0.642625 -0.745464 0.000000
-0.027268 -0.010051 0.290000 -0.406838 0.576892 -0.708293 0.000000
-0.016621 -0.009427 0.272000 -0.382246 0.740620 0.552603 0.000000
-0.010827 -0.009981 0.288000 -0.607226 0.483729 0.630304 0.000000
-0.004111 -0.010120 0.292000 -0.214591 0.184712 0.959079 0.000000
0.002745 -0.010085 0.291000 0.228370 0.318177 -0.920114 0.000000
0.009753 -0.010259 0.296000 0.024887 0.376901 -0.925919 0.000000
0.016656 -0.010224 0.295000 -0.373646 0.360599 0.854609 0.000000
0.024233 -0.010501 0.303000 -0.807133 0.191598 0.558414 0.000000
-0.051507 -0.010564 0.327000 0.923754 -0.013897 0.382734 0.000000
-0.039798 -0.009595 0.297000 -0.262260 0.504762 -0.822457 0.000000
-0.032704 -0.009563 0.296000 -0.382292 0.601351 -0.701591 0.000000
-0.022295 -0.008755 0.271000 0.450923 0.633626 0.628638 0.000000
-0.015923 -0.008755 0.271000 -0.618177 0.574411 0.536572 0.000000
-0.010150 -0.009304 0.288000 -0.629765 0.515155 0.581388 0.000000
-0.003413 -0.009401 0.291000 -0.169171 0.004724 0.985575 0.000000
0.003441 -0.009433 0.292000 0.337341 0.422046 -0.841474 0.000000
0.010413 -0.009530 0.295000 -0.100401 0.031222 -0.994457 0.000000
0.017350 -0.009530 0.295000 -0.373646 0.360599 0.854609 0.000000
0.025028 -0.009821 0.304000 -0.807133 0.191598 0.558414 0.000000
-0.050118 -0.009675 0.323000 0.923754 -0.013897 0.382734 0.000000
-0.039100 -0.008897 0.297000 -0.227106 0.498947 -0.836346 0.000000
-0.032116 -0.008897 0.297000 -0.365671 0.537492 -0.759860 0.000000
-0.023186 -0.008208 0.274000 0.514589 0.563569 0.646211 0.000000
-0.016438 -0.008058 0.269000 -0.499473 0.322176 0.804195 0.000000
-0.010714 -0.008537 0.285000 -0.747160 0.506101 0.430828 0.000000
-0.004097 -0.008717 0.291000 -0.239806 0.365259 0.899488 0.000000
0.002745 -0.008717 0.291000 -0.367033 -0.220769 0.903631 0.000000
0.009720 -0.008837 0.295000 -0.247863 -0.031405 -0.968286 0.000000
0.016487 -0.008747 0.292000 -0.361073 0.459044 0.811729 0.000000
0.024153 -0.009046 0.302000 -0.802351 0.199798 0.562417 0.000000
-0.049963 -0.008888 0.322000 0.923754 -0.013897 0.382734 0.000000
-0.039100 -0.008198 0.297000 -0.309409 0.420307 -0.853000 0.000000
-0.032116 -0.008198 0.297000 -0.418985 0.495981 -0.760562 0.000000
-0.020711 -0.007370 0.267000 0.436348 0.460990 0.772715 0.000000
-0.014649 -0.007481 0.271000 -0.654660 0.502553 0.564677 0.000000
-0.008118 -0.007950 0.288000 -0.467189 0.600176 0.649248 0.000000
-0.001360 -0.008033 0.291000 -0.341029 0.081371 0.936524 0.000000
0.005577 -0.008171 0.296000 0.357634 0.252445 -0.899094 0.000000
0.012367 -0.008060 0.292000 0.186478 0.536025 0.823349 0.000000
0.019497 -0.008171 0.296000 -0.656295 0.376664 0.653760 0.000000
0.027530 -0.008502 0.308000 -0.877972 0.149653 0.454719 0.000000
-0.045914 -0.007828 0.310000 0.891727 -0.009693 0.452470 0.000000
-0.037254 -0.007550 0.299000 -0.271723 0.345185 -0.898340 0.000000
-0.029920 -0.007475 0.296000 0.541748 -0.485529 0.686128 0.000000
-0.019382 -0.006717 0.266000 -0.134622 0.216243 0.967014 0.000000
-0.013473 -0.006894 0.273000 -0.844078 0.339950 0.414689 0.000000
-0.007415 -0.007247 0.287000 -0.440166 0.618531 0.650902 0.000000
-0.000676 -0.007348 0.291000 -0.452127 0.040942 0.891014 0.000000
0.006315 -0.007525 0.298000 0.335600 0.251687 -0.907759 0.000000
0.012964 -0.007323 0.290000 0.029946 0.584316 0.810974 0.000000
0.020193 -0.007475 0.296000 -0.733922 0.296607 0.611051 0.000000
0.028345 -0.007803 0.309000 -0.909973 0.074609 0.407899 0.000000
-0.041472 -0.006847 0.299000 0.469229 -0.274809 0.839228 0.000000
-0.034557 -0.006870 0.300000 -0.204259 0.367477 -0.907325 0.000000
-0.026586 -0.006641 0.290000 0.726488 -0.161277 0.667986 0.000000
-0.016944 -0.006114 0.267000 -0.234808 0.370789 0.898544 0.000000
-0.011145 -0.006389 0.279000 -0.771224 0.378020 0.512167 0.000000
-0.004732 -0.006595 0.288000 -0.346804 0.602035 0.719223 0.000000
0.002082 -0.006733 0.294000 -0.533450 0.074046 0.842584 0.000000
0.009057 -0.006779 0.296000 -0.171544 -0.250114 -0.952898 0.000000
0.015638 -0.006618 0.289000 -0.344509 0.478515 0.807674 0.000000
0.023287 -0.006870 0.300000 -0.799319 0.192780 0.569143 0.000000
-0.054018 -0.006843 0.333000 0.937995 -0.241481 0.248700 0.000000
-0.040633 -0.006124 0.298000 0.255895 -0.273239 0.927285 0.000000
-0.033852 -0.006165 0.300000 -0.208210 0.412904 -0.886656 0.000000
-0.022213 -0.005548 0.270000 0.520679 0.288919 0.803380 0.000000
-0.015688 -0.005487 0.267000 -0.712214 0.066832 0.698774 0.000000
-0.009868 -0.005754 0.280000 -0.639681 0.479128 0.601036 0.000000
-0.002710 -0.005939 0.289000 -0.486556 0.532298 0.692764 0.000000
0.004199 -0.006103 0.297000 -0.354800 0.187288 0.915991 0.000000
0.010956 -0.005980 0.291000 0.358484 0.472328 0.805230 0.000000
0.017860 -0.006000 0.292000 -0.630183 0.291451 0.719671 0.000000
0.025827 -0.006267 0.305000 -0.866543 0.074183 0.493559 0.000000
-0.043596 -0.005532 0.304000 0.719900 -0.026403 0.693575 0.000000
-0.035968 -0.005459 0.300000 -0.236924 0.439993 -0.866183 0.000000
-0.028624 -0.005405 0.297000 0.657359 -0.288274 0.696260 0.000000
-0.016255 -0.004841 0.266000 -0.593417 -0.078999 0.801009 0.000000
-0.006670 -0.005168 0.284000 -0.484110 0.657822 0.576981 0.000000
0.000008 -0.005296 0.291000 -0.524088 0.485943 0.699422 0.000000
0.007039 -0.005441 0.299000 0.166065 -0.019639 -0.985919 0.000000
0.013505 -0.005223 0.287000 0.109021 0.371232 0.922118 0.000000
0.020959 -0.005405 0.297000 -0.803915 0.196993 0.561172 0.000000
0.029448 -0.005696 0.313000 -0.909593 0.067570 0.409970 0.000000
-0.039363 -0.004738 0.299000 0.305523 -0.200668 0.930799 0.000000
-0.032549 -0.004770 0.301000 -0.295229 0.311359 -0.903269 0.000000
-0.020083 -0.004231 0.267000 0.431785 0.116024 0.894483 0.000000
-0.013856 -0.004247 0.268000 -0.677851 -0.092804 0.729319 0.000000
-0.007921 -0.004453 0.281000 -0.394692 0.628905 0.669848 0.000000
-0.001346 -0.004564 0.288000 -0.450977 0.605575 0.655666 0.000000
0.005633 -0.004738 0.299000 -0.218751 0.207005 0.953571 0.000000
0.012198 -0.004564 0.288000 0.241137 0.365184 0.899163 0.000000
0.019365 -0.004659 0.294000 -0.735323 0.095497 0.670955 0.000000
0.027619 -0.004897 0.309000 -0.908088 0.041211 0.416747 0.000000
-0.041750 -0.004062 0.301000 0.620877 0.076220 0.780194 0.000000
-0.034672 -0.004062 0.301000 -0.235768 0.329291 -0.914320 0.000000
-0.026586 -0.003914 0.290000 0.874580 0.388539 0.290082 0.000000
-0.015629 -0.003590 0.266000 -0.506469 -0.187115 0.841711 0.000000
-0.009833 -0.003765 0.279000 -0.602793 0.469439 0.645188 0.000000
-0.003343 -0.003846 0.285000 -0.489723 0.598971 0.633565 0.000000
0.003465 -0.003968 0.294000 -0.423554 0.608974 0.670636 0.000000
0.010272 -0.003927 0.291000 0.363449 0.379870 0.850649 0.000000
0.016997 -0.003900 0.289000 -0.546980 0.144614 0.824560 0.000000
0.024945 -0.004089 0.303000 -0.871013 0.049568 0.488753 0.000000
-0.043596 -0.003388 0.304000 0.737717 0.172789 0.652624 0.000000
-0.035848 -0.003332 0.299000 0.264552 0.185579 0.946347 0.000000
-0.028432 -0.003287 0.295000 0.812942 0.144877 0.564036 0.000000
-0.016316 -0.002975 0.267000 -0.614750 -0.306761 0.726622 0.000000
-0.009833 -0.003109 0.279000 -0.563683 0.476283 0.674846 0.000000
-0.003331 -0.003165 0.284000 -0.517206 0.599021 0.611288 0.000000
0.003453 -0.003265 0.293000 -0.507450 0.612763 0.605819 0.000000
0.010237 -0.003232 0.290000 0.267594 0.366692 0.891028 0.000000
0.016997 -0.003220 0.289000 -0.577749 0.037978 0.815330 0.000000
0.024945 -0.003377 0.303000 -0.875037 0.064306 0.479765 0.000000
-0.046342 -0.002708 0.308000 0.788644 0.190610 0.584559 0.000000
-0.037830 -0.002620 0.298000 0.498402 0.217091 0.839325 0.000000
-0.030720 -0.002611 0.297000 0.585554 0.279024 0.761099 0.000000
-0.019455 -0.002348 0.267000 0.048585 -0.217315 0.974892 0.000000
-0.013473 -0.002400 0.273000 -0.831864 -0.154832 0.532945 0.000000
-0.005981 -0.002488 0.283000 -0.539479 0.587660 0.603008 0.000000
0.000683 -0.002523 0.287000 -0.539984 0.585967 0.604202 0.000000
0.007613 -0.002585 0.294000 0.383249 0.479781 0.789259 0.000000
0.014180 -0.002523 0.287000 -0.243278 -0.131860 0.960952 0.000000
0.021658 -0.002611 0.297000 -0.826627 0.032527 0.561809 0.000000
0.030377 -0.002770 0.315000 -0.900223 0.023373 0.434801 0.000000
-0.040066 -0.001926 0.299000 0.540070 0.288704 0.790553 0.000000
-0.032704 -0.001906 0.296000 0.495185 0.499639 0.710741 0.000000
-0.021418 -0.001726 0.268000 0.462844 -0.173702 0.869254 0.000000
-0.015229 -0.001739 0.270000 -0.662666 -0.322177 0.676074 0.000000
-0.007260 -0.001810 0.281000 -0.448738 0.501314 0.739810 0.000000
-0.000662 -0.001836 0.285000 -0.523709 0.549135 0.651291 0.000000
0.006188 -0.001881 0.292000 -0.366743 0.662886 0.652749 0.000000
0.012830 -0.001849 0.287000 -0.065110 -0.127696 0.989674 0.000000
0.020056 -0.001894 0.294000 -0.767349 -0.049757 0.639296 0.000000
0.028621 -0.002010 0.312000 -0.897959 0.011937 0.439917 0.000000
-0.040066 -0.001223 0.299000 0.577316 0.316454 0.752703 0.000000
-0.032262 -0.001194 0.292000 0.654174 0.654473 0.379106 0.000000
-0.022131 -0.001100 0.269000 0.505700 -0.287964 0.813231 0.000000
-0.015923 -0.001108 0.271000 -0.637190 -0.449281 0.626207 0.000000
-0.009833 -0.001141 0.279000 -0.375413 0.535622 0.756422 0.000000
-0.002654 -0.001157 0.283000 -0.520059 0.534091 0.666548 0.000000
0.004086 -0.001182 0.289000 -0.467666 0.528794 0.708283 0.000000
0.010843 -0.001178 0.288000 -0.013044 -0.222158 0.974923 0.000000
0.017738 -0.001186 0.290000 -0.559888 -0.226712 0.796949 0.000000
0.025827 -0.001247 0.305000 -0.882970 -0.025851 0.468716 0.000000
-0.042740 -0.000527 0.303000 0.705558 0.250645 0.662846 0.000000
-0.033852 -0.000501 0.288000 0.746180 0.574057 0.337156 0.000000
-0.024475 -0.000476 0.274000 0.510494 -0.368290 0.777018 0.000000
-0.017703 -0.000468 0.269000 -0.353788 -0.529290 0.771159 0.000000
-0.011758 -0.000483 0.278000 -0.498423 0.319405 0.805949 0.000000
-0.004634 -0.000490 0.282000 -0.542397 0.471702 0.695200 0.000000
0.002026 -0.000497 0.286000 -0.524177 0.523346 0.671824 0.000000
0.008842 -0.000502 0.289000 -0.274295 -0.149690 0.949924 0.000000
0.015638 -0.000502 0.289000 -0.367920 -0.425980 0.826544 0.000000
0.023132 -0.000518 0.298000 -0.814586 -0.186153 0.549361 0.000000
-0.047372 0.000190 0.310000 0.867844 0.014212 0.496633 0.000000
-0.037755 0.000179 0.292000 0.608587 0.531829 0.588880 0.000000
-0.029478 0.000175 0.285000 0.415918 0.808130 0.417059 0.000000
-0.020788 0.000164 0.268000 -0.145274 -0.605744 0.782285 0.000000
-0.014865 0.000169 0.275000 -0.646897 -0.201064 0.735593 0.000000
-0.008551 0.000172 0.280000 -0.472677 0.519723 0.711663 0.000000
-0.001988 0.000174 0.283000 -0.541546 0.459253 0.704141 0.000000
0.004749 0.000177 0.288000 -0.489480 0.456812 0.742787 0.000000
0.011601 0.000178 0.290000 0.074715 0.495943 -0.865135 0.000000
0.018547 0.000179 0.292000 -0.582573 -0.435025 0.686558 0.000000
0.026805 0.000189 0.308000 -0.852212 -0.008395 0.523129 0.000000
-0.043596 0.000901 0.304000 0.761074 0.262458 0.593197 0.000000
-0.033810 0.000836 0.282000 0.755132 0.448480 0.478165 0.000000
-0.025952 0.000818 0.276000 0.373296 -0.613100 0.696246 0.000000
-0.018968 0.000798 0.269000 -0.196363 -0.660937 0.724296 0.000000
-0.013066 0.000824 0.278000 -0.634747 -0.047652 0.771249 0.000000
-0.006576 0.000830 0.280000 -0.461941 0.448076 0.765401 0.000000
0.000008 0.000839 0.283000 -0.561650 0.384850 0.732420 0.000000
0.006804 0.000857 0.289000 -0.372181 0.236074 0.897636 0.000000
0.013693 0.000863 0.291000 -0.243465 -0.561617 0.790766 0.000000
0.020818 0.000875 0.295000 -0.678210 -0.402012 0.615157 0.000000
0.029542 0.000931 0.314000 -0.857660 0.018132 0.513897 0.000000
-0.041611 0.001595 0.300000 0.741109 0.313868 0.593502 0.000000
-0.032138 0.001483 0.279000 0.418618 -0.740946 0.525127 0.000000
-0.025028 0.001451 0.273000 0.302553 -0.711096 0.634668 0.000000
-0.018404 0.001435 0.270000 -0.191838 -0.676450 0.711065 0.000000
-0.012412 0.001478 0.278000 -0.202106 0.126763 0.971125 0.000000
-0.005875 0.001478 0.278000 -0.495623 0.506003 0.705917 0.000000
0.000674 0.001504 0.283000 -0.566782 0.327786 0.755853 0.000000
0.007483 0.001536 0.289000 -0.526361 -0.047804 0.848916 0.000000
0.014427 0.001552 0.292000 -0.310598 -0.615227 0.724585 0.000000
0.021585 0.001574 0.296000 -0.745288 -0.349473 0.567816 0.000000
0.030377 0.001675 0.315000 -0.948140 -0.022098 0.317084 0.000000
-0.040360 0.002270 0.296000 0.664793 0.369820 0.649063 0.000000
-0.031369 0.002132 0.278000 0.391310 -0.766157 0.509784 0.000000
-0.024207 0.002078 0.271000 0.202476 -0.710013 0.674452 0.000000
-0.017835 0.002078 0.271000 -0.194645 -0.705176 0.681791 0.000000
-0.011716 0.002124 0.277000 -0.115850 0.325110 0.938553 0.000000
-0.005203 0.002124 0.277000 -0.584657 0.437531 0.683186 0.000000
0.001344 0.002178 0.284000 -0.569464 0.312440 0.760323 0.000000
0.008191 0.002224 0.290000 -0.572498 -0.142256 0.807471 0.000000
0.015165 0.002247 0.293000 -0.366378 -0.655809 0.660062 0.000000
0.022356 0.002277 0.297000 -0.696052 -0.409382 0.589846 0.000000
0.031217 0.002423 0.316000 -0.948734 -0.032487 0.314403 0.000000
-0.036979 0.002865 0.286000 0.852928 -0.131072 0.505305 0.000000
-0.029302 0.002775 0.277000 0.312458 -0.827130 0.467147 0.000000
-0.022131 0.002695 0.269000 0.112165 -0.724366 0.680230 0.000000
-0.016099 0.002745 0.274000 -0.297430 -0.725291 0.620878 0.000000
-0.009656 0.002745 0.274000 -0.393340 0.362230 0.845028 0.000000
-0.003272 0.002795 0.279000 -0.585810 0.304373 0.751122 0.000000
0.003359 0.002855 0.285000 -0.611552 0.165277 0.773749 0.000000
0.010307 0.002926 0.292000 -0.496706 -0.283347 0.820364 0.000000
0.017350 0.002956 0.295000 -0.464827 -0.629754 0.622371 0.000000
0.024863 0.003026 0.302000 -0.753051 -0.188212 0.630469 0.000000
-0.045891 0.003773 0.305000 0.951455 -0.003073 0.307773 0.000000
-0.035799 0.003488 0.282000 0.705396 -0.555327 0.440487 0.000000
-0.028547 0.003414 0.276000 0.312458 -0.827130 0.467147 0.000000
-0.021578 0.003340 0.270000 0.037460 -0.744081 0.667039 0.000000
-0.015511 0.003402 0.275000 -0.275416 -0.717844 0.639411 0.000000
-0.008979 0.003377 0.273000 -0.384430 0.352779 0.853089 0.000000
-0.002635 0.003476 0.281000 -0.515996 0.215571 0.829022 0.000000
0.004043 0.003538 0.286000 -0.640887 0.124399 0.757489 0.000000
0.011069 0.003637 0.294000 -0.572502 -0.327260 0.751760 0.000000
0.018105 0.003662 0.296000 -0.478914 -0.641121 0.599671 0.000000
0.025742 0.003761 0.304000 -0.846045 -0.092660 0.524997 0.000000
-0.044729 0.004446 0.302000 0.979788 -0.009164 0.199828 0.000000
-0.034762 0.004107 0.279000 0.412712 -0.736083 0.536517 0.000000
-0.027898 0.004063 0.276000 0.312458 -0.827130 0.467147 0.000000
-0.021098 0.004004 0.272000 0.031273 -0.807573 0.588938 0.000000
-0.014865 0.004048 0.275000 -0.123170 -0.652080 0.748079 0.000000
-0.008337 0.004019 0.273000 -0.285371 0.245511 0.926438 0.000000
-0.001981 0.004152 0.282000 -0.592473 0.103218 0.798950 0.000000
0.004732 0.004225 0.287000 -0.700614 0.005754 0.713518 0.000000
0.011801 0.004343 0.295000 -0.553456 -0.398618 0.731294 0.000000
0.018928 0.004387 0.298000 -0.463160 -0.687273 0.559587 0.000000
0.026631 0.004505 0.306000 -0.839687 -0.068734 0.538703 0.000000
-0.042735 0.005088 0.298000 0.883875 0.130484 0.449154 0.000000
-0.032676 0.004746 0.278000 0.418618 -0.740946 0.525127 0.000000
-0.025952 0.004712 0.276000 0.214332 -0.835945 0.505231 0.000000
-0.019321 0.004678 0.274000 -0.012102 -0.832130 0.554448 0.000000
-0.012972 0.004712 0.276000 0.136161 -0.446572 0.884326 0.000000
-0.006435 0.004678 0.274000 -0.437655 0.161631 0.884496 0.000000
0.001339 0.004832 0.283000 -0.616813 0.117278 0.778323 0.000000
0.008219 0.004968 0.291000 -0.631565 -0.142076 0.762194 0.000000
0.015476 0.005105 0.299000 -0.487204 -0.662136 0.569392 0.000000
0.022582 0.005122 0.300000 -0.540085 -0.539743 0.645744 0.000000
0.031019 0.005361 0.314000 -0.951427 0.058206 0.302321 0.000000
-0.038458 0.005575 0.287000 0.625489 -0.588894 0.511827 0.000000
-0.030826 0.005419 0.279000 0.268229 -0.815222 0.513289 0.000000
-0.024092 0.005381 0.277000 0.191866 -0.853541 0.484413 0.000000
-0.017515 0.005361 0.276000 -0.146926 -0.746697 0.648735 0.000000
-0.010945 0.005322 0.274000 0.092832 -0.434872 0.895694 0.000000
-0.004568 0.005400 0.278000 -0.706142 -0.025311 0.707618 0.000000
0.002004 0.005497 0.283000 -0.644054 0.064062 0.762293 0.000000
0.012537 0.005750 0.296000 -0.603657 -0.500866 0.620267 0.000000
0.019892 0.005866 0.302000 -0.487429 -0.615392 0.619439 0.000000
0.027351 0.005944 0.306000 -0.841621 0.018157 0.539764 0.000000
-0.042162 0.006402 0.294000 0.840656 0.192461 0.506217 0.000000
-0.033690 0.006119 0.281000 0.401053 -0.785744 0.470916 0.000000
-0.026986 0.006097 0.280000 0.274642 -0.824990 0.493926 0.000000
-0.020184 0.006032 0.277000 0.098376 -0.829103 0.550372 0.000000
-0.013621 0.006010 0.276000 0.152983 -0.557148 0.816200 0.000000
-0.007079 0.005967 0.274000 -0.363766 -0.347131 0.864393 0.000000
-0.000655 0.006141 0.282000 -0.530352 0.086816 0.843321 0.000000
0.020739 0.006620 0.304000 -0.461769 -0.676134 0.574118 0.000000
0.028254 0.006707 0.308000 -0.750702 0.171482 0.637997 0.000000
-0.042018 0.007069 0.293000 0.850424 0.201763 0.485870 0.000000
-0.033810 0.006804 0.282000 0.418683 -0.784859 0.456838 0.000000
-0.027082 0.006780 0.281000 0.240808 -0.824810 0.511567 0.000000
-0.020329 0.006732 0.279000 0.145948 -0.777560 0.611637 0.000000
-0.013670 0.006683 0.277000 0.153221 -0.623512 0.766653 0.000000
-0.007105 0.006635 0.275000 -0.356456 -0.422805 0.833171 0.000000
0.020155 0.007383 0.306000 -0.446472 -0.602389 0.661657 0.000000
0.027351 0.007383 0.306000 -0.788835 0.370629 0.490278 0.000000
-0.042853 0.007785 0.294000 0.855155 0.155427 0.494523 0.000000
-0.034840 0.007546 0.285000 0.422630 -0.756259 0.499455 0.000000
-0.027941 0.007493 0.283000 0.262729 -0.817163 0.513047 0.000000
-0.021136 0.007441 0.281000 0.250913 -0.770463 0.586028 0.000000
-0.014425 0.007388 0.279000 0.180328 -0.571834 0.800305 0.000000
-0.007780 0.007308 0.276000 -0.219536 -0.471266 0.854232 0.000000
0.025827 0.008076 0.305000 0.250035 0.082256 -0.964737 0.000000
0.034081 0.008341 0.315000 -0.988749 0.062380 -0.135957 0.000000
-0.035883 0.008303 0.288000 0.586240 -0.642331 0.493693 0.000000
-0.028808 0.008217 0.285000 0.221482 -0.805268 0.549990 0.000000
-0.022029 0.008188 0.284000 0.330625 -0.721278 0.608642 0.000000
0.021284 0.008995 0.312000 0.265204 0.860586 -0.434809 0.000000
0.028162 0.008851 0.307000 -0.758293 0.509904 0.406189 0.000000
-0.043840 0.009230 0.296000 0.941061 0.169542 0.292676 0.000000
-0.036257 0.009074 0.291000 0.547333 -0.623955 0.557769 0.000000
-0.029010 0.008949 0.287000 0.284501 -0.791617 0.540742 0.000000
0.023561 0.009760 0.313000 -0.354053 -0.894453 0.273129 0.000000
0.030723 0.009697 0.311000 -0.844271 0.370709 0.387016 0.000000
-0.042592 0.009959 0.297000 0.735226 0.447554 -0.509056 0.000000
0.022441 0.010663 0.318000 -0.472786 -0.857814 0.201566 0.000000
0.028978 0.010328 0.308000 -0.621809 0.528239 0.578202 0.000000
-0.045232 0.010622 0.296000 0.968413 0.167425 0.184787 0.000000
-0.038660 0.010729 0.299000 0.108707 0.696935 -0.708847 0.000000
0.026892 0.011088 0.309000 -0.630066 0.368480 0.683550 0.000000
0.034600 0.011232 0.313000 -0.905402 0.333647 0.262539 0.000000
-0.041750 0.011509 0.301000 0.486741 0.596802 -0.637896 0.000000
0.024762 0.012197 0.319000 0.103837 0.905138 -0.412242 0.000000
0.031252 0.011815 0.309000 -0.726655 0.437632 0.529576 0.000000
-0.044285 0.012136 0.299000 0.791258 0.399275 -0.463130 0.000000
0.021275 0.013110 0.323000 0.538570 0.500705 -0.677671 0.000000
0.027798 0.012623 0.311000 -0.926594 0.205995 -0.314627 0.000000
0.035111 0.012623 0.311000 -0.711175 0.369674 0.597973 0.000000
-0.042166 0.013053 0.304000 0.629727 0.457022 -0.628152 0.000000
0.023077 0.014041 0.327000 0.692926 0.141563 -0.706975 0.000000
0.028978 0.013225 0.308000 -0.692720 0.216382 -0.687981 0.000000
-0.046624 0.013406 0.296000 0.650598 0.563709 -0.508875 0.000000
-0.041004 0.013859 0.306000 0.408825 0.624263 -0.665701 0.000000
0.021473 0.014764 0.326000 0.692926 0.141563 -0.706975 0.000000
0.027887 0.014130 0.312000 -0.881331 0.161391 -0.444082 0.000000
0.034885 0.013995 0.309000 -0.707834 0.383642 0.593118 0.000000
-0.042305 0.014531 0.305000 0.558712 0.637548 -0.530447 0.000000
0.016459 0.015150 0.318000 -0.747699 -0.358434 0.558992 0.000000
0.024614 0.015579 0.327000 -0.775698 0.006244 0.631073 0.000000
0.030746 0.014483 0.304000 -0.742412 0.400523 0.537034 0.000000
-0.045691 0.014948 0.299000 0.735077 0.449971 -0.507138 0.000000
-0.039695 0.015348 0.307000 0.423779 0.738914 -0.523849 0.000000
0.016563 0.015998 0.320000 -0.778360 -0.151975 0.609146 0.000000
0.026509 0.016098 0.322000 -0.923167 0.261726 -0.281535 0.000000
0.033107 0.015298 0.306000 -0.742412 0.400523 0.537034 0.000000
-0.044019 0.015808 0.302000 0.607422 0.511153 -0.608080 0.000000
0.006209 0.015337 0.293000 -0.689748 -0.552286 0.468217 0.000000
0.014172 0.016593 0.317000 -0.849523 -0.139462 0.508783 0.000000
0.026509 0.016855 0.322000 -0.993181 0.115403 -0.016555 0.000000
0.032176 0.015913 0.304000 -0.705351 0.439126 0.556461 0.000000
-0.044581 0.016463 0.301000 0.562523 0.609229 -0.558934 0.000000
-0.038625 0.016956 0.310000 0.194453 0.834132 -0.516151 0.000000
-0.031133 0.016846 0.308000 0.437630 -0.789623 0.430087 0.000000
0.006992 0.016245 0.297000 -0.705300 -0.473032 0.528009 0.000000
0.023288 0.018049 0.330000 -0.775698 0.006244 0.631073 0.000000
0.028790 0.016737 0.306000 -0.980261 0.188437 -0.059837 0.000000
-0.046939 0.017000 0.298000 0.684936 0.516493 -0.513904 0.000000
-0.041138 0.017513 0.307000 0.512107 0.713261 -0.478545 0.000000
-0.034803 0.017970 0.315000 0.083706 0.899479 -0.428872 0.000000
-0.026788 0.017570 0.308000 0.678354 -0.727577 0.102311 0.000000
-0.007312 0.016144 0.283000 0.040255 -0.654036 0.755391 0.000000
-0.000657 0.016144 0.283000 -0.437178 -0.523808 0.731095 0.000000
0.006294 0.016943 0.297000 -0.667300 -0.474575 0.574012 0.000000
0.023991 0.018768 0.329000 -0.847627 0.144124 0.510643 0.000000
0.029220 0.017285 0.303000 -0.928378 0.269314 0.256096 0.000000
-0.046394 0.017760 0.299000 0.654123 0.564385 -0.503581 0.000000
-0.040680 0.018354 0.309000 0.448631 0.744646 -0.494199 0.000000
-0.034387 0.018889 0.318000 -0.097722 -0.972121 0.213144 0.000000
-0.026487 0.018592 0.313000 0.412656 -0.910659 0.020389 0.000000
-0.005981 0.016810 0.283000 -0.027926 -0.664616 0.746663 0.000000
0.000678 0.016928 0.285000 -0.483914 -0.645654 0.590727 0.000000
0.007872 0.018057 0.304000 -0.780484 -0.289619 0.554045 0.000000
0.027182 0.019067 0.321000 -0.977658 0.029845 -0.208073 0.000000
0.032891 0.018057 0.304000 -0.980120 -0.144066 -0.136416 0.000000
-0.043452 0.018710 0.303000 0.560537 0.646976 -0.516934 0.000000
-0.038126 0.019636 0.318000 0.249692 0.859127 -0.446715 0.000000
-0.030745 0.019698 0.319000 -0.052712 -0.997024 0.056262 0.000000
-0.022880 0.019389 0.314000 -0.073220 -0.995134 -0.065939 0.000000
-0.005353 0.017599 0.285000 -0.110200 -0.691522 0.713900 0.000000
0.001367 0.017846 0.289000 -0.484522 -0.651646 0.583606 0.000000
0.008700 0.019019 0.308000 -0.898967 0.183994 0.397499 0.000000
0.028345 0.019081 0.309000 -0.756692 -0.296051 -0.582899 0.000000
0.035381 0.018957 0.307000 -0.663329 -0.486688 -0.568445 0.000000
-0.042133 0.019807 0.309000 0.699039 0.499187 -0.512012 0.000000
-0.036334 0.020641 0.322000 0.278856 0.766652 -0.578346 0.000000
-0.028673 0.020576 0.321000 -0.115301 -0.993113 0.020806 0.000000
-0.010115 0.018397 0.287000 -0.259423 -0.505584 0.822851 0.000000
-0.002023 0.018461 0.288000 -0.327233 -0.742097 0.584987 0.000000
0.004947 0.019230 0.300000 -0.765207 -0.233217 0.600056 0.000000
0.026674 0.020769 0.324000 -0.921722 0.206059 0.328585 0.000000
0.032070 0.019423 0.303000 -0.832405 0.321969 0.451041 0.000000
-0.044165 0.020135 0.303000 0.764386 0.395164 -0.509470 0.000000
-0.038996 0.021198 0.319000 0.274489 0.787447 -0.551891 0.000000
-0.031692 0.021331 0.321000 -0.124481 -0.992213 -0.004315 0.000000
-0.024520 0.021663 0.326000 -0.113426 -0.989515 -0.089409 0.000000
-0.006764 0.019138 0.288000 -0.379892 -0.626322 0.680736 0.000000
0.000008 0.019404 0.292000 -0.472581 -0.432603 0.767803 0.000000
0.022239 0.021663 0.326000 -0.764833 0.416181 0.491756 0.000000
0.028437 0.020600 0.310000 -0.834163 -0.310291 -0.455952 0.000000
0.035381 0.020401 0.307000 -0.996848 -0.029361 -0.073699 0.000000
-0.042678 0.021536 0.313000 0.636552 0.661995 -0.395683 0.000000
-0.036334 0.022155 0.322000 0.017933 0.010659 -0.999782 0.000000
-0.028762 0.022155 0.322000 -0.113426 -0.989515 -0.089409 0.000000
-0.007441 0.019815 0.288000 -0.469406 -0.474726 0.744509 0.000000
-0.000683 0.020228 0.294000 -0.531910 -0.173975 0.828737 0.000000
0.022935 0.022361 0.325000 -0.764833 0.416181 0.491756 0.000000
0.028790 0.021054 0.306000 -0.805574 -0.458401 -0.375393 0.000000
-0.046859 0.021489 0.302000 0.917300 0.132474 -0.375515 0.000000
-0.041733 0.022556 0.317000 0.624513 0.667610 -0.405315 0.000000
-0.008765 0.020422 0.287000 -0.320461 -0.495696 0.807212 0.000000
-0.002066 0.020920 0.294000 -0.523418 0.067195 0.849422 0.000000
0.022865 0.023054 0.324000 0.688487 -0.529399 -0.495704 0.000000
0.029735 0.021418 0.301000 -0.859497 -0.507509 -0.060830 0.000000
-0.046041 0.022493 0.306000 0.976977 0.080899 -0.197413 0.000000
-0.040623 0.023522 0.320000 -0.476133 -0.628076 -0.615482 0.000000
-0.008118 0.021170 0.288000 -0.372787 -0.420843 0.826995 0.000000
-0.001379 0.021684 0.295000 -0.551111 0.217430 0.805606 0.000000
0.025073 0.023743 0.323000 -0.935537 0.292737 0.197674 0.000000
0.032782 0.022273 0.303000 -0.957892 -0.278027 0.071719 0.000000
-0.043360 0.024123 0.318000 0.671922 0.658501 -0.338965 0.000000
-0.011424 0.021695 0.286000 -0.066727 -0.456469 0.887234 0.000000
-0.004798 0.022151 0.292000 -0.548149 -0.036349 0.835591 0.000000
0.024238 0.024426 0.322000 0.406849 -0.758177 -0.509551 0.000000
0.031858 0.022833 0.301000 -0.883872 -0.467348 0.018855 0.000000
-0.043496 0.024949 0.319000 0.679090 0.713082 -0.174217 0.000000
-0.010789 0.022446 0.287000 -0.274470 -0.377130 0.884556 0.000000
0.020135 0.024792 0.317000 0.502930 -0.743794 -0.440263 0.000000
0.027066 0.024323 0.311000 -0.741233 -0.269359 -0.614832 0.000000
-0.047219 0.024893 0.309000 0.998955 0.003596 -0.045560 0.000000
-0.041505 0.025860 0.321000 -0.498256 -0.673010 -0.546624 0.000000
-0.008795 0.023202 0.288000 -0.308944 -0.196542 0.930551 0.000000
0.025192 0.025377 0.315000 -0.296927 -0.828398 -0.474963 0.000000
0.030943 0.024088 0.299000 -0.863942 -0.500391 0.056683 0.000000
-0.043014 0.026615 0.321000 0.574352 0.816154 0.063336 0.000000
0.023043 0.026200 0.316000 0.342828 -0.799702 -0.492896 0.000000
0.028641 0.024625 0.297000 -0.822072 -0.533871 0.197935 0.000000
-0.044246 0.027199 0.319000 0.525783 0.850194 0.026898 0.000000
0.021353 0.026687 0.313000 0.540882 -0.774709 -0.327526 0.000000
0.028545 0.025238 0.296000 -0.821620 -0.477986 0.310597 0.000000
-0.044246 0.027949 0.319000 0.525783 0.850194 0.026898 0.000000
0.021216 0.027248 0.311000 0.350582 -0.803789 -0.480641 0.000000
0.027153 0.025934 0.296000 -0.729258 -0.675090 0.111518 0.000000
-0.044246 0.028699 0.319000 -0.321254 -0.906949 -0.272470 0.000000
0.019563 0.027710 0.308000 0.394255 -0.824878 -0.405142 0.000000
0.025761 0.026630 0.296000 -0.691908 -0.705173 0.154899 0.000000
-0.045030 0.028988 0.314000 0.803917 -0.519863 -0.288893 0.000000
0.015683 0.027972 0.303000 0.456794 -0.834350 -0.308545 0.000000
0.022582 0.027695 0.300000 -0.488124 -0.863295 -0.128281 0.000000
-0.045618 0.029158 0.308000 0.951494 -0.306740 -0.023854 0.000000
-0.039746 0.030199 0.319000 -0.359038 -0.809835 -0.463960 0.000000
0.019826 0.028495 0.301000 0.089520 -0.992998 -0.077077 0.000000
0.026010 0.027549 0.291000 -0.617789 -0.719096 0.318178 0.000000
-0.042406 0.030173 0.311000 0.439453 -0.868687 -0.228613 0.000000
0.009786 0.028815 0.297000 0.377173 -0.810482 -0.448174 0.000000
0.016713 0.028718 0.296000 -0.082391 -0.842233 -0.532780 0.000000
0.023433 0.028427 0.293000 -0.568644 -0.795007 0.211206 0.000000
-0.043739 0.030308 0.305000 0.533155 -0.626150 -0.568930 0.000000
-0.037526 0.031103 0.313000 -0.271272 -0.887186 -0.373247 0.000000
0.011032 0.029116 0.293000 0.253287 -0.863452 -0.436229 0.000000
0.018044 0.029315 0.295000 -0.114410 -0.907410 -0.404373 0.000000
0.024642 0.028917 0.291000 -0.498140 -0.857275 0.130138 0.000000
-0.042740 0.030822 0.303000 0.456414 -0.709598 -0.536803 0.000000
-0.036203 0.031331 0.308000 -0.305007 -0.859403 -0.410363 0.000000
0.006188 0.029703 0.292000 0.394099 -0.731090 -0.556949 0.000000
0.012875 0.029296 0.288000 0.215123 -0.912560 -0.347789 0.000000
0.022130 0.029907 0.294000 -0.582076 -0.766495 0.271429 0.000000
-0.044687 0.030910 0.297000 0.759621 -0.234597 0.606581 0.000000
-0.038846 0.031847 0.306000 -0.112655 -0.798960 -0.590738 0.000000
-0.030926 0.031118 0.299000 -0.556066 -0.753228 -0.351338 0.000000
0.003406 0.030078 0.289000 0.177178 -0.736119 -0.653251 0.000000
0.010096 0.029765 0.286000 0.215963 -0.915023 -0.340723 0.000000
0.017738 0.030182 0.290000 -0.184284 -0.962861 -0.197326 0.000000
0.026725 0.031118 0.299000 -0.632241 -0.715067 0.298245 0.000000
-0.040334 0.032034 0.301000 -0.170375 -0.825907 -0.537448 0.000000
-0.033146 0.031928 0.300000 -0.516465 -0.757935 -0.398495 0.000000
-0.010150 0.030651 0.288000 -0.175162 -0.358927 -0.916782 0.000000
-0.003366 0.030544 0.287000 0.063894 -0.735645 -0.674347 0.000000
0.003382 0.030544 0.287000 0.172883 -0.778867 -0.602890 0.000000
0.012652 0.030119 0.283000 -0.185898 -0.980883 0.057545 0.000000
0.019988 0.031183 0.293000 -0.565703 -0.805690 0.175624 0.000000
0.030624 0.032992 0.310000 -0.902370 -0.315324 0.293768 0.000000
-0.039495 0.032633 0.300000 0.609946 0.481448 0.629423 0.000000
-0.032008 0.032198 0.296000 -0.554385 -0.622112 -0.552842 0.000000
-0.017721 0.031545 0.290000 -0.196455 -0.290360 -0.936534 0.000000
-0.010827 0.031328 0.288000 -0.317920 -0.352169 -0.880286 0.000000
-0.004027 0.031110 0.286000 -0.039110 -0.853259 -0.520019 0.000000
0.002670 0.030784 0.283000 0.082206 -0.952935 -0.291817 0.000000
0.011817 0.030349 0.279000 -0.058690 -0.997382 -0.042250 0.000000
0.019167 0.031654 0.291000 -0.538459 -0.742954 0.397594 0.000000
0.027351 0.033286 0.306000 -0.951935 -0.306299 0.000719 0.000000
-0.040066 0.033228 0.299000 0.609946 0.481448 0.629423 0.000000
-0.032594 0.032783 0.295000 0.577655 0.609717 0.542733 0.000000
-0.025309 0.032339 0.291000 -0.045908 -0.625237 -0.779083 0.000000
-0.018403 0.032227 0.290000 -0.204445 -0.285189 -0.936413 0.000000
-0.011464 0.031894 0.287000 0.364424 0.343269 0.865656 0.000000
-0.004650 0.031449 0.283000 -0.087763 -0.924511 -0.370914 0.000000
0.001983 0.031116 0.280000 0.051354 -0.989251 -0.136916 0.000000
0.010392 0.030672 0.276000 -0.107630 -0.993789 -0.028261 0.000000
0.017615 0.032005 0.288000 -0.569584 -0.709691 0.414623 0.000000
0.025742 0.033783 0.304000 -0.834201 -0.482130 0.267694 0.000000
-0.043022 0.034044 0.300000 0.777044 0.101425 0.621221 0.000000
-0.035248 0.033363 0.294000 0.602674 0.355742 0.714306 0.000000
-0.028046 0.033023 0.291000 -0.286004 -0.670500 -0.684567 0.000000
-0.021058 0.032796 0.289000 0.195599 0.096930 0.975882 0.000000
-0.014262 0.032796 0.289000 0.212562 0.206500 0.955079 0.000000
-0.007286 0.032001 0.282000 -0.376841 -0.778034 -0.502646 0.000000
-0.000646 0.031548 0.278000 0.109879 -0.977916 -0.177784 0.000000
0.008414 0.031207 0.275000 -0.147704 -0.982553 -0.113019 0.000000
0.018547 0.033136 0.292000 -0.604679 -0.609736 0.512431 0.000000
0.027066 0.035292 0.311000 -0.931877 0.094871 0.350151 0.000000
-0.043596 0.035213 0.304000 0.652428 -0.679791 -0.334995 0.000000
-0.033635 0.033823 0.292000 0.666275 0.483871 0.567404 0.000000
-0.026586 0.033591 0.290000 -0.045520 -0.519847 -0.853046 0.000000
-0.019699 0.033475 0.289000 0.233008 0.150501 0.960758 0.000000
-0.012814 0.033244 0.287000 0.397119 0.270213 0.877087 0.000000
-0.005854 0.032085 0.277000 -0.189618 -0.957223 -0.218563 0.000000
0.001306 0.031970 0.276000 0.041778 -0.974780 -0.219222 0.000000
0.010316 0.031738 0.274000 -0.203458 -0.979064 -0.006142 0.000000
0.022095 0.035097 0.303000 -0.787644 -0.416222 0.454286 0.000000
0.030763 0.036950 0.319000 -0.919254 0.248213 0.305552 0.000000
-0.039890 0.035809 0.303000 0.718182 0.339533 0.607397 0.000000
-0.031359 0.034273 0.290000 0.600624 0.487570 0.633661 0.000000
-0.024371 0.034037 0.288000 0.111364 -0.264442 -0.957950 0.000000
-0.017660 0.034155 0.289000 0.189495 0.130535 0.973166 0.000000
-0.010601 0.033328 0.282000 -0.577838 -0.572274 -0.581899 0.000000
-0.002569 0.032382 0.274000 0.139544 -0.955045 -0.261566 0.000000
0.003874 0.032382 0.274000 0.120625 -0.932920 -0.339279 0.000000
0.015530 0.033919 0.287000 -0.621746 -0.637659 0.454779 0.000000
0.024141 0.036755 0.311000 -0.929252 0.090699 0.358140 0.000000
0.032567 0.038055 0.322000 -0.919254 0.248213 0.305552 0.000000
-0.038084 0.036160 0.300000 0.669435 0.203992 0.714314 0.000000
-0.029789 0.034714 0.288000 0.370388 0.316192 0.873404 0.000000
-0.022937 0.034593 0.287000 -0.139374 0.123360 0.982526 0.000000
-0.016245 0.034714 0.288000 0.151630 0.066487 0.986199 0.000000
-0.009144 0.033509 0.278000 -0.611233 -0.718727 -0.331400 0.000000
-0.002541 0.032665 0.271000 0.230025 -0.786469 -0.573197 0.000000
0.003859 0.032906 0.273000 0.112469 -0.923113 -0.367714 0.000000
0.016430 0.035076 0.291000 -0.581940 -0.552293 0.596924 0.000000
0.025192 0.037968 0.315000 -0.876130 0.217662 0.430139 0.000000
0.033427 0.038933 0.323000 -0.902883 0.273399 0.331745 0.000000
-0.036184 0.036374 0.296000 0.657282 -0.059848 0.751264 0.000000
-0.028336 0.035268 0.287000 -0.030351 0.118847 0.992449 0.000000
-0.021662 0.035391 0.288000 0.011329 0.125971 0.991969 0.000000
-0.014839 0.035268 0.287000 0.301967 0.089338 0.949123 0.000000
-0.005706 0.033179 0.270000 -0.017363 -0.823917 -0.566444 0.000000
0.000643 0.033179 0.270000 -0.315728 0.696736 0.644108 0.000000
0.011241 0.034531 0.281000 -0.545127 -0.716085 0.435958 0.000000
0.026098 0.038955 0.317000 -0.901238 0.259569 0.346979 0.000000
-0.050404 0.041954 0.335000 0.920911 0.357713 0.154801 0.000000
-0.037254 0.037446 0.299000 0.682148 0.044556 0.729855 0.000000
-0.029010 0.035943 0.287000 0.047938 0.078324 0.995775 0.000000
-0.022339 0.036068 0.288000 -0.135419 -0.071674 0.988193 0.000000
-0.015567 0.036068 0.288000 0.127394 -0.131326 0.983120 0.000000
-0.006950 0.033689 0.269000 -0.323392 -0.754468 -0.571136 0.000000
-0.000625 0.033689 0.269000 -0.342968 0.670729 0.657644 0.000000
0.005870 0.034691 0.277000 -0.536579 -0.817600 0.208839 0.000000
0.012875 0.036068 0.288000 -0.632929 -0.589028 0.502441 0.000000
0.027013 0.039951 0.319000 -0.911076 0.244475 0.331923 0.000000
-0.049468 0.042615 0.334000 0.906037 0.364486 0.215052 0.000000
-0.036306 0.037894 0.297000 0.714278 0.017441 0.699645 0.000000
-0.028336 0.036618 0.287000 0.027467 -0.039082 0.998858 0.000000
-0.021737 0.036873 0.289000 -0.191390 -0.265691 0.944869 0.000000
-0.014839 0.036618 0.287000 0.306220 -0.116360 0.944823 0.000000
-0.006271 0.034066 0.267000 -0.234145 0.460293 0.856333 0.000000
0.000008 0.034321 0.269000 -0.349277 0.605407 0.715184 0.000000
0.006592 0.035725 0.280000 -0.606967 -0.651714 0.454818 0.000000
0.017703 0.038404 0.301000 -0.824559 -0.256867 0.504105 0.000000
0.027850 0.040828 0.320000 -0.911076 0.244475 0.331923 0.000000
-0.046894 0.042490 0.327000 0.922327 0.299389 0.244294 0.000000
-0.035488 0.038462 0.296000 0.729430 0.017443 0.683833 0.000000
-0.027661 0.037293 0.287000 -0.115235 -0.173678 0.978037 0.000000
-0.021204 0.037813 0.291000 -0.060346 -0.284387 0.956809 0.000000
-0.014164 0.037293 0.287000 0.394237 0.007557 0.918978 0.000000
-0.006873 0.034564 0.266000 -0.234145 0.460293 0.856333 0.000000
-0.000623 0.034824 0.268000 -0.349277 0.605407 0.715184 0.000000
0.005955 0.036513 0.281000 -0.336733 -0.789763 0.512723 0.000000
0.013143 0.038202 0.294000 -0.612276 -0.417262 0.671573 0.000000
0.027013 0.041451 0.319000 -0.911076 0.244475 0.331923 0.000000
-0.045561 0.042730 0.323000 0.940921 0.239210 0.239678 0.000000
-0.034675 0.039026 0.295000 0.788881 -0.016513 0.614324 0.000000
-0.026986 0.037968 0.287000 -0.115235 -0.173678 0.978037 0.000000
-0.020660 0.038761 0.293000 0.012007 -0.255493 0.966736 0.000000
-0.013442 0.037835 0.286000 0.661323 0.146863 0.735584 0.000000
-0.006247 0.035190 0.266000 -0.141685 0.242372 0.959782 0.000000
0.000008 0.035586 0.269000 -0.349277 0.605407 0.715184 0.000000
0.006733 0.037835 0.286000 -0.779971 -0.329990 0.531744 0.000000
0.013882 0.039026 0.295000 -0.693943 -0.408360 0.593031 0.000000
0.024452 0.041672 0.315000 -0.856733 0.074463 0.510357 0.000000
0.032567 0.042598 0.322000 -0.919254 0.248213 0.305552 0.000000
-0.036551 0.040258 0.299000 0.756815 -0.093972 0.646839 0.000000
-0.028434 0.038777 0.288000 0.072705 -0.255402 0.964097 0.000000
-0.021963 0.039316 0.292000 -0.122456 -0.270186 0.954989 0.000000
-0.014942 0.038912 0.289000 0.382564 -0.180899 0.906047 0.000000
-0.006247 0.035815 0.266000 -0.141685 0.242372 0.959782 0.000000
0.000008 0.036219 0.269000 -0.381978 0.529540 0.757417 0.000000
0.006780 0.038777 0.288000 -0.758647 -0.232733 0.608515 0.000000
0.013976 0.039989 0.297000 -0.698774 -0.413498 0.583724 0.000000
0.022679 0.041874 0.311000 -0.855362 -0.083736 0.511218 0.000000
0.031052 0.043355 0.322000 -0.920110 0.261070 0.291960 0.000000
-0.037628 0.041372 0.302000 0.781102 0.068008 0.620689 0.000000
-0.029213 0.039591 0.289000 0.280392 -0.381741 0.880712 0.000000
-0.022650 0.040002 0.292000 -0.139541 -0.299202 0.943931 0.000000
-0.015730 0.039865 0.291000 0.338413 -0.223851 0.913984 0.000000
-0.004996 0.036440 0.266000 -0.141685 0.242372 0.959782 0.000000
0.001273 0.036851 0.269000 -0.381978 0.529540 0.757417 0.000000
0.008248 0.040002 0.292000 -0.745145 -0.206815 0.634024 0.000000
0.015476 0.040961 0.299000 -0.742263 -0.292493 0.602904 0.000000
0.023485 0.042742 0.312000 -0.868717 -0.033879 0.494148 0.000000
-0.038592 0.042361 0.304000 0.884402 0.046655 0.464387 0.000000
-0.030099 0.040550 0.291000 0.449903 -0.463923 0.763127 0.000000
-0.023256 0.040550 0.291000 -0.114984 -0.376326 0.919325 0.000000
-0.016527 0.040828 0.293000 0.234971 -0.259540 0.936711 0.000000
-0.006873 0.037066 0.266000 0.036264 0.136006 0.990044 0.000000
-0.000620 0.037205 0.267000 -0.323776 0.481992 0.814158 0.000000
0.006103 0.040132 0.288000 -0.836983 -0.036173 0.546031 0.000000
0.013233 0.041246 0.296000 -0.681336 -0.453864 0.574272 0.000000
0.020943 0.042779 0.307000 -0.818379 -0.275063 0.504575 0.000000
-0.036795 0.042651 0.301000 0.799339 -0.016115 0.600665 0.000000
-0.028632 0.041092 0.290000 0.144700 -0.456481 0.877888 0.000000
-0.022038 0.041517 0.293000 -0.008117 -0.460484 0.887631 0.000000
-0.015045 0.041234 0.291000 0.277512 -0.251092 0.927330 0.000000
-0.005579 0.037408 0.264000 -0.141685 0.242372 0.959782 0.000000
0.000638 0.037975 0.268000 -0.365408 0.489633 0.791667 0.000000
0.007561 0.041376 0.292000 -0.821587 0.027420 0.569423 0.000000
0.014674 0.042084 0.297000 -0.675454 -0.474320 0.564607 0.000000
-0.041272 0.044367 0.308000 0.920954 -0.083608 0.380595 0.000000
-0.032594 0.042494 0.295000 0.644768 -0.313979 0.696915 0.000000
-0.025222 0.041774 0.290000 -0.079004 -0.500310 0.862234 0.000000
-0.018657 0.042350 0.294000 0.205217 -0.274919 0.939311 0.000000
-0.011105 0.040045 0.278000 -0.785859 -0.493538 -0.372621 0.000000
-0.003108 0.038173 0.265000 -0.141685 0.242372 0.959782 0.000000
0.003276 0.040045 0.278000 -0.804652 -0.431744 0.407594 0.000000
0.010378 0.042350 0.294000 -0.648758 -0.338265 0.681681 0.000000
0.017703 0.043359 0.301000 -0.723969 -0.465351 0.509232 0.000000
-0.030202 0.042749 0.292000 0.475652 -0.527062 0.704245 0.000000
-0.023256 0.042602 0.291000 -0.027575 -0.517850 0.855027 0.000000
-0.016414 0.042602 0.291000 0.205217 -0.274919 0.939311 0.000000
-0.008124 0.038942 0.266000 0.277034 0.014497 0.960751 0.000000
-0.001862 0.038796 0.265000 -0.141685 0.242372 0.959782 0.000000
0.004732 0.042017 0.287000 -0.847013 0.196419 0.493953 0.000000
0.011681 0.042749 0.292000 -0.623120 -0.542286 0.563602 0.000000
-0.030995 0.043584 0.293000 0.470748 -0.599658 0.647153 0.000000
-0.023858 0.043138 0.290000 -0.003191 -0.566092 0.824336 0.000000
-0.017039 0.043138 0.290000 0.205217 -0.274919 0.939311 0.000000
-0.006200 0.039270 0.264000 0.036264 0.136006 0.990044 0.000000
0.000008 0.039717 0.267000 -0.282755 0.366103 0.886577 0.000000
0.006874 0.043435 0.292000 -0.797818 -0.161115 0.580972 0.000000
-0.031792 0.044424 0.294000 0.498043 -0.617910 0.608391 0.000000
-0.024456 0.043669 0.289000 0.011760 -0.571301 0.820657 0.000000
-0.017599 0.043518 0.288000 0.205217 -0.274919 0.939311 0.000000
-0.008815 0.040495 0.268000 0.686742 0.113576 0.717974 0.000000
-0.002485 0.040042 0.265000 -0.141685 0.242372 0.959782 0.000000
0.004057 0.043366 0.287000 0.807298 -0.410588 -0.423897 0.000000
-0.018149 0.043888 0.286000 0.146611 -0.369176 0.917722 0.000000
-0.010226 0.041739 0.272000 0.782139 0.344909 0.518937 0.000000
-0.003745 0.040819 0.266000 0.036264 0.136006 0.990044 0.000000
0.002651 0.043121 0.281000 -0.684664 -0.528030 0.502414 0.000000
-0.008913 0.042223 0.271000 0.755870 0.291379 0.586310 0.000000
-0.002504 0.041600 0.267000 -0.024454 0.048302 0.998533 0.000000
-0.012323 0.043651 0.276000 0.865177 0.325720 0.381280 0.000000
-0.005071 0.042702 0.270000 0.115859 -0.525194 0.843059 0.000000
-0.010945 0.043979 0.274000 0.854989 0.248384 0.455301 0.000000
0.017424 0.016098 0.322000 -0.695068 -0.394212 0.601230 2.000000
0.014261 0.017448 0.319000 -0.838326 0.025585 0.544569 2.000000
0.013426 0.018084 0.317000 0.749477 -0.191029 -0.633871 2.000000
0.021670 0.018768 0.329000 -0.775698 0.006244 0.631073 2.000000
0.018294 0.019245 0.324000 0.676841 -0.346597 -0.649428 2.000000
0.013384 0.019513 0.316000 0.566428 -0.554178 -0.609956 2.000000
0.021605 0.020254 0.328000 0.747699 -0.315580 -0.584257 2.000000
0.013341 0.020192 0.315000 0.659314 -0.587669 -0.468990 2.000000
0.021539 0.020961 0.327000 0.747699 -0.315580 -0.584257 2.000000
0.013299 0.020866 0.314000 0.623673 -0.599726 -0.501359 2.000000
-0.027333 0.022224 0.323000 -0.113426 -0.989515 -0.089409 2.000000
0.006442 0.020916 0.304000 -0.784938 0.085617 0.613630 2.000000
0.013993 0.021536 0.313000 0.581293 -0.655157 -0.482563 2.000000
-0.036976 0.022841 0.321000 -0.377343 -0.837948 -0.394278 2.000000
-0.029245 0.022699 0.319000 -0.074778 -0.980280 -0.182920 2.000000
-0.022357 0.023339 0.328000 -0.113426 -0.989515 -0.089409 2.000000
0.009393 0.021845 0.307000 -0.775018 0.478806 0.412421 2.000000
0.017153 0.022556 0.317000 0.639038 -0.631356 -0.439339 2.000000
-0.033534 0.023302 0.317000 -0.273354 -0.833078 -0.480893 2.000000
-0.026326 0.023522 0.320000 -0.130264 -0.989079 -0.068953 2.000000
0.003512 0.021905 0.298000 -0.702804 0.153187 0.694694 2.000000
0.010837 0.022567 0.307000 -0.701605 0.557607 0.443649 2.000000
0.018703 0.023375 0.318000 0.551276 -0.688566 -0.471139 2.000000
-0.031740 0.023819 0.314000 -0.243841 -0.854077 -0.459450 2.000000
-0.024744 0.024199 0.319000 -0.004610 -0.989667 -0.143313 2.000000
0.001400 0.022454 0.296000 -0.521563 0.108874 0.846238 2.000000
0.008558 0.022985 0.303000 -0.807109 0.180189 0.562234 2.000000
0.016201 0.023744 0.313000 0.497999 -0.729548 -0.468782 2.000000
-0.034063 0.024636 0.315000 -0.161272 -0.834865 -0.526300 2.000000
-0.026487 0.024480 0.313000 -0.563266 -0.783877 -0.261280 2.000000
-0.004798 0.022837 0.292000 -0.548149 -0.036349 0.835591 2.000000
0.002096 0.023150 0.296000 -0.530114 0.281851 0.799712 2.000000
0.009271 0.023697 0.303000 -0.747385 0.473845 0.465710 2.000000
0.016937 0.024480 0.313000 0.497999 -0.729548 -0.468782 2.000000
-0.033005 0.025135 0.312000 -0.154736 -0.770011 -0.618983 2.000000
-0.025504 0.024974 0.310000 -0.628413 -0.722929 -0.287177 2.000000
-0.006129 0.023363 0.290000 -0.424250 -0.073229 0.902579 2.000000
0.000700 0.023685 0.294000 -0.440829 0.268567 0.856470 2.000000
0.007768 0.024168 0.300000 -0.709821 0.433638 0.555079 2.000000
0.015267 0.024893 0.309000 0.547661 -0.741890 -0.386867 2.000000
-0.035657 0.026200 0.316000 -0.470228 -0.668804 -0.575836 2.000000
-0.027333 0.025371 0.306000 -0.663762 -0.629747 -0.403534 2.000000
-0.019809 0.024957 0.301000 -0.613870 -0.561450 -0.554921 2.000000
-0.012139 0.023796 0.287000 -0.001230 -0.103045 0.994676 2.000000
-0.005466 0.024127 0.291000 -0.480706 0.130271 0.867151 2.000000
0.001391 0.024376 0.294000 0.373613 -0.408362 -0.832859 2.000000
0.008474 0.024874 0.300000 0.659657 -0.529595 -0.533275 2.000000
0.015994 0.025620 0.309000 0.385045 -0.851924 -0.354917 2.000000
-0.034582 0.026687 0.313000 -0.318198 -0.743118 -0.588665 2.000000
-0.026353 0.025835 0.303000 -0.638656 -0.625859 -0.447681 2.000000
-0.018784 0.025238 0.296000 -0.479709 -0.490529 -0.727503 2.000000
-0.011504 0.024556 0.288000 -0.001230 -0.103045 0.994676 2.000000
-0.004781 0.024812 0.291000 -0.482930 0.219627 0.847669 2.000000
0.002075 0.024982 0.293000 0.351932 -0.480007 -0.803577 2.000000
0.009179 0.025579 0.300000 0.607592 -0.605430 -0.514088 2.000000
-0.041505 0.028124 0.321000 -0.386823 -0.738601 -0.552120 2.000000
-0.032582 0.026985 0.308000 -0.531787 -0.687555 -0.494439 2.000000
-0.024681 0.026284 0.300000 -0.610720 -0.657527 -0.441225 2.000000
-0.017098 0.025496 0.291000 0.441360 0.200301 0.874689 2.000000
-0.010150 0.025233 0.288000 -0.215064 -0.111395 0.970226 2.000000
-0.003413 0.025496 0.291000 0.356060 -0.364188 -0.860574 2.000000
0.003453 0.025671 0.293000 0.418137 -0.580746 -0.698495 2.000000
0.010625 0.026372 0.301000 0.508115 -0.735175 -0.448706 2.000000
-0.039240 0.028879 0.321000 -0.386823 -0.738601 -0.552120 2.000000
-0.029718 0.027080 0.301000 -0.490306 -0.792297 -0.363132 2.000000
-0.022189 0.026540 0.295000 -0.427147 -0.722228 -0.543996 2.000000
-0.014942 0.026000 0.289000 0.370970 0.072814 0.925786 2.000000
-0.008146 0.026000 0.289000 -0.336546 -0.060453 0.939725 2.000000
-0.001360 0.026180 0.291000 0.318879 -0.476410 -0.819359 2.000000
0.005558 0.026540 0.295000 0.537176 -0.634533 -0.555707 2.000000
0.012833 0.027260 0.303000 0.452564 -0.816848 -0.357695 2.000000
-0.032476 0.028342 0.307000 -0.424620 -0.835138 -0.349631 2.000000
-0.024187 0.027141 0.294000 -0.415298 -0.716493 -0.560504 2.000000
-0.016981 0.026680 0.289000 0.399022 0.230619 0.887467 2.000000
-0.010185 0.026680 0.289000 -0.210175 -0.087666 0.973725 2.000000
-0.003413 0.026864 0.291000 0.328389 -0.487090 -0.809261 2.000000
0.003453 0.027049 0.293000 0.418137 -0.580746 -0.698495 2.000000
0.010590 0.027695 0.300000 0.429842 -0.773812 -0.465244 2.000000
-0.033306 0.029158 0.308000 -0.358970 -0.867274 -0.344929 2.000000
-0.024879 0.027833 0.294000 -0.389243 -0.727457 -0.565063 2.000000
-0.017721 0.027454 0.290000 0.377379 0.322291 0.868167 2.000000
-0.010865 0.027359 0.289000 -0.091502 -0.001656 0.995803 2.000000
-0.004083 0.027454 0.290000 0.250502 -0.438078 -0.863329 2.000000
0.002755 0.027643 0.292000 0.346296 -0.556054 -0.755568 2.000000
0.009819 0.028211 0.298000 0.367652 -0.816558 -0.445044 2.000000
-0.033198 0.029785 0.307000 -0.360599 -0.871719 -0.331776 2.000000
-0.024879 0.028524 0.294000 -0.406614 -0.679005 -0.611242 2.000000
-0.017721 0.028136 0.290000 0.369845 0.323090 0.871107 2.000000
-0.010865 0.028039 0.289000 -0.002046 0.007135 0.999972 2.000000
-0.004083 0.028136 0.290000 0.230034 -0.400689 -0.886867 2.000000
0.002755 0.028330 0.292000 0.314800 -0.594447 -0.739955 2.000000
-0.033919 0.030507 0.307000 -0.387661 -0.846141 -0.365739 2.000000
-0.025657 0.029315 0.295000 -0.369365 -0.776247 -0.510892 2.000000
-0.018403 0.028818 0.290000 -0.315493 -0.427114 -0.847371 2.000000
-0.011544 0.028718 0.289000 0.116297 0.050277 0.991941 2.000000
-0.004749 0.028718 0.289000 0.128142 -0.453159 -0.882172 2.000000
0.002061 0.028917 0.291000 0.237804 -0.700740 -0.672616 2.000000
-0.029422 0.030314 0.298000 -0.544126 -0.756177 -0.363488 2.000000
-0.021963 0.029703 0.292000 -0.330351 -0.562383 -0.758020 2.000000
-0.014942 0.029398 0.289000 0.251083 0.142825 0.957370 2.000000
-0.008118 0.029296 0.288000 0.045514 -0.481601 -0.875208 2.000000
-0.001351 0.029398 0.289000 0.244928 -0.689611 -0.681504 2.000000
-0.026261 0.030598 0.294000 -0.302251 -0.768462 -0.564013 2.000000
-0.019151 0.030286 0.291000 -0.287714 -0.499517 -0.817131 2.000000
-0.012224 0.030078 0.289000 0.196392 0.133984 0.971328 2.000000
-0.005409 0.029974 0.288000 0.097453 -0.523273 -0.846575 2.000000
-0.024710 0.031076 0.292000 -0.217894 -0.630740 -0.744774 2.000000
-0.017721 0.030864 0.290000 -0.211398 -0.306270 -0.928175 2.000000
-0.024625 0.031654 0.291000 -0.095566 -0.622985 -0.776374 2.000000
0.011801 0.005730 0.295000 -0.635694 -0.438435 0.635348 1.000000
0.006804 0.006293 0.289000 -0.719057 -0.067976 0.691618 1.000000
0.014023 0.006489 0.298000 -0.503085 -0.635632 0.585557 1.000000
0.003359 0.006876 0.285000 -0.701997 0.008107 0.712134 1.000000
0.010343 0.007069 0.293000 -0.693237 -0.366510 0.620559 1.000000
-0.006505 0.007335 0.277000 -0.398580 -0.410306 0.820233 1.000000
0.000008 0.007467 0.282000 -0.558902 0.039289 0.828303 1.000000
0.006804 0.007652 0.289000 -0.740182 -0.106294 0.663952 1.000000
0.014070 0.007917 0.299000 -0.634614 -0.548688 0.544249 1.000000
-0.014477 0.008072 0.280000 0.187716 -0.567392 0.801766 1.000000
-0.007836 0.008015 0.278000 -0.013750 -0.555796 0.831205 1.000000
-0.001318 0.008130 0.282000 -0.541252 -0.003223 0.840854 1.000000
0.005426 0.008303 0.288000 -0.735116 -0.071372 0.674174 1.000000
0.012537 0.008534 0.296000 -0.665499 -0.485214 0.567167 1.000000
-0.024874 0.008918 0.286000 0.325761 -0.736861 0.592382 1.000000
-0.017895 0.008793 0.282000 0.340356 -0.615381 0.710960 1.000000
-0.011185 0.008731 0.280000 0.167646 -0.581383 0.796171 1.000000
-0.004617 0.008762 0.281000 -0.423470 -0.230865 0.875999 1.000000
0.002011 0.008856 0.284000 -0.670614 -0.019036 0.741562 1.000000
0.008904 0.009074 0.291000 -0.768744 -0.207775 0.604865 1.000000
0.016504 0.009510 0.305000 -0.465591 -0.706808 0.532585 1.000000
-0.032723 0.009725 0.290000 0.459566 -0.753545 0.470075 1.000000
-0.025636 0.009624 0.287000 0.248302 -0.812827 0.526932 1.000000
-0.018624 0.009490 0.283000 0.356478 -0.608804 0.708718 1.000000
-0.011843 0.009389 0.280000 0.159406 -0.622304 0.766373 1.000000
-0.005259 0.009389 0.280000 -0.378636 -0.289811 0.879002 1.000000
0.001344 0.009523 0.284000 -0.671595 -0.037899 0.739948 1.000000
0.008219 0.009758 0.291000 -0.779830 -0.259871 0.569502 1.000000
0.015735 0.010194 0.304000 -0.533099 -0.676789 0.507703 1.000000
-0.034675 0.010586 0.295000 0.421874 -0.793008 0.439500 1.000000
-0.027080 0.010335 0.288000 0.271454 -0.816980 0.508779 1.000000
-0.020026 0.010191 0.284000 0.334587 -0.668048 0.664653 1.000000
-0.013207 0.010083 0.281000 0.256852 -0.554402 0.791622 1.000000
-0.006576 0.010048 0.280000 -0.139731 -0.538691 0.830835 1.000000
0.000008 0.010119 0.282000 -0.589650 -0.052730 0.805936 1.000000
0.006827 0.010406 0.290000 -0.762237 -0.274057 0.586420 1.000000
0.014164 0.010801 0.301000 -0.643017 -0.573611 0.507444 1.000000
-0.036795 0.011509 0.301000 -0.032419 0.822196 -0.568280 1.000000
-0.028533 0.011050 0.289000 0.295475 -0.839872 0.455312 1.000000
-0.021512 0.010935 0.286000 0.373561 -0.685747 0.624662 1.000000
-0.014528 0.010744 0.281000 0.249883 -0.583275 0.772883 1.000000
-0.007864 0.010668 0.279000 0.069462 -0.581784 0.810372 1.000000
-0.001318 0.010782 0.282000 -0.550409 -0.053746 0.833163 1.000000
0.005426 0.011012 0.288000 -0.754381 -0.198116 0.625827 1.000000
0.012664 0.011432 0.299000 -0.684112 -0.547487 0.481922 1.000000
-0.038592 0.012338 0.304000 0.226349 0.692317 -0.685173 1.000000
-0.029996 0.011770 0.290000 0.295241 -0.827105 0.478258 1.000000
-0.022857 0.011608 0.286000 0.378081 -0.684864 0.622910 1.000000
-0.015906 0.011446 0.282000 0.330188 -0.533921 0.778399 1.000000
-0.009209 0.011364 0.280000 0.123805 -0.517629 0.846601 1.000000
-0.002635 0.011405 0.281000 -0.331440 -0.248511 0.910159 1.000000
0.004057 0.011648 0.287000 -0.735698 -0.180118 0.652921 1.000000
0.011182 0.012054 0.297000 -0.754434 -0.453880 0.474154 1.000000
0.019573 0.012988 0.320000 -0.573269 -0.562832 0.595469 1.000000
-0.030099 0.012495 0.291000 0.309097 -0.865313 0.394579 1.000000
-0.022857 0.012280 0.286000 0.379674 -0.715447 0.586500 1.000000
-0.015906 0.012109 0.282000 0.330188 -0.533921 0.778399 1.000000
-0.009209 0.012023 0.280000 0.134949 -0.495557 0.858028 1.000000
-0.002626 0.012023 0.280000 -0.308937 -0.256932 0.915720 1.000000
0.004057 0.012323 0.287000 -0.737361 -0.249069 0.627904 1.000000
0.011258 0.012839 0.299000 -0.763492 -0.496042 0.413548 1.000000
-0.038126 0.013859 0.306000 0.246800 0.815899 -0.522875 1.000000
-0.029415 0.013179 0.291000 0.307664 -0.858365 0.410551 1.000000
-0.022184 0.012953 0.286000 0.373659 -0.717728 0.587576 1.000000
-0.015243 0.012772 0.282000 0.309033 -0.543184 0.780672 1.000000
-0.008551 0.012681 0.280000 0.128205 -0.488010 0.863371 1.000000
-0.001967 0.012681 0.280000 -0.309086 -0.259991 0.914806 1.000000
0.004749 0.013043 0.288000 -0.748082 -0.336469 0.571981 1.000000
0.012161 0.013768 0.304000 -0.713451 -0.501015 0.489869 1.000000
-0.034077 0.014388 0.302000 0.046860 -0.920207 0.388617 1.000000
-0.025993 0.013864 0.291000 0.302912 -0.832836 0.463280 1.000000
-0.018690 0.013530 0.284000 0.371498 -0.575558 0.728507 1.000000
-0.011928 0.013435 0.282000 0.239315 -0.524396 0.817152 1.000000
-0.005259 0.013340 0.280000 -0.078660 -0.440219 0.894438 1.000000
0.001339 0.013482 0.283000 -0.618218 -0.337965 0.709638 1.000000
0.008332 0.014054 0.295000 -0.747474 -0.485513 0.453388 1.000000
-0.035248 0.015298 0.306000 0.085541 0.759829 -0.644470 1.000000
-0.026351 0.014748 0.295000 0.642646 -0.562474 0.520220 1.000000
-0.018756 0.014248 0.285000 0.398655 -0.549715 0.734089 1.000000
-0.011970 0.014148 0.283000 0.228651 -0.562460 0.794580 1.000000
-0.005259 0.013998 0.280000 -0.078660 -0.440219 0.894438 1.000000
0.001339 0.014148 0.283000 -0.601989 -0.337405 0.723718 1.000000
0.008389 0.014848 0.297000 -0.755943 -0.491736 0.432142 1.000000
-0.030628 0.015860 0.303000 0.527270 -0.727462 0.439072 1.000000
-0.022882 0.015442 0.295000 0.599327 -0.526240 0.603223 1.000000
-0.015297 0.014813 0.283000 0.313256 -0.506479 0.803337 1.000000
-0.008612 0.014761 0.282000 0.126794 -0.531859 0.837287 1.000000
-0.001974 0.014709 0.281000 -0.299731 -0.390247 0.870556 1.000000
0.004782 0.015180 0.290000 -0.698051 -0.537149 0.473494 1.000000
-0.014683 0.015534 0.284000 0.289514 -0.512913 0.808148 1.000000
-0.007977 0.015479 0.283000 0.067664 -0.606249 0.792391 1.000000
-0.001313 0.015369 0.281000 -0.355162 -0.400321 0.844750 1.000000
