-0.006709 -0.004891 0.238000 -0.191615 0.741190 -0.643366 1.000000
0.000547 -0.004726 0.230000 0.781344 0.130127 0.610384 1.000000
0.005826 -0.004624 0.225000 0.362843 0.555942 0.747846 1.000000
-0.002204 -0.004276 0.235000 0.580248 -0.113285 0.806523 1.000000
0.003209 -0.004131 0.227000 0.460234 0.516003 0.722444 1.000000
0.008434 -0.004076 0.224000 0.213412 0.482320 0.849601 1.000000
-0.003911 -0.003771 0.238000 0.657441 -0.529760 0.535842 1.000000
0.001622 -0.003629 0.229000 0.755628 0.313129 0.575305 1.000000
0.006854 -0.003550 0.224000 0.290911 0.430061 0.854645 1.000000
-0.007360 -0.003252 0.241000 -0.490835 0.731921 -0.472622 1.000000
-0.001644 -0.003158 0.234000 0.671328 -0.113463 0.732424 1.000000
0.003710 -0.003036 0.225000 0.540521 0.349610 0.765252 1.000000
0.008920 -0.003009 0.223000 0.142582 0.417289 0.897519 1.000000
-0.006822 -0.002697 0.242000 0.530201 -0.754676 0.386460 1.000000
-0.001089 -0.002596 0.233000 0.728493 -0.077475 0.680658 1.000000
0.004239 -0.002507 0.225000 0.502050 0.341488 0.794564 1.000000
0.009445 -0.002485 0.223000 0.195314 0.378045 0.904950 1.000000
-0.008564 -0.002136 0.243000 -0.421300 0.803370 -0.420836 1.000000
-0.002768 -0.002075 0.236000 0.675074 -0.481819 0.558682 1.000000
0.002664 -0.001987 0.226000 0.706963 0.237031 0.666348 1.000000
0.007872 -0.001961 0.223000 0.258633 0.297498 0.919023 1.000000
0.013057 -0.001952 0.222000 0.533620 0.330675 0.778398 1.000000
-0.006878 -0.001572 0.244000 0.698788 -0.520762 0.490409 1.000000
-0.001089 -0.001501 0.233000 0.764998 -0.049691 0.642113 1.000000
0.004220 -0.001443 0.224000 0.445406 0.297202 0.844562 1.000000
0.009445 -0.001436 0.223000 0.202431 0.305316 0.930486 1.000000
0.014491 -0.001417 0.220000 0.514584 0.229997 0.826017 1.000000
-0.007543 -0.001010 0.247000 -0.485610 0.710837 -0.508817 1.000000
-0.001644 -0.000957 0.234000 0.611066 -0.111040 0.783753 1.000000
0.003710 -0.000920 0.225000 0.546112 0.277102 0.790554 1.000000
0.008920 -0.000912 0.223000 0.204655 0.266738 0.941789 1.000000
0.014037 -0.000904 0.221000 0.467647 0.306754 0.828980 1.000000
-0.007635 -0.000434 0.250000 0.637107 -0.553474 0.536434 1.000000
-0.001644 -0.000407 0.234000 0.611066 -0.111040 0.783753 1.000000
0.003710 -0.000391 0.225000 0.546112 0.277102 0.790554 1.000000
0.008880 -0.000386 0.222000 0.244245 0.203875 0.948040 1.000000
0.013974 -0.000382 0.220000 0.497174 0.281926 0.820570 1.000000
0.019060 -0.000381 0.219000 0.251518 -0.254971 0.933664 1.000000
0.000007 0.000142 0.231000 0.838799 0.070006 0.539922 1.000000
0.005250 0.000137 0.223000 0.334460 0.206915 0.919414 1.000000
0.010494 0.000137 0.223000 0.314538 0.243897 0.917377 1.000000
0.015455 0.000134 0.219000 0.270151 0.099709 0.957641 1.000000
0.020604 0.000134 0.219000 0.190848 -0.489881 0.850643 1.000000
0.000007 0.000685 0.231000 0.838799 0.070006 0.539922 1.000000
0.005250 0.000661 0.223000 0.325938 0.187653 0.926580 1.000000
0.010494 0.000661 0.223000 0.317490 0.221158 0.922112 1.000000
0.015455 0.000649 0.219000 0.181616 0.153302 0.971347 1.000000
0.020604 0.000649 0.219000 0.186845 -0.417358 0.889326 1.000000
-0.001644 0.001244 0.234000 0.698204 -0.377809 0.608088 1.000000
0.003710 0.001196 0.225000 0.586808 0.181463 0.789131 1.000000
0.008880 0.001180 0.222000 0.322022 0.174884 0.930439 1.000000
0.013910 0.001164 0.219000 0.464262 0.306681 0.830908 1.000000
0.019060 0.001164 0.219000 0.017586 -0.359856 0.932842 1.000000
0.024099 0.001159 0.218000 0.220437 -0.380740 0.898023 1.000000
0.001083 0.001756 0.229000 0.847154 0.023000 0.530850 1.000000
0.006270 0.001702 0.222000 0.308219 0.157024 0.938267 1.000000
0.011491 0.001702 0.222000 0.473255 0.227852 0.850948 1.000000
0.016410 0.001672 0.218000 -0.060545 -0.021366 0.997937 1.000000
0.022048 0.001672 0.218000 0.228213 -0.395629 0.889605 1.000000
0.027174 0.001672 0.218000 -0.080320 -0.442399 0.893214 1.000000
0.004220 0.002244 0.224000 0.433605 0.133960 0.891090 1.000000
0.009403 0.002224 0.222000 0.402863 0.260848 0.877302 1.000000
0.014359 0.002184 0.218000 0.364601 0.142719 0.920162 1.000000
0.020604 0.002194 0.219000 0.183914 -0.235020 0.954433 1.000000
0.025636 0.002184 0.218000 0.059378 -0.335274 0.940248 1.000000
0.003710 0.002783 0.225000 0.602122 0.024413 0.798031 1.000000
0.008880 0.002746 0.222000 0.392412 0.216818 0.893870 1.000000
0.013847 0.002697 0.218000 0.385638 0.201546 0.900368 1.000000
0.019147 0.002721 0.220000 -0.031908 -0.136602 0.990112 1.000000
0.024099 0.002697 0.218000 0.188767 -0.326480 0.926163 1.000000
0.029359 0.002709 0.219000 -0.195904 -0.334755 0.921716 1.000000
0.005250 0.003283 0.223000 0.318197 0.171203 0.932438 1.000000
0.010447 0.003268 0.222000 0.403263 0.261868 0.876815 1.000000
0.015314 0.003195 0.217000 -0.082521 0.015767 0.996465 1.000000
0.020604 0.003224 0.219000 0.207411 -0.193274 0.958971 1.000000
0.025636 0.003209 0.218000 0.025424 -0.293445 0.955638 1.000000
0.031045 0.003239 0.220000 -0.266916 -0.345276 0.899745 1.000000
0.005250 0.003807 0.223000 0.416492 0.109830 0.902481 1.000000
0.010447 0.003790 0.222000 0.406495 0.265297 0.874288 1.000000
0.015314 0.003705 0.217000 -0.008800 -0.007409 0.999934 1.000000
0.020604 0.003739 0.219000 0.209112 -0.134886 0.968544 1.000000
0.025636 0.003722 0.218000 0.030763 -0.236699 0.971096 1.000000
0.031045 0.003756 0.220000 -0.294111 -0.289504 0.910871 1.000000
0.036876 0.003824 0.224000 -0.469539 -0.397632 0.788303 1.000000
0.010399 0.004293 0.221000 0.477527 0.222555 0.849963 1.000000
0.015384 0.004235 0.218000 0.024729 0.090652 0.995576 1.000000
0.020604 0.004254 0.219000 0.214865 -0.128108 0.968205 1.000000
0.025636 0.004235 0.218000 0.018044 -0.228583 0.973357 1.000000
0.030904 0.004254 0.219000 -0.301530 -0.272776 0.913604 1.000000
0.036876 0.004351 0.224000 -0.503057 -0.300531 0.810317 1.000000
0.009925 0.004834 0.222000 0.407962 0.217084 0.886815 1.000000
0.014872 0.004747 0.218000 0.172844 -0.087230 0.981079 1.000000
0.020181 0.004791 0.220000 0.017454 -0.068480 0.997500 1.000000
0.025124 0.004747 0.218000 0.008399 -0.165338 0.986201 1.000000
0.030389 0.004769 0.219000 -0.294761 -0.213026 0.931523 1.000000
0.036187 0.004856 0.223000 -0.483642 -0.299012 0.822607 1.000000
0.041988 0.004921 0.226000 -0.249359 -0.716545 0.651447 1.000000
0.013334 0.005260 0.218000 0.290411 0.017831 0.956736 1.000000
0.018629 0.005308 0.220000 -0.081884 -0.048348 0.995468 1.000000
0.023586 0.005260 0.218000 0.112126 -0.142739 0.983389 1.000000
0.028844 0.005284 0.219000 -0.223297 -0.163373 0.960962 1.000000
0.034459 0.005356 0.222000 -0.511491 -0.246962 0.823035 1.000000
0.040394 0.005453 0.226000 -0.314994 -0.585275 0.747149 1.000000
0.012880 0.005799 0.219000 0.402518 0.076019 0.912250 1.000000
0.018112 0.005825 0.220000 -0.083213 -0.047480 0.995400 1.000000
0.023073 0.005772 0.218000 0.171110 -0.129656 0.976684 1.000000
0.028329 0.005799 0.219000 -0.169257 -0.166587 0.971391 1.000000
0.033784 0.005852 0.221000 -0.481234 -0.225416 0.847114 1.000000
0.039686 0.005958 0.225000 -0.387576 -0.517757 0.762701 1.000000
0.013910 0.006314 0.219000 0.262277 -0.158689 0.951855 1.000000
0.019147 0.006343 0.220000 -0.064696 -0.067425 0.995625 1.000000
0.024209 0.006314 0.219000 0.070692 -0.164410 0.983856 1.000000
0.029359 0.006314 0.219000 -0.239650 -0.132611 0.961760 1.000000
0.034981 0.006400 0.222000 -0.505275 -0.210430 0.836909 1.000000
0.041106 0.006544 0.227000 -0.326040 -0.601092 0.729648 1.000000
0.015970 0.006829 0.219000 0.031443 -0.107957 0.993658 1.000000
0.021119 0.006829 0.219000 0.120297 -0.096466 0.988040 1.000000
0.026269 0.006829 0.219000 -0.093520 -0.177339 0.979696 1.000000
0.031562 0.006860 0.220000 -0.390756 -0.199996 0.898505 1.000000
0.037403 0.006985 0.224000 -0.515370 -0.241649 0.822192 1.000000
0.043813 0.007172 0.230000 -0.359615 -0.762071 0.538447 1.000000
0.020604 0.007344 0.219000 0.083295 -0.111589 0.990257 1.000000
0.025754 0.007344 0.219000 -0.063048 -0.170339 0.983367 1.000000
0.030904 0.007344 0.219000 -0.338955 -0.193264 0.920738 1.000000
0.036712 0.007478 0.223000 -0.536076 -0.230093 0.812206 1.000000
0.043272 0.007713 0.230000 -0.381187 -0.729915 0.567380 1.000000
0.021119 0.007859 0.219000 0.112391 -0.121712 0.986182 1.000000
0.026269 0.007859 0.219000 -0.083378 -0.179410 0.980235 1.000000
0.031562 0.007895 0.220000 -0.402191 -0.191752 0.895251 1.000000
0.037403 0.008038 0.224000 -0.518643 -0.238664 0.821005 1.000000
0.044194 0.008325 0.232000 -0.311956 -0.729462 0.608744 1.000000
0.023179 0.008374 0.219000 0.102725 -0.145717 0.983979 1.000000
0.028329 0.008374 0.219000 -0.233035 -0.186421 0.954433 1.000000
0.033937 0.008488 0.222000 -0.528663 -0.119035 0.840444 1.000000
0.039686 0.008603 0.225000 -0.498894 -0.370925 0.783275 1.000000
0.022149 0.008889 0.219000 0.117674 -0.119433 0.985844 1.000000
0.027814 0.008889 0.219000 -0.203465 -0.207163 0.956915 1.000000
0.033415 0.009010 0.222000 -0.518674 -0.127154 0.845464 1.000000
0.039157 0.009132 0.225000 -0.549036 -0.311369 0.775634 1.000000
0.046621 0.009579 0.236000 -0.025011 0.471195 -0.881674 1.000000
0.028329 0.009404 0.219000 -0.241253 -0.201130 0.949391 1.000000
0.033937 0.009532 0.222000 -0.524992 -0.130923 0.840977 1.000000
0.039863 0.009704 0.226000 -0.534972 -0.450887 0.714497 1.000000
0.032745 0.010009 0.221000 -0.463735 -0.158738 0.871638 1.000000
0.038800 0.010236 0.226000 -0.570129 -0.350343 0.743110 1.000000
0.046066 0.010688 0.236000 -0.025011 0.471195 -0.881674 1.000000
0.041650 0.010957 0.230000 -0.579860 -0.468991 0.666190 1.000000
0.037570 0.011248 0.225000 -0.582384 -0.327290 0.744117 1.000000
0.044956 0.011798 0.236000 -0.025011 0.471195 -0.881674 1.000000
0.042741 0.012196 0.233000 -0.208521 -0.716927 0.665233 1.000000
0.042012 0.012689 0.232000 -0.455538 -0.518471 0.723652 1.000000
0.044589 0.013520 0.237000 -0.022463 0.398230 -0.917010 1.000000
-0.008486 0.008651 0.258000 -0.501313 -0.708270 -0.497030 2.000000
-0.006059 0.009258 0.258000 -0.470261 -0.717601 -0.513714 2.000000
-0.007216 0.009788 0.256000 -0.477719 -0.747057 -0.462266 2.000000
-0.010146 0.010309 0.254000 -0.390236 -0.792077 -0.469393 2.000000
-0.004190 0.010350 0.255000 -0.390751 -0.751562 -0.531478 2.000000
-0.007727 0.010863 0.253000 -0.469374 -0.756284 -0.455767 2.000000
-0.011985 0.011549 0.255000 -0.349473 -0.829942 -0.434816 2.000000
-0.005895 0.011368 0.251000 -0.368558 -0.793862 -0.483683 2.000000
-0.010659 0.012006 0.252000 -0.341684 -0.823658 -0.452591 2.000000
-0.004677 0.011863 0.249000 -0.277950 -0.857168 -0.433598 2.000000
-0.010616 0.012548 0.251000 -0.340660 -0.850315 -0.401142 2.000000
-0.004639 0.012348 0.247000 -0.208017 -0.886758 -0.412782 2.000000
-0.011207 0.013138 0.251000 -0.332586 -0.857482 -0.392570 2.000000
-0.005199 0.012877 0.246000 -0.207069 -0.886815 -0.413135 2.000000
-0.011162 0.013674 0.250000 -0.260985 -0.904802 -0.336481 2.000000
-0.005157 0.013346 0.244000 -0.250860 -0.872678 -0.418930 2.000000
-0.011117 0.014205 0.249000 -0.281587 -0.898781 -0.336008 2.000000
-0.005136 0.013862 0.243000 -0.247368 -0.866456 -0.433663 2.000000
-0.011750 0.014850 0.250000 -0.276728 -0.893488 -0.353696 2.000000
-0.005683 0.014374 0.242000 -0.243264 -0.847536 -0.471705 2.000000
0.000007 0.014671 0.247000 -0.217298 -0.890904 -0.398839 2.000000
-0.005660 0.014882 0.241000 -0.261783 -0.855161 -0.447403 2.000000
0.000007 0.015129 0.245000 -0.305896 -0.843549 -0.441422 2.000000
-0.005636 0.015384 0.240000 -0.305898 -0.814732 -0.492582 2.000000
0.000007 0.015512 0.242000 -0.332435 -0.832877 -0.442496 2.000000
-0.006227 0.016015 0.241000 -0.270231 -0.815233 -0.512221 2.000000
-0.000551 0.015749 0.237000 -0.432809 -0.759354 -0.485858 2.000000
-0.005636 0.016513 0.240000 -0.294250 -0.824050 -0.484106 2.000000
0.000007 0.016169 0.235000 -0.545962 -0.597583 -0.587213 2.000000
-0.007360 0.017148 0.241000 -0.272691 -0.811254 -0.517211 2.000000
-0.001658 0.016793 0.236000 -0.520568 -0.621234 -0.585728 2.000000
0.003792 0.016366 0.230000 0.320282 0.277152 0.905873 2.000000
-0.004470 0.017495 0.238000 -0.354008 -0.769928 -0.530933 2.000000
0.001102 0.017127 0.233000 -0.522025 -0.452550 -0.722972 2.000000
-0.007330 0.018206 0.240000 -0.252543 -0.809246 -0.530417 2.000000
-0.001644 0.017751 0.234000 -0.565445 -0.550144 -0.614502 2.000000
0.003776 0.017371 0.229000 0.320282 0.277152 0.905873 2.000000
-0.004451 0.018536 0.237000 -0.348036 -0.725357 -0.593909 2.000000
0.001093 0.018066 0.231000 -0.450063 -0.457466 -0.766921 2.000000
0.006496 0.017988 0.230000 -0.194898 -0.234599 -0.952354 2.000000
-0.003878 0.019012 0.236000 -0.382801 -0.701070 -0.601634 2.000000
0.001629 0.018529 0.230000 0.400180 0.306413 0.863694 2.000000
0.007037 0.018529 0.230000 -0.199065 -0.243030 -0.949373 2.000000
-0.003878 0.019567 0.236000 -0.350209 -0.723023 -0.595476 2.000000
0.001629 0.019070 0.230000 0.400180 0.306413 0.863694 2.000000
0.007007 0.018987 0.229000 -0.194186 -0.195501 -0.961286 2.000000
-0.004433 0.020122 0.236000 -0.349411 -0.711599 -0.609540 2.000000
0.001093 0.019696 0.231000 -0.396242 -0.347194 -0.849970 2.000000
0.006468 0.019525 0.229000 -0.188545 -0.191863 -0.963140 2.000000
-0.004988 0.020677 0.236000 -0.261765 -0.749584 -0.607950 2.000000
0.000550 0.020239 0.231000 -0.402201 -0.352219 -0.845090 2.000000
0.005930 0.020064 0.229000 -0.168050 -0.209565 -0.963245 2.000000
0.011314 0.020064 0.229000 -0.231246 -0.435881 -0.869789 2.000000
-0.000539 0.020872 0.232000 -0.495982 -0.507628 -0.704497 2.000000
0.004853 0.020602 0.229000 -0.183622 -0.189702 -0.964519 2.000000
0.010237 0.020602 0.229000 -0.250800 -0.441765 -0.861361 2.000000
0.029268 0.021952 0.244000 0.810941 -0.372968 -0.450854 2.000000
-0.000539 0.021418 0.232000 -0.468423 -0.493812 -0.732618 2.000000
0.004853 0.021141 0.229000 -0.192186 -0.226220 -0.954929 2.000000
0.010237 0.021141 0.229000 -0.250800 -0.441765 -0.861361 2.000000
0.015417 0.020864 0.226000 -0.013763 -0.341981 -0.939606 2.000000
-0.002721 0.021963 0.232000 -0.346242 -0.648491 -0.677920 2.000000
0.002699 0.021679 0.229000 -0.285210 -0.304322 -0.908869 2.000000
0.008084 0.021679 0.229000 -0.231019 -0.386545 -0.892868 2.000000
0.013351 0.021490 0.227000 -0.172056 -0.350223 -0.920728 2.000000
0.018606 0.021395 0.226000 -0.166119 0.017235 0.985955 2.000000
0.029108 0.022531 0.238000 -0.802853 0.310576 0.508890 2.000000
0.000550 0.022412 0.231000 -0.323672 -0.433172 -0.841189 2.000000
0.005930 0.022218 0.229000 -0.151442 -0.288357 -0.945471 2.000000
0.011265 0.022121 0.228000 -0.231918 -0.372909 -0.898417 2.000000
0.016480 0.021927 0.226000 -0.082876 0.168323 0.982242 2.000000
0.021987 0.022121 0.228000 -0.366654 0.022287 0.930090 2.000000
0.028188 0.022800 0.235000 -0.773184 0.363463 0.519692 2.000000
0.001088 0.022856 0.230000 -0.282215 -0.465715 -0.838728 2.000000
0.006468 0.022756 0.229000 -0.175486 -0.396087 -0.901288 2.000000
0.011749 0.022557 0.227000 -0.203864 -0.402799 -0.892296 2.000000
0.017012 0.022458 0.226000 -0.116503 0.066172 0.990983 2.000000
0.022523 0.022657 0.228000 -0.403999 -0.005581 0.914743 2.000000
0.028618 0.023253 0.234000 -0.740285 0.198103 0.642443 2.000000
0.002170 0.023396 0.230000 -0.282805 -0.415526 -0.864500 2.000000
0.007512 0.023193 0.228000 -0.194086 -0.522180 -0.830457 2.000000
0.012760 0.022989 0.226000 -0.165295 -0.371685 -0.913525 2.000000
0.018075 0.022989 0.226000 -0.184296 0.021815 0.982629 2.000000
0.023596 0.023193 0.228000 -0.430752 0.009085 0.902425 2.000000
0.029846 0.023905 0.235000 -0.797830 0.300373 0.522726 2.000000
0.004314 0.023833 0.229000 -0.198189 -0.468749 -0.860811 2.000000
0.009614 0.023625 0.227000 -0.211247 -0.450148 -0.867607 2.000000
0.014886 0.023521 0.226000 0.003930 0.117194 0.993101 2.000000
0.020290 0.023625 0.227000 -0.214111 -0.017371 0.976655 2.000000
0.025966 0.023937 0.230000 -0.612592 0.089933 0.785266 2.000000
0.032465 0.024770 0.238000 -0.808704 0.345367 0.476151 2.000000
0.007512 0.024265 0.228000 -0.188698 -0.496547 -0.847251 2.000000
0.012704 0.023946 0.225000 -0.079298 -0.323576 -0.942873 2.000000
0.018075 0.024052 0.226000 -0.184296 0.021815 0.982629 2.000000
0.023596 0.024265 0.228000 -0.448025 -0.000770 0.894021 2.000000
0.029592 0.024797 0.233000 -0.748621 0.157790 0.643948 2.000000
0.006440 0.024801 0.228000 -0.181886 -0.592515 -0.784757 2.000000
0.011646 0.024475 0.225000 -0.071501 -0.404510 -0.911734 2.000000
0.017012 0.024584 0.226000 -0.144951 -0.001352 0.989438 2.000000
0.022425 0.024692 0.227000 -0.396050 -0.010794 0.918166 2.000000
0.028252 0.025128 0.231000 -0.688289 0.082854 0.720689 2.000000
0.035433 0.026433 0.243000 0.707647 -0.487040 -0.511886 2.000000
0.011646 0.025004 0.225000 -0.056125 -0.372436 -0.926359 2.000000
0.017012 0.025115 0.226000 -0.121036 0.024237 0.992352 2.000000
0.022425 0.025226 0.227000 -0.403198 0.006156 0.915092 2.000000
0.028252 0.025671 0.231000 -0.688289 0.082854 0.720689 2.000000
0.035433 0.027004 0.243000 0.707647 -0.487040 -0.511886 2.000000
0.012704 0.025533 0.225000 -0.137811 0.198494 0.970365 2.000000
0.018075 0.025647 0.226000 -0.168304 -0.008645 0.985697 2.000000
0.023596 0.025874 0.228000 -0.475763 0.035145 0.878871 2.000000
0.029592 0.026441 0.233000 -0.744328 0.174116 0.644717 2.000000
0.010059 0.026062 0.225000 0.115126 -0.528845 -0.840874 2.000000
0.015417 0.026178 0.226000 -0.050542 0.120333 0.991446 2.000000
0.020823 0.026294 0.227000 -0.283912 0.045045 0.957792 2.000000
0.026507 0.026641 0.230000 -0.652446 0.100986 0.751076 2.000000
0.033025 0.027568 0.238000 -0.795300 0.330839 0.507980 2.000000
0.014952 0.026828 0.227000 -0.068815 0.102864 0.992312 2.000000
0.020200 0.026709 0.226000 -0.203542 0.068447 0.976671 2.000000
0.025966 0.027182 0.230000 -0.592929 0.064784 0.802645 2.000000
0.032193 0.027891 0.236000 -0.783530 0.277799 0.555795 2.000000
0.017087 0.027361 0.227000 0.206993 -0.161538 -0.964914 2.000000
0.022523 0.027482 0.228000 -0.447444 0.050456 0.892888 2.000000
0.028374 0.027964 0.232000 -0.707367 0.115259 0.697386 2.000000
0.035287 0.029169 0.242000 0.625795 -0.577624 -0.524149 2.000000
0.020290 0.027895 0.227000 -0.344924 0.134886 0.928888 2.000000
0.025966 0.028264 0.230000 -0.579887 0.020974 0.814427 2.000000
0.032193 0.029001 0.236000 -0.771482 0.318709 0.550672 2.000000
0.020823 0.028429 0.227000 -0.402125 0.136782 0.905310 2.000000
0.026507 0.028805 0.230000 -0.603397 0.084922 0.792906 2.000000
0.033025 0.029806 0.238000 0.752545 -0.406427 -0.518163 2.000000
0.024238 0.029218 0.229000 -0.532649 0.068685 0.843545 2.000000
0.030269 0.029856 0.234000 -0.741352 0.241193 0.626278 2.000000
0.024776 0.029756 0.229000 -0.516043 0.132491 0.846254 2.000000
0.030951 0.030536 0.235000 -0.728824 0.282297 0.623798 2.000000
0.002113 -0.033045 0.224000 0.279234 0.519056 -0.807843 0.000000
0.002123 -0.032135 0.225000 0.279234 0.519056 -0.807843 0.000000
-0.010752 -0.040175 0.286000 0.625183 0.733834 0.265772 0.000000
0.004239 -0.031606 0.225000 0.415841 0.481717 -0.771379 0.000000
-0.011344 -0.039226 0.284000 0.625183 0.733834 0.265772 0.000000
0.003726 -0.031215 0.226000 0.415841 0.481717 -0.771379 0.000000
0.015053 -0.032734 0.237000 -0.478745 -0.085114 -0.873819 0.000000
-0.010361 -0.039916 0.294000 0.625183 0.733834 0.265772 0.000000
0.003726 -0.030683 0.226000 0.415841 0.481717 -0.771379 0.000000
0.016796 -0.032313 0.238000 -0.478745 -0.085114 -0.873819 0.000000
-0.011015 -0.039091 0.293000 0.625183 0.733834 0.265772 0.000000
0.004258 -0.030152 0.226000 0.415841 0.481717 -0.771379 0.000000
0.015676 -0.031753 0.238000 -0.478745 -0.085114 -0.873819 0.000000
0.021094 -0.031486 0.236000 -0.654515 -0.122066 -0.746130 0.000000
0.001601 -0.029621 0.226000 0.187432 0.477133 -0.858611 0.000000
0.006976 -0.029883 0.228000 0.469610 0.432653 -0.769596 0.000000
0.016796 -0.031193 0.238000 -0.478745 -0.085114 -0.873819 0.000000
0.022016 -0.030669 0.234000 -0.648042 -0.161282 -0.744332 0.000000
-0.009070 -0.038228 0.297000 0.625183 0.733834 0.265772 0.000000
0.005344 -0.029218 0.227000 0.469610 0.432653 -0.769596 0.000000
0.015180 -0.030762 0.239000 -0.466828 -0.085967 -0.880160 0.000000
0.020452 -0.030248 0.235000 -0.621886 -0.169567 -0.764529 0.000000
-0.013707 -0.038793 0.307000 0.625183 0.733834 0.265772 0.000000
0.002675 -0.028684 0.227000 0.279234 0.519056 -0.807843 0.000000
0.015244 -0.030327 0.240000 -0.459169 -0.139830 -0.877275 0.000000
0.020452 -0.029695 0.235000 -0.618883 -0.185778 -0.763197 0.000000
0.025315 -0.028937 0.229000 -0.867602 -0.122396 -0.481961 0.000000
0.001608 -0.028150 0.227000 0.187432 0.477133 -0.858611 0.000000
0.007068 -0.028646 0.231000 0.674209 0.336686 -0.657331 0.000000
0.018954 -0.029390 0.237000 -0.555446 -0.142761 -0.819206 0.000000
0.023906 -0.028646 0.231000 0.789087 0.278093 0.547728 0.000000
-0.010819 -0.037349 0.307000 0.625183 0.733834 0.265772 0.000000
0.004832 -0.027738 0.228000 0.468826 0.434460 -0.769056 0.000000
0.011152 -0.028833 0.237000 0.554579 0.258431 -0.790983 0.000000
0.016796 -0.028955 0.238000 -0.478745 -0.085114 -0.873819 0.000000
0.022016 -0.028468 0.234000 0.638623 0.291507 0.712168 0.000000
0.026224 -0.027130 0.223000 -0.907040 0.091476 -0.410987 0.000000
0.000007 -0.027202 0.228000 -0.103633 0.405116 -0.908373 0.000000
0.005415 -0.027441 0.230000 0.410088 0.491576 -0.768232 0.000000
0.011152 -0.028276 0.237000 0.554579 0.258431 -0.790983 0.000000
0.016725 -0.028276 0.237000 -0.448958 -0.194464 -0.872136 0.000000
0.022016 -0.027918 0.234000 0.640472 0.320424 0.697942 0.000000
0.026107 -0.026486 0.222000 -0.885077 0.102558 -0.454005 0.000000
0.033528 -0.025770 0.216000 -0.521925 0.487775 -0.699764 0.000000
-0.011541 -0.035906 0.307000 0.625183 0.733834 0.265772 0.000000
0.002675 -0.026549 0.227000 0.299155 0.418327 -0.857618 0.000000
0.008189 -0.027134 0.232000 0.743254 0.263582 -0.614896 0.000000
0.014056 -0.027953 0.239000 -0.444686 -0.194200 -0.874380 0.000000
0.019347 -0.027485 0.235000 0.560347 0.303321 0.770719 0.000000
0.024238 -0.026783 0.229000 -0.845430 -0.165912 -0.507663 0.000000
0.028199 -0.025496 0.218000 -0.781675 0.206027 -0.588674 0.000000
0.033020 -0.025263 0.216000 -0.613400 0.402307 -0.679625 0.000000
-0.012985 -0.035184 0.307000 0.625183 0.733834 0.265772 0.000000
0.000543 -0.026130 0.228000 -0.107150 0.260769 -0.959437 0.000000
0.005956 -0.026359 0.230000 0.490171 0.402668 -0.773040 0.000000
0.012319 -0.027276 0.238000 0.372765 0.148529 -0.915961 0.000000
0.017764 -0.027047 0.236000 0.530239 0.289112 0.797033 0.000000
0.022919 -0.026588 0.232000 0.701974 0.358436 0.615432 0.000000
0.027424 -0.025213 0.220000 -0.827455 0.201525 -0.524124 0.000000
0.031708 -0.024525 0.214000 -0.619092 0.364649 -0.695526 0.000000
0.036547 -0.024067 0.210000 -0.037666 0.747830 -0.662821 0.000000
-0.000534 -0.025818 0.230000 0.000752 0.258300 -0.966064 0.000000
0.004853 -0.025706 0.229000 0.447208 0.412766 -0.793492 0.000000
0.012987 -0.026941 0.240000 0.344912 0.278728 0.896296 0.000000
0.018319 -0.026492 0.236000 0.566780 0.318333 0.759884 0.000000
0.023363 -0.025931 0.231000 0.727921 0.342417 0.594038 0.000000
0.027548 -0.024808 0.221000 -0.830409 0.181860 -0.526638 0.000000
0.031708 -0.024022 0.214000 -0.583232 0.420583 -0.694947 0.000000
0.036225 -0.023685 0.211000 -0.151133 0.629011 -0.762564 0.000000
0.042077 -0.023910 0.213000 0.048219 0.817180 -0.574361 0.000000
0.001608 -0.024948 0.227000 -0.005036 0.209673 -0.977759 0.000000
0.007129 -0.025607 0.233000 0.745901 0.277901 -0.605313 0.000000
0.016236 -0.026157 0.238000 0.460617 0.269237 0.845779 0.000000
0.021466 -0.025717 0.234000 0.617569 0.397650 0.678589 0.000000
0.026107 -0.024398 0.222000 -0.889297 0.150389 -0.431895 0.000000
0.030339 -0.023629 0.215000 -0.647415 0.304123 -0.698829 0.000000
0.035728 -0.023189 0.211000 -0.133707 0.659055 -0.740114 0.000000
0.041076 -0.023409 0.213000 0.079180 0.767965 -0.635579 0.000000
-0.001630 -0.024952 0.232000 -0.120875 0.035113 -0.992047 0.000000
0.004295 -0.024522 0.228000 0.451244 0.359357 -0.816848 0.000000
0.014115 -0.025812 0.240000 0.411730 0.319407 0.853497 0.000000
0.019900 -0.025274 0.235000 0.587639 0.431362 0.684549 0.000000
0.024872 -0.024199 0.225000 -0.854132 -0.003705 -0.520043 0.000000
0.029225 -0.023446 0.218000 -0.728824 0.217169 -0.649348 0.000000
0.033878 -0.023123 0.215000 -0.411894 0.539971 -0.734012 0.000000
0.039072 -0.022908 0.213000 0.079065 0.711450 -0.698274 0.000000
-0.010564 -0.029561 0.281000 0.666788 0.675270 0.315284 0.000000
-0.000537 -0.024301 0.231000 0.072776 0.021711 0.997112 0.000000
0.004853 -0.024091 0.229000 0.499755 0.316469 -0.806283 0.000000
0.013041 -0.025353 0.241000 -0.410404 -0.290124 -0.864521 0.000000
0.019347 -0.024722 0.235000 0.570520 0.453129 0.684968 0.000000
0.024026 -0.023880 0.227000 -0.811243 -0.114836 -0.573322 0.000000
0.028458 -0.023144 0.220000 -0.815693 0.253338 -0.520063 0.000000
0.032867 -0.022618 0.215000 -0.547667 0.466332 -0.694691 0.000000
0.041146 -0.022723 0.216000 0.316987 0.714069 -0.624199 0.000000
-0.008215 -0.027666 0.269000 0.707296 0.605652 0.364580 0.000000
0.001083 -0.023552 0.229000 0.095614 0.052566 0.994030 0.000000
0.007129 -0.023964 0.233000 0.658098 0.240630 -0.713446 0.000000
0.014618 -0.024581 0.239000 0.403057 0.416888 0.814708 0.000000
0.019815 -0.024066 0.234000 0.525367 0.506160 0.683953 0.000000
0.024452 -0.023244 0.226000 -0.797731 -0.036482 -0.601909 0.000000
0.028844 -0.022524 0.219000 -0.750389 0.305068 -0.586387 0.000000
0.033372 -0.022112 0.215000 -0.492927 0.521606 -0.696383 0.000000
0.043378 -0.022318 0.217000 -0.314788 -0.637854 0.702887 0.000000
-0.021963 -0.029345 0.292000 0.637061 0.727472 0.254828 0.000000
-0.002175 -0.023315 0.232000 0.644702 0.329793 0.689634 0.000000
0.003237 -0.023014 0.229000 0.440107 0.065583 -0.895547 0.000000
0.010165 -0.024119 0.240000 0.748197 0.267059 -0.607356 0.000000
0.015545 -0.023717 0.236000 0.483065 0.474488 0.735873 0.000000
0.020737 -0.023315 0.232000 0.574778 0.486942 0.657661 0.000000
0.025514 -0.022712 0.226000 -0.838433 0.036513 -0.543779 0.000000
0.029601 -0.021808 0.217000 -0.631019 0.244394 -0.736265 0.000000
0.035566 -0.021406 0.213000 -0.221497 0.564415 -0.795220 0.000000
0.043578 -0.021908 0.218000 0.257528 0.658263 -0.707367 0.000000
-0.024105 -0.028757 0.293000 0.637061 0.727472 0.254828 0.000000
-0.008001 -0.025714 0.262000 0.698499 0.524778 0.486525 0.000000
0.000545 -0.022475 0.229000 0.146406 0.083391 0.985703 0.000000
0.005981 -0.022672 0.231000 0.700402 0.281779 -0.655773 0.000000
0.012370 -0.023457 0.239000 0.466812 0.412548 0.782234 0.000000
0.017614 -0.022966 0.234000 0.525182 0.549149 0.650092 0.000000
0.022622 -0.022475 0.229000 0.583373 0.346720 0.734480 0.000000
0.027395 -0.021985 0.224000 -0.852649 0.111787 -0.510385 0.000000
0.031496 -0.021199 0.216000 -0.519620 0.367781 -0.771189 0.000000
0.037417 -0.021101 0.215000 -0.052790 0.609765 -0.790822 0.000000
0.043578 -0.021396 0.218000 0.257528 0.658263 -0.707367 0.000000
-0.026261 -0.028163 0.294000 0.637061 0.727472 0.254828 0.000000
-0.013494 -0.025002 0.261000 0.698499 0.524778 0.486525 0.000000
-0.002698 -0.022033 0.230000 0.433382 0.150955 0.888478 0.000000
0.002699 -0.021937 0.229000 0.396984 0.040377 -0.916937 0.000000
0.008366 -0.022703 0.237000 0.668949 0.094831 -0.737234 0.000000
0.013880 -0.022607 0.236000 0.422995 0.503048 0.753670 0.000000
0.019100 -0.022224 0.232000 0.482475 0.548583 0.682843 0.000000
0.024560 -0.021745 0.227000 -0.712491 -0.151413 -0.685150 0.000000
0.028975 -0.021075 0.220000 -0.778255 0.266882 -0.568412 0.000000
0.033683 -0.020787 0.217000 -0.375332 0.450011 -0.810319 0.000000
0.042748 -0.020979 0.219000 -0.375587 -0.547627 0.747689 0.000000
0.048553 -0.021266 0.222000 -0.398945 0.035181 0.916300 0.000000
-0.024187 -0.027472 0.294000 0.637061 0.727472 0.254828 0.000000
-0.012361 -0.024575 0.263000 0.698499 0.524778 0.486525 0.000000
-0.005051 -0.022333 0.239000 0.826388 0.186265 0.531402 0.000000
0.001083 -0.021398 0.229000 0.156682 0.204893 0.966162 0.000000
0.006581 -0.021772 0.233000 0.665424 0.231447 -0.709679 0.000000
0.012267 -0.022146 0.237000 0.313292 0.527666 0.789567 0.000000
0.017539 -0.021772 0.233000 0.506428 0.575444 0.642180 0.000000
0.022622 -0.021398 0.229000 0.556046 0.339832 0.758503 0.000000
0.027518 -0.021025 0.225000 -0.839962 0.083534 -0.536177 0.000000
0.031642 -0.020277 0.217000 -0.577196 0.332206 -0.745979 0.000000
0.041059 -0.020651 0.221000 -0.349388 -0.330219 0.876860 0.000000
0.045837 -0.020464 0.219000 -0.024981 0.383086 -0.923375 0.000000
-0.025570 -0.026781 0.294000 0.635836 0.727079 0.258975 0.000000
-0.013494 -0.023775 0.261000 0.698499 0.524778 0.486525 0.000000
-0.007103 -0.022955 0.252000 0.809319 0.415088 0.415577 0.000000
0.000545 -0.020860 0.229000 0.258378 0.185153 0.948135 0.000000
0.006033 -0.021224 0.233000 0.669651 0.210137 -0.712327 0.000000
0.011710 -0.021589 0.237000 0.045424 0.504820 0.862028 0.000000
0.016918 -0.021133 0.232000 0.486881 0.581470 0.651798 0.000000
0.022084 -0.020860 0.229000 0.533806 0.306406 0.788141 0.000000
0.027109 -0.020587 0.226000 -0.804912 0.009370 -0.593320 0.000000
0.031132 -0.019767 0.217000 -0.521314 0.314371 -0.793349 0.000000
0.040723 -0.020222 0.222000 -0.309866 -0.297672 0.902981 0.000000
0.045529 -0.020040 0.220000 -0.022687 -0.204748 0.978552 0.000000
0.051855 -0.020495 0.225000 -0.590470 -0.021227 0.806780 0.000000
-0.016436 -0.022984 0.259000 0.698499 0.524778 0.486525 0.000000
-0.010426 -0.023161 0.261000 0.698499 0.524778 0.486525 0.000000
-0.002129 -0.020144 0.227000 0.312310 0.097546 0.944959 0.000000
0.003251 -0.020410 0.230000 0.632634 0.115762 -0.765750 0.000000
0.008886 -0.020943 0.236000 0.544141 0.169530 -0.821688 0.000000
0.014313 -0.020765 0.234000 0.431565 0.620676 0.654609 0.000000
0.019391 -0.020321 0.229000 0.452959 0.539086 0.710081 0.000000
0.024668 -0.020233 0.228000 0.602131 0.238096 0.762069 0.000000
0.028975 -0.019523 0.220000 -0.767640 0.063398 -0.637738 0.000000
0.033838 -0.019345 0.218000 -0.388992 0.321988 -0.863139 0.000000
0.043460 -0.019523 0.220000 -0.165633 -0.303109 0.938451 0.000000
0.049075 -0.019700 0.222000 -0.467613 0.019839 0.883711 0.000000
-0.024187 -0.025398 0.294000 0.635836 0.727079 0.258975 0.000000
-0.012314 -0.022634 0.262000 0.698499 0.524778 0.486525 0.000000
-0.004320 -0.019869 0.230000 0.589370 0.127325 0.797767 0.000000
0.001079 -0.019697 0.228000 0.060125 0.051513 -0.996861 0.000000
0.006609 -0.020215 0.234000 0.658028 0.137288 -0.740372 0.000000
0.012163 -0.020301 0.235000 0.174469 0.824152 0.538827 0.000000
0.017313 -0.019869 0.230000 0.411750 0.617635 0.670067 0.000000
0.022523 -0.019697 0.228000 0.458309 0.288975 0.840504 0.000000
0.027395 -0.019351 0.224000 -0.860396 -0.032474 -0.508590 0.000000
0.031788 -0.018833 0.218000 -0.504234 0.207675 -0.838224 0.000000
0.041767 -0.019178 0.222000 -0.195080 -0.232433 0.952848 0.000000
0.046564 -0.019005 0.220000 0.000533 -0.265164 0.964203 0.000000
-0.027044 -0.024791 0.295000 0.633501 0.725247 0.269616 0.000000
-0.014722 -0.021934 0.261000 0.698499 0.524778 0.486525 0.000000
-0.008289 -0.021177 0.252000 0.724387 0.473722 0.500850 0.000000
0.000540 -0.019076 0.227000 0.079350 0.139811 -0.986994 0.000000
0.006059 -0.019665 0.234000 0.673733 0.093188 -0.733076 0.000000
0.011660 -0.019833 0.236000 0.163324 0.827236 0.537592 0.000000
0.016845 -0.019412 0.231000 0.441855 0.638757 0.629883 0.000000
0.021987 -0.019160 0.228000 0.394594 0.386954 0.833404 0.000000
0.026989 -0.018908 0.225000 -0.798672 -0.087984 -0.595300 0.000000
0.031275 -0.018320 0.218000 0.448445 -0.116775 0.886149 0.000000
0.041245 -0.018656 0.222000 -0.256941 -0.220832 0.940858 0.000000
0.046047 -0.018488 0.220000 -0.064496 -0.118017 0.990915 0.000000
0.052384 -0.018908 0.225000 -0.580502 -0.047647 0.812863 0.000000
-0.017177 -0.021320 0.261000 0.735161 0.373484 0.565728 0.000000
-0.010955 -0.021157 0.259000 0.698499 0.524778 0.486525 0.000000
-0.003210 -0.018624 0.228000 0.431309 0.043006 0.901179 0.000000
0.002151 -0.018624 0.228000 0.350486 0.128450 -0.927718 0.000000
0.007776 -0.019278 0.236000 0.584542 0.024473 -0.810994 0.000000
0.013212 -0.019114 0.234000 0.262115 0.826336 0.498461 0.000000
0.018235 -0.018624 0.228000 0.285388 0.617184 0.733238 0.000000
0.023596 -0.018624 0.228000 0.402114 0.338905 0.850557 0.000000
0.028068 -0.018052 0.221000 -0.814611 -0.152698 -0.559547 0.000000
0.032963 -0.017889 0.219000 0.199995 -0.115389 0.972979 0.000000
0.042618 -0.018052 0.221000 -0.075746 -0.216403 0.973361 0.000000
0.047815 -0.018052 0.221000 -0.392992 -0.096203 0.914496 0.000000
-0.026261 -0.023324 0.294000 0.633501 0.725247 0.269616 0.000000
-0.014722 -0.020706 0.261000 0.733052 0.395066 0.553676 0.000000
-0.005449 -0.018405 0.232000 0.705139 -0.024278 0.708653 0.000000
0.000006 -0.018009 0.227000 0.087342 0.112959 -0.989753 0.000000
0.005485 -0.018485 0.233000 0.744888 -0.004230 -0.667176 0.000000
0.011105 -0.018723 0.236000 0.165439 0.704283 0.690373 0.000000
0.016302 -0.018326 0.231000 0.445365 0.662467 0.602319 0.000000
0.022523 -0.018088 0.228000 0.359273 0.320316 0.876539 0.000000
0.027273 -0.017691 0.223000 -0.797800 -0.261186 -0.543413 0.000000
0.031933 -0.017374 0.219000 0.214467 -0.008985 0.976690 0.000000
0.037426 -0.017295 0.218000 -0.303243 0.129232 0.944110 0.000000
0.043138 -0.017533 0.221000 0.016298 -0.164367 0.986265 0.000000
0.048335 -0.017533 0.221000 -0.371037 -0.053931 0.927051 0.000000
0.054742 -0.017929 0.226000 -0.625134 -0.106824 0.773172 0.000000
-0.017995 -0.020323 0.264000 0.718370 0.462222 0.519899 0.000000
-0.011519 -0.019862 0.258000 0.727693 0.449388 0.518183 0.000000
-0.003224 -0.017629 0.229000 0.454960 -0.140627 0.879338 0.000000
0.002151 -0.017552 0.228000 0.244623 0.181262 -0.952525 0.000000
0.007776 -0.018168 0.236000 0.581457 0.084738 -0.809152 0.000000
0.013762 -0.018014 0.234000 0.324245 0.796858 0.509787 0.000000
0.019669 -0.017398 0.226000 0.237130 0.579308 0.779853 0.000000
0.025514 -0.017398 0.226000 0.642651 0.306601 0.702137 0.000000
0.029737 -0.016782 0.218000 0.528987 0.092919 0.843528 0.000000
0.035376 -0.016782 0.218000 -0.013966 -0.094010 0.995473 0.000000
0.040874 -0.016936 0.220000 -0.366946 -0.119104 0.922586 0.000000
0.046256 -0.017013 0.221000 -0.068029 -0.081624 0.994339 0.000000
0.051918 -0.017167 0.223000 -0.561201 -0.097800 0.821881 0.000000
-0.018063 -0.019777 0.265000 0.718370 0.462222 0.519899 0.000000
-0.011519 -0.019255 0.258000 0.727693 0.449388 0.518183 0.000000
-0.002686 -0.017091 0.229000 0.354433 -0.253222 0.900142 0.000000
0.002699 -0.017091 0.229000 0.406134 0.165439 -0.898713 0.000000
0.008366 -0.017688 0.237000 0.728824 0.297986 -0.616457 0.000000
0.015759 -0.017240 0.231000 0.409421 0.656460 0.633589 0.000000
0.023060 -0.017016 0.228000 0.344253 0.466598 0.814725 0.000000
0.027548 -0.016494 0.221000 0.689367 0.412886 0.595229 0.000000
0.032448 -0.016344 0.219000 0.182912 0.042678 0.982203 0.000000
0.037426 -0.016270 0.218000 -0.250243 -0.052040 0.966783 0.000000
0.042943 -0.016419 0.220000 -0.117918 -0.078252 0.989935 0.000000
0.048335 -0.016494 0.221000 -0.232127 -0.187544 0.954434 0.000000
0.054742 -0.016867 0.226000 -0.625134 -0.106824 0.773172 0.000000
-0.016626 -0.018937 0.262000 0.735161 0.373484 0.565728 0.000000
-0.010066 -0.018215 0.252000 0.779925 0.427320 0.457291 0.000000
-0.001070 -0.016552 0.229000 -0.221312 0.354429 -0.908516 0.000000
0.004352 -0.016697 0.231000 0.650439 0.056267 -0.757471 0.000000
0.010207 -0.017419 0.241000 0.861483 0.382138 -0.334390 0.000000
0.018524 -0.016263 0.225000 0.098800 0.734940 0.670896 0.000000
0.024026 -0.016408 0.227000 0.358746 0.502478 0.786649 0.000000
0.028329 -0.015829 0.219000 0.609192 0.234131 0.757672 0.000000
0.033325 -0.015757 0.218000 -0.015143 -0.011386 0.999821 0.000000
0.038964 -0.015757 0.218000 -0.422500 -0.107259 0.899994 0.000000
0.044495 -0.015902 0.220000 -0.027211 -0.173621 0.984437 0.000000
0.049668 -0.015902 0.220000 -0.413895 -0.191741 0.889902 0.000000
-0.024371 -0.020139 0.288000 0.654314 0.699547 0.287243 0.000000
-0.014665 -0.018181 0.260000 0.735161 0.373484 0.565728 0.000000
-0.005994 -0.016223 0.232000 0.603764 -0.320069 0.730086 0.000000
-0.000532 -0.016014 0.229000 -0.096046 0.311801 -0.945280 0.000000
0.004916 -0.016223 0.232000 0.734142 0.032456 -0.678220 0.000000
0.010908 -0.017063 0.244000 0.928033 0.341427 -0.148938 0.000000
0.021263 -0.015804 0.226000 0.182465 0.595176 0.782606 0.000000
0.026224 -0.015594 0.223000 0.698386 0.459643 0.548621 0.000000
0.030762 -0.015244 0.218000 0.241489 0.104586 0.964751 0.000000
0.036234 -0.015174 0.217000 -0.124517 0.000471 0.992217 0.000000
0.041718 -0.015314 0.219000 -0.355924 -0.066475 0.932148 0.000000
0.047295 -0.015454 0.221000 -0.183040 -0.217389 0.958769 0.000000
0.053204 -0.015664 0.224000 -0.621927 -0.111838 0.775048 0.000000
-0.015949 -0.017638 0.261000 0.703562 0.397448 0.589098 0.000000
-0.007177 -0.015881 0.235000 0.795681 -0.052041 0.603476 0.000000
-0.001609 -0.015475 0.229000 -0.317880 0.404581 -0.857477 0.000000
0.003792 -0.015543 0.230000 0.453231 0.115598 -0.883866 0.000000
0.016480 -0.015272 0.226000 0.186419 0.738416 0.648066 0.000000
0.021891 -0.015340 0.227000 0.249559 0.577041 0.777653 0.000000
0.026629 -0.015002 0.222000 0.656611 0.474750 0.586066 0.000000
0.031275 -0.014732 0.218000 0.186829 0.111294 0.976068 0.000000
0.038452 -0.014732 0.218000 -0.414999 -0.227813 0.880839 0.000000
0.044177 -0.014935 0.221000 -0.045859 -0.114691 0.992342 0.000000
0.049150 -0.014867 0.220000 -0.322348 -0.261091 0.909903 0.000000
-0.022457 -0.018328 0.281000 0.742094 0.579402 0.337031 0.000000
-0.013287 -0.016763 0.257000 0.789008 0.339434 0.512104 0.000000
-0.004903 -0.015132 0.232000 0.559878 -0.385073 0.733659 0.000000
0.000545 -0.014937 0.229000 0.057010 0.328146 -0.942905 0.000000
0.006033 -0.015198 0.233000 0.709013 -0.027687 -0.704652 0.000000
0.019582 -0.014676 0.225000 0.024342 0.736855 0.675612 0.000000
0.024983 -0.014741 0.226000 0.474587 0.562835 0.676746 0.000000
0.029091 -0.014154 0.217000 0.399715 0.216389 0.890732 0.000000
0.036234 -0.014154 0.217000 -0.164874 -0.027196 0.985940 0.000000
0.041908 -0.014350 0.220000 -0.373653 -0.145687 0.916056 0.000000
0.047295 -0.014415 0.221000 -0.166262 -0.286097 0.943666 0.000000
0.053204 -0.014611 0.224000 -0.608419 -0.181178 0.772658 0.000000
-0.015888 -0.016347 0.260000 0.750274 0.354196 0.558242 0.000000
-0.007762 -0.014838 0.236000 0.773759 -0.008224 0.633426 0.000000
-0.002157 -0.014461 0.230000 -0.396366 0.426130 -0.813208 0.000000
0.003251 -0.014461 0.230000 0.397795 0.081102 -0.913883 0.000000
0.014820 -0.014147 0.225000 0.715784 0.539267 0.443672 0.000000
0.022857 -0.014210 0.226000 0.285533 0.666992 0.688181 0.000000
0.027424 -0.013832 0.220000 0.545331 0.391774 0.741031 0.000000
0.032300 -0.013707 0.218000 0.096246 0.119717 0.988132 0.000000
0.037939 -0.013707 0.218000 -0.377036 -0.161419 0.912024 0.000000
0.043658 -0.013895 0.221000 -0.104305 -0.196389 0.974962 0.000000
0.048854 -0.013895 0.221000 -0.355031 -0.279988 0.891942 0.000000
0.055274 -0.014210 0.226000 -0.601083 -0.272608 0.751255 0.000000
-0.012486 -0.015312 0.253000 0.803798 0.377985 0.459387 0.000000
-0.004903 -0.014041 0.232000 0.569233 -0.347456 0.745149 0.000000
0.000547 -0.013920 0.230000 -0.033533 0.370935 -0.928053 0.000000
0.006033 -0.014102 0.233000 0.624513 -0.144434 -0.767543 0.000000
0.020456 -0.013497 0.223000 0.085762 0.788272 0.609321 0.000000
0.025700 -0.013497 0.223000 0.513917 0.612361 0.600752 0.000000
0.030111 -0.013133 0.217000 0.214408 0.262085 0.940925 0.000000
0.036401 -0.013194 0.218000 -0.272936 -0.082322 0.958504 0.000000
0.042099 -0.013376 0.221000 -0.315292 -0.140944 0.938470 0.000000
0.047509 -0.013436 0.222000 -0.288185 -0.319667 0.902642 0.000000
0.053442 -0.013618 0.225000 -0.593044 -0.268612 0.759043 0.000000
-0.013132 -0.014776 0.254000 0.796078 0.382825 0.468726 0.000000
-0.006596 -0.013612 0.234000 0.604907 -0.265541 0.750717 0.000000
-0.001075 -0.013379 0.230000 -0.301047 0.419948 -0.856163 0.000000
0.004333 -0.013379 0.230000 0.337894 0.025347 -0.940843 0.000000
0.017595 -0.012798 0.220000 0.255865 0.687713 0.679400 0.000000
0.023182 -0.013030 0.224000 0.160416 0.793804 0.586636 0.000000
0.027814 -0.012740 0.219000 0.469194 0.429783 0.771455 0.000000
0.034863 -0.012681 0.218000 -0.167767 0.056211 0.984223 0.000000
0.040540 -0.012856 0.221000 -0.365825 -0.212103 0.906192 0.000000
0.046150 -0.012972 0.223000 -0.237432 -0.327752 0.914442 0.000000
0.051394 -0.012972 0.223000 -0.494559 -0.385242 0.779102 0.000000
-0.015827 -0.014457 0.259000 0.754532 0.375247 0.538397 0.000000
-0.008352 -0.013229 0.237000 0.662837 -0.124175 0.738395 0.000000
-0.002721 -0.012950 0.232000 -0.470452 0.385614 -0.793711 0.000000
0.002711 -0.012839 0.230000 0.243600 0.179073 -0.953201 0.000000
0.014623 -0.012392 0.222000 0.680583 0.511015 0.525042 0.000000
0.020181 -0.012280 0.220000 0.120998 0.744252 0.656847 0.000000
0.025989 -0.012336 0.221000 0.434722 0.649791 0.623529 0.000000
0.031642 -0.012113 0.217000 0.082724 0.239704 0.967315 0.000000
0.037598 -0.012225 0.219000 -0.389346 -0.163749 0.906419 0.000000
0.043138 -0.012336 0.221000 -0.150536 -0.168181 0.974194 0.000000
0.048772 -0.012448 0.223000 -0.387479 -0.376184 0.841633 0.000000
0.054984 -0.012671 0.227000 -0.564338 -0.310085 0.765095 0.000000
-0.011656 -0.013260 0.248000 0.800782 0.456220 0.388086 0.000000
-0.004945 -0.012512 0.234000 0.580266 -0.243731 0.777102 0.000000
0.000547 -0.012298 0.230000 -0.238234 0.289011 -0.927209 0.000000
0.006033 -0.012458 0.233000 0.479263 -0.149560 -0.864835 0.000000
0.017515 -0.011710 0.219000 0.339558 0.635732 0.693214 0.000000
0.023911 -0.011817 0.221000 0.198907 0.761001 0.617506 0.000000
0.028712 -0.011656 0.218000 0.271405 0.417527 0.867185 0.000000
0.034351 -0.011656 0.218000 -0.215076 0.086218 0.972784 0.000000
0.040201 -0.011870 0.222000 -0.348923 -0.129367 0.928179 0.000000
0.045421 -0.011870 0.222000 -0.172116 -0.252654 0.952125 0.000000
0.051326 -0.012030 0.225000 -0.506356 -0.424997 0.750321 0.000000
-0.016436 -0.013239 0.259000 0.776049 0.383128 0.500960 0.000000
-0.008947 -0.012166 0.238000 0.718426 -0.070271 0.692045 0.000000
-0.003281 -0.011910 0.233000 0.545621 -0.279576 0.790022 0.000000
0.002170 -0.011757 0.230000 -0.035313 0.118345 -0.992344 0.000000
0.008719 -0.012626 0.247000 0.918624 0.251019 -0.305154 0.000000
0.019060 -0.011195 0.219000 0.203841 0.724030 0.658961 0.000000
0.024320 -0.011246 0.220000 0.200624 0.675145 0.709880 0.000000
0.029225 -0.011144 0.218000 0.183816 0.416842 0.890199 0.000000
0.034351 -0.011144 0.218000 -0.253916 0.081537 0.963783 0.000000
0.040201 -0.011348 0.222000 -0.375959 -0.087321 0.922513 0.000000
0.045421 -0.011348 0.222000 -0.172116 -0.252654 0.952125 0.000000
0.051326 -0.011501 0.225000 -0.482317 -0.434625 0.760573 0.000000
-0.017177 -0.012728 0.261000 0.737266 0.381387 0.557658 0.000000
-0.010236 -0.011801 0.242000 0.923412 -0.017433 0.383414 0.000000
-0.004395 -0.011411 0.234000 0.562030 -0.245619 0.789806 0.000000
0.001088 -0.011216 0.230000 0.262571 -0.097906 0.959933 0.000000
0.006666 -0.011509 0.236000 0.645703 -0.107240 -0.756020 0.000000
0.016116 -0.010777 0.221000 0.689878 0.418391 0.590777 0.000000
0.021023 -0.010631 0.218000 0.191634 0.771300 0.606937 0.000000
0.026269 -0.010680 0.219000 0.241871 0.602827 0.760327 0.000000
0.031132 -0.010582 0.217000 -0.048930 0.310313 0.949374 0.000000
0.038461 -0.010777 0.221000 -0.435224 -0.021747 0.900060 0.000000
0.043658 -0.010777 0.221000 -0.261185 -0.090275 0.961058 0.000000
0.049517 -0.010924 0.224000 -0.473130 -0.435452 0.765852 0.000000
0.055518 -0.011070 0.227000 -0.557669 -0.386174 0.734762 0.000000
-0.011609 -0.011464 0.247000 0.891511 0.196714 0.408059 0.000000
-0.005519 -0.010907 0.235000 0.499025 -0.169169 0.849915 0.000000
0.000007 -0.010768 0.232000 0.403002 -0.220424 0.888258 0.000000
0.005438 -0.010722 0.231000 -0.081434 0.249841 0.964856 0.000000
0.013762 -0.010443 0.225000 0.721544 0.536402 0.437775 0.000000
0.019060 -0.010165 0.219000 0.250773 0.686945 0.682069 0.000000
0.024209 -0.010165 0.219000 0.178194 0.707706 0.683666 0.000000
0.029225 -0.010118 0.218000 0.169572 0.417482 0.892723 0.000000
0.035376 -0.010118 0.218000 -0.285471 0.136141 0.948669 0.000000
0.041767 -0.010304 0.222000 -0.299236 0.030869 0.953680 0.000000
0.046987 -0.010304 0.222000 -0.376659 -0.353953 0.856064 0.000000
0.053383 -0.010536 0.227000 -0.533108 -0.416831 0.736239 0.000000
-0.014440 -0.011280 0.256000 0.784179 0.435967 0.441584 0.000000
-0.007207 -0.010399 0.236000 0.482199 -0.027027 0.875645 0.000000
-0.001637 -0.010267 0.233000 0.452190 -0.309875 0.836362 0.000000
0.003792 -0.010135 0.230000 0.109450 0.127671 0.985759 0.000000
0.010250 -0.010663 0.242000 0.966659 0.020493 -0.255247 0.000000
0.016189 -0.009782 0.222000 0.715374 0.404686 0.569622 0.000000
0.021023 -0.009606 0.218000 0.207058 0.743471 0.635907 0.000000
0.026029 -0.009562 0.217000 0.171965 0.669804 0.722350 0.000000
0.031132 -0.009562 0.217000 -0.096720 0.351688 0.931107 0.000000
0.036568 -0.009650 0.219000 -0.422192 0.170509 0.890326 0.000000
0.042289 -0.009782 0.222000 -0.364172 0.029787 0.930855 0.000000
0.047723 -0.009826 0.223000 -0.457318 -0.384235 0.802012 0.000000
0.053917 -0.010002 0.227000 -0.535544 -0.423090 0.730881 0.000000
-0.012288 -0.010386 0.249000 0.851463 0.220999 0.475573 0.000000
-0.006072 -0.009802 0.235000 0.482199 -0.027027 0.875645 0.000000
-0.000539 -0.009677 0.232000 0.538467 -0.065352 0.840108 0.000000
0.004874 -0.009594 0.230000 0.229093 0.296215 0.927240 0.000000
0.011152 -0.009886 0.237000 0.032305 0.686834 0.726096 0.000000
0.016189 -0.009260 0.222000 0.691819 0.392681 0.605961 0.000000
0.021023 -0.009093 0.218000 0.241653 0.735090 0.633441 0.000000
0.025909 -0.009010 0.216000 0.131507 0.701090 0.700841 0.000000
0.031132 -0.009051 0.217000 -0.094941 0.373292 0.922843 0.000000
0.036568 -0.009135 0.219000 -0.413910 0.227784 0.881359 0.000000
0.042099 -0.009218 0.221000 -0.294364 0.256199 0.920713 0.000000
0.047723 -0.009302 0.223000 -0.430787 -0.330639 0.839702 0.000000
0.054154 -0.009510 0.228000 -0.535544 -0.423090 0.730881 0.000000
-0.012239 -0.009761 0.248000 0.678857 0.479080 0.556448 0.000000
-0.006072 -0.009250 0.235000 0.458611 0.075990 0.885382 0.000000
-0.000539 -0.009132 0.232000 0.518426 -0.017755 0.854938 0.000000
0.004874 -0.009053 0.230000 0.295735 0.385235 0.874148 0.000000
0.012008 -0.009132 0.232000 0.383144 0.610652 0.693041 0.000000
0.017595 -0.008659 0.220000 0.580357 0.443916 0.682734 0.000000
0.022457 -0.008541 0.217000 0.144294 0.740062 0.656877 0.000000
0.027433 -0.008502 0.216000 0.069005 0.643467 0.762358 0.000000
0.032512 -0.008502 0.216000 -0.196050 0.404692 0.893190 0.000000
0.038287 -0.008659 0.220000 -0.416832 0.284881 0.863189 0.000000
0.043658 -0.008699 0.221000 -0.430908 0.188808 0.882422 0.000000
0.049959 -0.008895 0.226000 -0.524534 -0.419873 0.740656 0.000000
0.055763 -0.008974 0.228000 -0.535544 -0.423090 0.730881 0.000000
-0.011468 -0.009030 0.244000 0.880667 -0.001869 0.473732 0.000000
-0.004945 -0.008660 0.234000 -0.226541 0.156169 -0.961400 0.000000
0.000550 -0.008549 0.231000 0.366529 0.073793 0.927476 0.000000
0.005956 -0.008512 0.230000 0.015043 0.537647 0.843036 0.000000
0.012445 -0.008512 0.230000 0.444766 0.671935 0.592188 0.000000
0.017077 -0.008142 0.220000 0.625917 0.400593 0.669143 0.000000
0.022048 -0.008068 0.218000 0.125928 0.727845 0.674080 0.000000
0.027433 -0.007994 0.216000 0.031916 0.640831 0.767018 0.000000
0.032512 -0.007994 0.216000 -0.177673 0.432548 0.883931 0.000000
0.038113 -0.008105 0.219000 -0.462496 0.418236 0.781778 0.000000
0.043658 -0.008179 0.221000 -0.430908 0.188808 0.882422 0.000000
0.049959 -0.008364 0.226000 -0.524534 -0.419873 0.740656 0.000000
-0.017045 -0.008976 0.259000 0.830152 0.346325 0.436929 0.000000
-0.010067 -0.008248 0.238000 0.923819 0.012293 0.382632 0.000000
-0.004395 -0.008110 0.234000 -0.294641 0.239365 -0.925144 0.000000
0.001093 -0.008006 0.231000 0.430279 0.073389 0.899708 0.000000
0.006496 -0.007971 0.230000 0.092063 0.531401 0.842103 0.000000
0.012445 -0.007971 0.230000 0.435344 0.714343 0.547896 0.000000
0.017000 -0.007590 0.219000 0.648208 0.357898 0.672112 0.000000
0.021846 -0.007486 0.216000 0.203467 0.729538 0.652974 0.000000
0.027306 -0.007451 0.215000 -0.021874 0.650687 0.759031 0.000000
0.032512 -0.007486 0.216000 -0.229809 0.434422 0.870899 0.000000
0.037939 -0.007555 0.218000 -0.320183 0.464200 0.825833 0.000000
0.043658 -0.007659 0.221000 -0.431250 0.224006 0.873982 0.000000
0.050181 -0.007867 0.227000 -0.576226 -0.406148 0.709230 0.000000
-0.017045 -0.008367 0.259000 0.838993 0.363797 0.404652 0.000000
-0.008835 -0.007592 0.235000 0.302256 -0.052225 0.951795 0.000000
-0.003295 -0.007560 0.234000 0.377660 -0.246616 0.892499 0.000000
0.002160 -0.007398 0.229000 0.387837 0.406762 0.827120 0.000000
0.007512 -0.007366 0.228000 0.114080 0.756279 0.644226 0.000000
0.013351 -0.007333 0.227000 0.596062 0.573643 0.561822 0.000000
0.017865 -0.007010 0.217000 0.607535 0.441498 0.660288 0.000000
0.022544 -0.006881 0.213000 0.122174 0.728434 0.674135 0.000000
0.028317 -0.006946 0.215000 -0.221195 0.511003 0.830631 0.000000
0.034703 -0.007010 0.217000 -0.238655 0.387090 0.890621 0.000000
0.040874 -0.007107 0.220000 -0.323569 0.501613 0.802301 0.000000
0.046884 -0.007237 0.224000 -0.609890 -0.138926 0.780214 0.000000
0.053315 -0.007398 0.229000 -0.565621 -0.409276 0.715937 0.000000
-0.010537 -0.007069 0.236000 0.844450 0.490592 0.214998 0.000000
-0.004945 -0.007009 0.234000 -0.140361 0.191622 -0.971380 0.000000
0.003237 -0.006860 0.229000 0.411190 0.447816 0.793967 0.000000
0.009614 -0.006800 0.227000 0.160109 0.719007 0.676309 0.000000
0.015525 -0.006590 0.220000 0.714165 0.250677 0.653552 0.000000
0.020228 -0.006440 0.215000 0.676023 0.400012 0.618856 0.000000
0.026551 -0.006380 0.213000 -0.168955 0.506230 0.845687 0.000000
0.033020 -0.006470 0.216000 -0.297469 0.386788 0.872873 0.000000
0.038785 -0.006500 0.217000 -0.253468 0.507757 0.823369 0.000000
0.047093 -0.006740 0.225000 -0.638199 -0.151317 0.754855 0.000000
-0.019255 -0.007066 0.256000 0.776615 0.504281 0.377584 0.000000
-0.009307 -0.006432 0.233000 0.247296 -0.101729 -0.963585 0.000000
-0.003861 -0.006487 0.235000 -0.245488 0.156952 -0.956609 0.000000
0.001622 -0.006321 0.229000 0.492454 0.371094 0.787260 0.000000
0.006915 -0.006238 0.226000 0.276793 0.623572 0.731125 0.000000
0.012229 -0.006238 0.226000 0.447726 0.666545 0.596036 0.000000
0.019631 -0.005907 0.214000 0.748666 0.293889 0.594246 0.000000
0.028688 -0.005907 0.214000 -0.207208 0.481058 0.851849 0.000000
0.034036 -0.005962 0.216000 -0.252857 0.403240 0.879466 0.000000
0.042748 -0.006045 0.219000 -0.585560 0.406566 0.701301 0.000000
0.050623 -0.006321 0.229000 -0.592881 -0.280843 0.754731 0.000000
-0.017840 -0.006389 0.253000 0.714022 0.572815 0.402562 0.000000
-0.009267 -0.005858 0.232000 0.195609 0.757483 0.622861 0.000000
-0.003878 -0.005959 0.236000 -0.383411 0.214774 -0.898258 0.000000
0.001622 -0.005783 0.229000 0.624924 0.265732 0.734068 0.000000
0.006884 -0.005682 0.225000 0.300962 0.597795 0.743009 0.000000
0.012175 -0.005682 0.225000 0.430762 0.552463 0.713603 0.000000
0.017700 -0.005429 0.215000 0.772640 0.272789 0.573248 0.000000
0.022333 -0.005328 0.211000 0.112242 0.384328 0.916348 0.000000
0.027553 -0.005379 0.213000 -0.226099 0.293282 0.928905 0.000000
0.032867 -0.005429 0.215000 -0.270714 0.240399 0.932160 0.000000
0.038099 -0.005454 0.216000 -0.210257 0.449351 0.868260 0.000000
0.046357 -0.005656 0.224000 -0.724206 -0.001476 0.689582 0.000000
-0.020485 -0.005702 0.249000 0.787975 0.599910 0.138576 0.000000
-0.012757 -0.005405 0.236000 0.567597 0.821590 -0.053127 0.000000
-0.006681 -0.005427 0.237000 -0.162401 0.654766 -0.738179 0.000000
0.001088 -0.005267 0.230000 0.687743 0.162814 0.707462 0.000000
0.006355 -0.005153 0.225000 0.290275 0.593288 0.750833 0.000000
0.011594 -0.005130 0.224000 0.422197 0.442325 0.791263 0.000000
0.018537 -0.004878 0.213000 0.696411 0.321976 0.641360 0.000000
0.023325 -0.004832 0.211000 0.052760 0.099574 0.993630 0.000000
0.028554 -0.004878 0.213000 -0.301074 0.214715 0.929114 0.000000
0.033878 -0.004924 0.215000 -0.243861 0.079296 0.966563 0.000000
0.038933 -0.004924 0.215000 -0.215973 0.289884 0.932375 0.000000
0.046357 -0.005130 0.224000 -0.741690 0.033843 0.669888 0.000000
0.053007 -0.005267 0.230000 -0.572502 -0.212813 0.791803 0.000000
-0.016255 -0.005076 0.247000 0.363078 0.479072 0.799165 0.000000
-0.008759 -0.004788 0.233000 0.248598 -0.311322 -0.917212 0.000000
0.010541 -0.004603 0.224000 0.309264 0.469803 0.826826 0.000000
0.015455 -0.004500 0.219000 0.782675 0.178164 0.596387 0.000000
0.020745 -0.004315 0.210000 0.322499 -0.558169 0.764488 0.000000
0.025806 -0.004336 0.211000 -0.335864 0.192230 0.922086 0.000000
0.031059 -0.004377 0.213000 -0.385517 0.184121 0.904144 0.000000
0.036911 -0.004418 0.215000 -0.112948 0.207780 0.971633 0.000000
0.042357 -0.004459 0.217000 -0.595001 0.238274 0.767593 0.000000
0.050084 -0.004706 0.229000 -0.618965 -0.195569 0.760680 0.000000
-0.018503 -0.004477 0.246000 0.560379 0.758869 0.331803 0.000000
-0.009307 -0.004240 0.233000 -0.007283 0.752469 0.658588 0.000000
0.013115 -0.004058 0.223000 0.549659 0.391567 0.737936 0.000000
0.017618 -0.003894 0.214000 0.727958 -0.249264 0.638705 0.000000
0.022227 -0.003822 0.210000 0.203350 -0.598921 0.774559 0.000000
0.027423 -0.003858 0.212000 -0.339017 0.026238 0.940414 0.000000
0.032867 -0.003913 0.215000 -0.283162 -0.016624 0.958928 0.000000
0.037922 -0.003913 0.215000 -0.097463 0.070944 0.992707 0.000000
0.043777 -0.003985 0.219000 -0.717541 0.141851 0.681918 0.000000
0.051925 -0.004185 0.230000 -0.574085 -0.193129 0.795693 0.000000
-0.016427 -0.003819 0.241000 0.449355 0.835229 0.316974 0.000000
-0.008872 -0.003740 0.236000 0.367403 0.842780 -0.393365 0.000000
0.015455 -0.003470 0.219000 0.728189 0.143269 0.670235 0.000000
0.019946 -0.003359 0.212000 0.476597 -0.436901 0.762872 0.000000
0.024813 -0.003344 0.211000 -0.111116 -0.386685 0.915493 0.000000
0.030057 -0.003375 0.213000 -0.385205 -0.273034 0.881515 0.000000
0.036406 -0.003407 0.215000 0.001746 -0.182762 0.983156 0.000000
0.041654 -0.003423 0.216000 -0.447238 0.109987 0.887627 0.000000
0.049329 -0.003613 0.228000 -0.682369 -0.153271 0.714759 0.000000
-0.017488 -0.003239 0.240000 0.481135 0.835765 0.264584 0.000000
-0.011301 -0.003090 0.229000 0.528497 0.814554 0.239152 0.000000
0.014557 -0.002982 0.221000 0.569223 0.232572 0.788603 0.000000
0.019128 -0.002888 0.214000 0.586254 -0.539348 0.604491 0.000000
0.023934 -0.002861 0.212000 0.063121 -0.672713 0.737207 0.000000
0.028919 -0.002861 0.212000 -0.286628 -0.424974 0.858627 0.000000
0.035559 -0.002915 0.216000 -0.021008 -0.289207 0.957036 0.000000
0.040450 -0.002901 0.215000 -0.314196 -0.083748 0.945657 0.000000
0.047622 -0.003036 0.225000 -0.801826 0.029324 0.596837 0.000000
-0.020648 -0.002719 0.244000 0.571179 0.790125 0.222389 0.000000
-0.014116 -0.002574 0.231000 0.609876 0.710882 0.350283 0.000000
-0.009022 -0.002674 0.240000 -0.205745 0.861296 -0.464585 0.000000
0.018291 -0.002407 0.216000 0.518053 -0.395374 0.758485 0.000000
0.023045 -0.002374 0.213000 0.152808 -0.717967 0.679097 0.000000
0.028054 -0.002374 0.213000 -0.258660 -0.486441 0.834548 0.000000
0.033372 -0.002396 0.215000 -0.330915 -0.411323 0.849299 0.000000
0.039439 -0.002396 0.215000 -0.221027 -0.150367 0.963606 0.000000
0.045736 -0.002463 0.221000 -0.767410 0.076902 0.636528 0.000000
-0.022644 -0.002172 0.247000 0.689127 0.696344 0.200522 0.000000
-0.015814 -0.002040 0.232000 0.631471 0.682851 0.367367 0.000000
-0.009667 -0.002128 0.242000 -0.412530 0.824033 -0.388315 0.000000
0.019723 -0.001890 0.215000 0.508361 -0.590700 0.626612 0.000000
0.025166 -0.001882 0.214000 -0.047835 -0.726149 0.685872 0.000000
0.030198 -0.001882 0.214000 -0.256991 -0.486465 0.835049 0.000000
0.035559 -0.001899 0.216000 0.076222 -0.441139 0.894196 0.000000
0.040450 -0.001890 0.215000 -0.274925 -0.231198 0.933254 0.000000
0.047411 -0.001969 0.224000 -0.805668 -0.012020 0.592246 0.000000
-0.020394 -0.001552 0.241000 0.633951 0.725627 0.267528 0.000000
-0.013933 -0.001468 0.228000 0.636377 0.654576 0.408111 0.000000
0.018886 -0.001398 0.217000 0.419995 -0.535701 0.732549 0.000000
0.023767 -0.001385 0.215000 0.163367 -0.778456 0.606067 0.000000
0.028688 -0.001378 0.214000 -0.182507 -0.611789 0.769679 0.000000
0.034036 -0.001391 0.216000 -0.154186 -0.586039 0.795478 0.000000
0.039115 -0.001391 0.216000 -0.117677 -0.507104 0.853814 0.000000
0.044807 -0.001411 0.219000 -0.753634 0.032770 0.656477 0.000000
-0.023806 -0.001010 0.247000 0.794147 0.590600 0.143258 0.000000
-0.014532 -0.000936 0.229000 0.635527 0.651679 0.414029 0.000000
0.020830 -0.000883 0.216000 0.205564 -0.672977 0.710525 0.000000
0.025789 -0.000879 0.215000 -0.020919 -0.731287 0.681749 0.000000
0.030988 -0.000883 0.216000 -0.211300 -0.664661 0.716643 0.000000
0.036234 -0.000887 0.217000 0.044594 -0.567603 0.822094 0.000000
0.041146 -0.000883 0.216000 -0.341586 -0.317164 0.884718 0.000000
0.048151 -0.000920 0.225000 -0.802355 -0.057542 0.594067 0.000000
-0.019498 -0.000412 0.237000 0.743364 0.552415 0.377157 0.000000
-0.013396 -0.000396 0.228000 0.636377 0.654576 0.408111 0.000000
0.021437 -0.000377 0.217000 0.175429 -0.641093 0.747144 0.000000
0.026417 -0.000375 0.216000 -0.041090 -0.719294 0.693490 0.000000
0.031642 -0.000377 0.217000 -0.211464 -0.625682 0.750870 0.000000
0.036744 -0.000377 0.217000 0.027332 -0.649973 0.759465 0.000000
0.041847 -0.000377 0.217000 -0.293881 -0.479418 0.826917 0.000000
0.048897 -0.000393 0.226000 -0.768586 -0.012319 0.639628 0.000000
-0.019416 0.000145 0.236000 0.749560 0.535759 0.388744 0.000000
-0.013455 0.000140 0.229000 0.635527 0.651679 0.414029 0.000000
0.025519 0.000133 0.217000 0.071977 -0.619081 0.782022 0.000000
0.030621 0.000133 0.217000 -0.173075 -0.664626 0.726854 0.000000
0.036053 0.000134 0.219000 -0.065285 -0.729527 0.680829 0.000000
0.040826 0.000133 0.217000 -0.061436 -0.654604 0.753471 0.000000
0.046987 0.000136 0.222000 -0.790489 -0.163980 0.590116 0.000000
-0.023516 0.000723 0.244000 0.954475 0.273257 0.119619 0.000000
-0.016905 0.000688 0.232000 0.666928 0.595530 0.447830 0.000000
0.024099 0.000646 0.218000 0.208770 -0.405581 0.889898 0.000000
0.029091 0.000643 0.217000 -0.105438 -0.635932 0.764508 0.000000
0.034508 0.000649 0.219000 -0.224012 -0.656816 0.720008 0.000000
0.039658 0.000649 0.219000 -0.044805 -0.759655 0.648781 0.000000
0.044807 0.000649 0.219000 -0.495072 -0.550344 0.672328 0.000000
-0.025548 0.001313 0.247000 0.988657 0.150177 0.002256 0.000000
-0.018541 0.001233 0.232000 0.734807 0.540502 0.409776 0.000000
-0.004564 0.001292 0.243000 0.767048 -0.397896 0.503305 0.000000
0.030250 0.001159 0.218000 -0.197233 -0.560761 0.804144 0.000000
0.035700 0.001170 0.220000 -0.255941 -0.695999 0.670880 0.000000
0.040688 0.001164 0.219000 -0.133015 -0.778995 0.612759 0.000000
0.046256 0.001175 0.221000 -0.681852 -0.413721 0.603251 0.000000
-0.024090 0.001871 0.244000 0.954475 0.273257 0.119619 0.000000
-0.017450 0.001779 0.232000 0.696869 0.562874 0.444462 0.000000
0.027687 0.001672 0.218000 -0.147586 -0.455221 0.878062 0.000000
0.032963 0.001679 0.219000 -0.242034 -0.547942 0.800737 0.000000
0.038635 0.001702 0.222000 -0.121915 -0.776484 0.618231 0.000000
0.043263 0.001679 0.219000 -0.168892 -0.750983 0.638357 0.000000
0.050402 0.001748 0.228000 -0.714823 -0.205536 0.668418 0.000000
-0.019801 0.002344 0.234000 0.781160 0.486886 0.390809 0.000000
-0.014865 0.002535 0.253000 -0.265050 0.557430 -0.786778 0.000000
0.032597 0.002204 0.220000 -0.297093 -0.465303 0.833804 0.000000
0.038113 0.002224 0.222000 -0.158197 -0.745616 0.647326 0.000000
0.042943 0.002204 0.220000 -0.121294 -0.777459 0.617127 0.000000
0.049428 0.002264 0.226000 -0.691759 -0.268392 0.670399 0.000000
-0.021081 0.002919 0.236000 0.807880 0.446100 0.385130 0.000000
-0.015674 0.003055 0.247000 0.072942 0.482498 -0.872854 0.000000
0.033631 0.002721 0.220000 -0.434908 -0.502564 0.747184 0.000000
0.039510 0.002771 0.224000 -0.159010 -0.678858 0.716846 0.000000
0.044177 0.002734 0.221000 -0.295738 -0.744825 0.598143 0.000000
0.051161 0.002833 0.229000 -0.686633 -0.259961 0.678937 0.000000
-0.019717 0.003430 0.233000 0.846907 0.358335 0.392867 0.000000
-0.004808 0.003769 0.256000 0.897501 0.065134 0.436175 0.000000
0.039510 0.003298 0.224000 -0.153634 -0.653646 0.741042 0.000000
0.044377 0.003268 0.222000 -0.281387 -0.770236 0.572327 0.000000
0.051161 0.003371 0.229000 -0.617099 -0.323065 0.717508 0.000000
-0.020991 0.004012 0.235000 0.816226 0.405937 0.411084 0.000000
-0.016387 0.004251 0.249000 0.442666 0.179689 -0.878498 0.000000
0.041802 0.003841 0.225000 -0.188207 -0.743763 0.641401 0.000000
0.046674 0.003807 0.223000 -0.413048 -0.690071 0.594301 0.000000
-0.025444 0.004778 0.246000 0.992613 -0.109115 -0.053041 0.000000
-0.017996 0.004506 0.232000 0.815445 0.364822 0.449394 0.000000
-0.001785 0.004934 0.254000 0.880307 -0.059146 0.470703 0.000000
0.042861 0.004371 0.225000 -0.214712 -0.734906 0.643282 0.000000
0.048151 0.004371 0.225000 -0.416041 -0.682988 0.600364 0.000000
-0.024664 0.005313 0.244000 0.995307 -0.096231 -0.010177 0.000000
-0.017601 0.005096 0.234000 0.886233 0.274673 0.373023 0.000000
0.045830 0.004878 0.224000 -0.357372 -0.742957 0.565951 0.000000
0.052466 0.005008 0.230000 -0.418554 -0.419043 0.805739 0.000000
-0.018922 0.005549 0.230000 0.861819 0.263872 0.433174 0.000000
0.045377 0.005477 0.227000 -0.349770 -0.694610 0.628632 0.000000
0.050938 0.005501 0.228000 -0.292054 -0.595304 0.748543 0.000000
-0.018840 0.006064 0.229000 0.861819 0.263872 0.433174 0.000000
-0.009774 0.006884 0.260000 -0.473722 -0.719828 -0.507382 0.000000
0.051161 0.006064 0.229000 -0.134423 -0.617276 0.775178 0.000000
-0.018758 0.006573 0.228000 0.870125 0.247740 0.426037 0.000000
-0.010955 0.007467 0.259000 -0.473722 -0.719828 -0.507382 0.000000
0.050844 0.006631 0.230000 -0.007526 -0.631030 0.775722 0.000000
-0.018758 0.007109 0.228000 0.870125 0.247740 0.426037 0.000000
-0.010913 0.008045 0.258000 -0.473722 -0.719828 -0.507382 0.000000
-0.021177 0.007746 0.231000 0.969475 0.120529 0.213522 0.000000
-0.014162 0.008786 0.262000 -0.439860 -0.773377 -0.456521 0.000000
0.050411 0.007813 0.233000 -0.183538 0.529788 -0.828033 0.000000
-0.018675 0.008146 0.227000 0.926349 0.205511 0.315662 0.000000
-0.012782 0.009294 0.259000 -0.436265 -0.781558 -0.445915 0.000000
0.052055 0.008361 0.233000 -0.319537 0.395308 -0.861178 0.000000
-0.018545 0.010056 0.263000 -0.449834 -0.826528 -0.338379 0.000000
-0.012079 0.009827 0.257000 -0.400437 -0.784985 -0.472704 0.000000
-0.020994 0.009294 0.229000 0.982185 0.103889 0.156587 0.000000
-0.017308 0.010674 0.263000 -0.439881 -0.779121 -0.446627 0.000000
0.049739 0.009538 0.235000 -0.347115 0.336568 -0.875347 0.000000
-0.020366 0.009790 0.228000 0.991662 0.105764 0.073620 0.000000
-0.016010 0.011250 0.262000 -0.439881 -0.779121 -0.446627 0.000000
0.051728 0.010048 0.234000 -0.349127 0.395231 -0.849649 0.000000
-0.019481 0.011730 0.259000 0.550377 0.735294 0.395510 0.000000
-0.013287 0.011640 0.257000 -0.387389 -0.817477 -0.426216 0.000000
0.054246 0.010553 0.233000 -0.422128 0.372733 -0.826364 0.000000
-0.017790 0.012434 0.261000 -0.439881 -0.779121 -0.446627 0.000000
0.049186 0.011196 0.235000 -0.185955 0.220031 -0.957605 0.000000
0.054246 0.011100 0.233000 -0.422128 0.372733 -0.826364 0.000000
-0.018799 0.012898 0.258000 -0.494975 -0.738901 -0.457193 0.000000
0.048081 0.011748 0.235000 -0.185955 0.220031 -0.957605 0.000000
0.053151 0.011648 0.233000 -0.411899 0.368832 -0.833248 0.000000
-0.019004 0.012824 0.245000 0.622245 -0.552070 -0.555005 0.000000
-0.013838 0.013400 0.256000 -0.387389 -0.817477 -0.426216 0.000000
0.052055 0.012196 0.233000 -0.407553 0.354025 -0.841764 0.000000
-0.020178 0.012689 0.232000 0.936240 0.038354 -0.349261 0.000000
-0.015100 0.014057 0.257000 -0.387389 -0.817477 -0.426216 0.000000
0.049863 0.012744 0.233000 -0.278643 0.335390 -0.899929 0.000000
0.055342 0.012744 0.233000 -0.411899 0.368832 -0.833248 0.000000
-0.017769 0.014376 0.252000 -0.262294 -0.905314 -0.334079 0.000000
0.046818 0.013520 0.237000 -0.077031 0.110858 -0.990846 0.000000
0.051507 0.013292 0.233000 -0.322219 0.302819 -0.896926 0.000000
-0.021177 0.013721 0.231000 0.905059 0.082940 -0.417119 0.000000
-0.016584 0.014968 0.252000 -0.239821 -0.899192 -0.365978 0.000000
0.048081 0.013959 0.235000 -0.077031 0.110858 -0.990846 0.000000
0.053151 0.013840 0.233000 -0.407553 0.354025 -0.841764 0.000000
-0.019251 0.014449 0.234000 0.228777 0.497848 -0.836545 0.000000
-0.014158 0.015499 0.251000 -0.246178 -0.892048 -0.379007 0.000000
0.049863 0.014388 0.233000 -0.185955 0.220031 -0.957605 0.000000
0.055342 0.014388 0.233000 -0.407553 0.354025 -0.841764 0.000000
-0.017751 0.015128 0.236000 0.284248 -0.919799 0.270503 0.000000
-0.011609 0.015833 0.247000 -0.249127 -0.880064 -0.404256 0.000000
0.051507 0.014936 0.233000 -0.228033 0.295932 -0.927591 0.000000
-0.020178 0.015417 0.232000 0.421482 -0.572166 0.703547 0.000000
-0.015484 0.016214 0.244000 -0.068354 -0.924089 -0.376014 0.000000
0.048427 0.015550 0.234000 -0.077031 0.110858 -0.990846 0.000000
0.053929 0.015550 0.234000 -0.392442 0.289520 -0.873022 0.000000
-0.018621 0.016031 0.233000 0.485055 -0.644364 0.591200 0.000000
-0.013763 0.016788 0.244000 -0.070936 -0.937611 -0.340372 0.000000
0.051507 0.016031 0.233000 -0.185955 0.220031 -0.957605 0.000000
-0.020813 0.016579 0.233000 0.429387 -0.583346 0.689445 0.000000
-0.015729 0.017006 0.239000 -0.120981 -0.989337 0.081097 0.000000
-0.010320 0.017362 0.244000 -0.245737 -0.898219 -0.364440 0.000000
-0.020902 0.017201 0.234000 0.287530 -0.645004 0.708023 0.000000
-0.015597 0.017421 0.237000 0.299588 -0.943820 -0.139465 0.000000
-0.010278 0.017862 0.243000 -0.209573 -0.893835 -0.396406 0.000000
-0.017601 0.017751 0.234000 0.540841 -0.633339 0.553510 0.000000
-0.012460 0.018282 0.241000 -0.111754 -0.900706 -0.419809 0.000000
-0.030052 0.021273 0.272000 0.782978 0.514228 0.350021 0.000000
-0.018228 0.018379 0.235000 0.359143 -0.606503 0.709346 0.000000
-0.012919 0.018692 0.239000 0.041838 -0.873795 -0.484491 0.000000
-0.032138 0.022476 0.279000 0.782978 0.514228 0.350021 0.000000
-0.018861 0.019012 0.236000 0.075566 -0.600540 0.796016 0.000000
-0.013368 0.019093 0.237000 0.110942 -0.799265 -0.590650 0.000000
-0.033147 0.023381 0.282000 0.782978 0.514228 0.350021 0.000000
-0.020055 0.019650 0.237000 0.134009 -0.637284 0.758888 0.000000
-0.014360 0.019484 0.235000 0.179632 -0.692040 -0.699152 0.000000
-0.008985 0.019816 0.239000 -0.059287 -0.865313 -0.497713 0.000000
-0.021259 0.020293 0.238000 0.175508 -0.631552 0.755208 0.000000
-0.015531 0.020122 0.236000 0.417266 0.390305 0.820701 0.000000
-0.010024 0.020207 0.237000 -0.032148 -0.864463 -0.501668 0.000000
-0.021911 0.020940 0.239000 0.175508 -0.631552 0.755208 0.000000
-0.016086 0.020677 0.236000 0.521250 -0.105355 0.846876 0.000000
-0.010492 0.020590 0.235000 -0.081410 -0.802832 -0.590621 0.000000
-0.026893 0.023391 0.260000 0.793448 0.505529 0.338942 0.000000
-0.017269 0.021322 0.237000 0.431541 -0.339134 0.835919 0.000000
-0.011499 0.020962 0.233000 -0.123479 -0.713307 -0.689888 0.000000
-0.006072 0.021142 0.235000 -0.171394 -0.776861 -0.605897 0.000000
-0.020787 0.022064 0.239000 0.403177 -0.517547 0.754714 0.000000
-0.014849 0.021602 0.234000 0.368495 0.154051 0.916777 0.000000
-0.009307 0.021510 0.233000 -0.051476 -0.779125 -0.624752 0.000000
-0.029279 0.025087 0.265000 0.791088 0.491101 0.364691 0.000000
-0.019101 0.022626 0.239000 0.471275 -0.423964 0.773405 0.000000
-0.013030 0.021869 0.231000 0.463873 0.267080 0.844684 0.000000
-0.007664 0.022058 0.233000 0.059478 -0.743030 -0.666610 0.000000
-0.028440 0.025516 0.263000 0.806464 0.485139 0.338017 0.000000
-0.019181 0.023285 0.240000 0.755310 0.010720 0.655280 0.000000
-0.013030 0.022412 0.231000 0.489461 0.285494 0.823967 0.000000
-0.007631 0.022509 0.232000 -0.009111 -0.722595 -0.691212 0.000000
-0.002175 0.022509 0.232000 -0.418881 -0.557351 -0.716867 0.000000
-0.021706 0.024147 0.243000 0.825087 0.553757 -0.112179 0.000000
-0.015465 0.023352 0.235000 0.505658 0.233574 0.830514 0.000000
-0.009686 0.022756 0.229000 -0.115251 -0.508411 -0.853367 0.000000
-0.004358 0.023054 0.232000 -0.200980 -0.722475 -0.661542 0.000000
-0.027610 0.026550 0.261000 0.805112 0.477200 0.352244 0.000000
-0.019827 0.024515 0.241000 0.806321 -0.009889 0.591396 0.000000
-0.013631 0.023600 0.232000 0.517640 0.370674 0.771136 0.000000
-0.008106 0.023396 0.230000 -0.068493 -0.444668 -0.893073 0.000000
-0.002709 0.023498 0.231000 -0.201698 -0.642410 -0.739342 0.000000
-0.028332 0.027268 0.262000 0.812343 0.471692 0.342936 0.000000
-0.019260 0.025082 0.241000 0.772993 -0.120929 0.622783 0.000000
-0.013086 0.024145 0.232000 0.511526 0.357812 0.781225 0.000000
-0.007565 0.023937 0.230000 -0.016134 -0.465607 -0.884845 0.000000
-0.002157 0.023937 0.230000 -0.202639 -0.592368 -0.779768 0.000000
-0.031971 0.028948 0.272000 0.793478 0.484105 0.368829 0.000000
-0.022736 0.026394 0.248000 0.905916 0.378623 0.189632 0.000000
-0.016154 0.025223 0.237000 0.699464 -0.074088 0.710817 0.000000
-0.010224 0.024372 0.229000 -0.302286 -0.444429 -0.843271 0.000000
-0.004882 0.024584 0.231000 -0.110463 -0.609338 -0.785179 0.000000
0.000545 0.024372 0.229000 -0.275381 -0.624078 -0.731226 0.000000
-0.028332 0.028500 0.262000 0.812343 0.471692 0.342936 0.000000
-0.020648 0.026542 0.244000 0.889245 0.215879 0.403286 0.000000
-0.014299 0.025454 0.234000 0.494060 0.428866 0.756293 0.000000
-0.008647 0.025019 0.230000 -0.072491 -0.394181 -0.916169 0.000000
-0.003238 0.025019 0.230000 -0.182569 -0.596200 -0.781802 0.000000
0.002160 0.024910 0.229000 -0.190275 -0.641352 -0.743279 0.000000
0.056610 0.025671 0.236000 0.008241 0.088714 -0.996023 0.000000
-0.022242 0.027671 0.249000 0.879132 0.414661 0.234913 0.000000
-0.012594 0.025893 0.233000 0.499261 0.316447 0.806598 0.000000
-0.007024 0.025560 0.230000 -0.253313 -0.392391 -0.884229 0.000000
-0.001602 0.025337 0.228000 -0.280992 -0.652041 -0.704192 0.000000
0.003759 0.025337 0.228000 -0.201154 -0.675365 -0.709520 0.000000
0.056055 0.026226 0.236000 -0.061377 0.081903 -0.994749 0.000000
-0.022331 0.028370 0.250000 0.879132 0.414661 0.234913 0.000000
-0.013199 0.026554 0.234000 -0.392138 -0.429935 -0.813255 0.000000
-0.007565 0.026100 0.230000 -0.154447 -0.451951 -0.878571 0.000000
-0.002138 0.025874 0.228000 -0.323535 -0.626142 -0.709416 0.000000
0.003209 0.025760 0.227000 -0.194918 -0.673510 -0.713016 0.000000
0.054390 0.026781 0.236000 -0.099263 0.081541 -0.991715 0.000000
-0.025472 0.029885 0.258000 0.829781 0.470710 0.299825 0.000000
-0.013199 0.027105 0.234000 -0.392138 -0.429935 -0.813255 0.000000
-0.007565 0.026641 0.230000 -0.186688 -0.405892 -0.894650 0.000000
-0.002129 0.026294 0.227000 -0.404764 -0.514709 -0.755805 0.000000
0.003195 0.026178 0.226000 -0.196064 -0.731787 -0.652722 0.000000
0.008471 0.026062 0.225000 -0.050436 -0.637408 -0.768874 0.000000
-0.026893 0.030728 0.260000 0.811225 0.481468 0.331817 0.000000
-0.013749 0.027655 0.234000 -0.396655 -0.408676 -0.821978 0.000000
-0.008106 0.027182 0.230000 -0.034575 -0.409081 -0.911843 0.000000
-0.002662 0.026828 0.227000 0.429804 0.403648 0.807673 0.000000
0.002652 0.026591 0.225000 -0.229264 -0.757182 -0.611648 0.000000
0.007942 0.026591 0.225000 -0.013783 -0.691243 -0.722491 0.000000
0.054945 0.027891 0.236000 -0.113504 0.102030 -0.988285 0.000000
-0.014238 0.028085 0.233000 -0.413056 -0.576004 -0.705411 0.000000
-0.008647 0.027723 0.230000 0.005512 -0.452063 -0.891969 0.000000
-0.003196 0.027361 0.227000 0.454237 0.328291 0.828187 0.000000
0.002123 0.027120 0.225000 -0.234193 -0.747124 -0.622060 0.000000
0.007380 0.027000 0.224000 0.028762 -0.698242 -0.715284 0.000000
0.012760 0.027241 0.226000 0.156159 -0.305501 -0.939300 0.000000
-0.026180 0.031827 0.259000 0.821390 0.468274 0.325636 0.000000
-0.015814 0.028510 0.232000 0.536860 0.570690 0.621365 0.000000
-0.010314 0.028387 0.231000 -0.395605 -0.399575 -0.826944 0.000000
-0.004819 0.028018 0.228000 0.355948 0.338107 0.871197 0.000000
0.000535 0.027649 0.225000 -0.495757 -0.516777 -0.697974 0.000000
0.005774 0.027404 0.223000 -0.086137 -0.685977 -0.722507 0.000000
0.011166 0.027772 0.226000 0.164388 -0.471510 -0.866403 0.000000
0.036877 0.030107 0.245000 0.397610 -0.701207 -0.591789 0.000000
-0.015677 0.028805 0.230000 0.552295 0.641414 0.532502 0.000000
-0.010269 0.028805 0.230000 -0.273861 -0.654404 -0.704810 0.000000
-0.004819 0.028554 0.228000 0.384447 0.312897 0.868502 0.000000
0.000535 0.028178 0.225000 -0.495757 -0.516777 -0.697974 0.000000
0.005748 0.027803 0.222000 -0.044439 -0.615311 -0.787031 0.000000
0.011166 0.028304 0.226000 0.238615 -0.417274 -0.876895 0.000000
0.016553 0.028429 0.227000 0.122129 -0.224497 -0.966791 0.000000
0.054479 0.029306 0.234000 -0.050086 0.129688 -0.990289 0.000000
-0.013455 0.029218 0.229000 -0.317144 -0.767553 -0.557029 0.000000
-0.008070 0.029218 0.229000 0.136127 -0.447821 -0.883700 0.000000
-0.002651 0.028835 0.226000 0.485696 0.288074 0.825296 0.000000
0.002628 0.028452 0.223000 -0.335837 -0.583866 -0.739130 0.000000
0.007836 0.028325 0.222000 0.309098 -0.312355 -0.898272 0.000000
0.013292 0.028835 0.226000 0.204150 -0.363297 -0.909032 0.000000
0.018606 0.028835 0.226000 0.213045 -0.220217 -0.951901 0.000000
0.053379 0.029856 0.234000 -0.005140 0.135092 -0.990820 0.000000
-0.016759 0.029886 0.230000 -0.508169 -0.658213 -0.555446 0.000000
-0.011203 0.029496 0.227000 0.081960 -0.671151 -0.736776 0.000000
-0.005917 0.029756 0.229000 -0.287820 -0.319365 -0.902865 0.000000
-0.000523 0.029237 0.225000 0.576542 0.280073 0.767567 0.000000
0.004683 0.028717 0.221000 -0.102855 -0.559072 -0.822715 0.000000
0.010014 0.029107 0.224000 0.343488 -0.297407 -0.890823 0.000000
0.015417 0.029366 0.226000 0.196241 -0.489089 -0.849871 0.000000
0.020823 0.029496 0.227000 -0.384305 0.126716 0.914469 0.000000
0.052170 0.030666 0.236000 -0.126196 -0.314888 0.940702 0.000000
-0.017300 0.030427 0.230000 -0.508600 -0.658803 -0.554351 0.000000
-0.011153 0.029898 0.226000 0.071254 -0.718812 -0.691543 0.000000
-0.005917 0.030295 0.229000 -0.231972 -0.290891 -0.928209 0.000000
-0.000523 0.029766 0.225000 0.576542 0.280073 0.767567 0.000000
0.004683 0.029236 0.221000 -0.118784 -0.539712 -0.833427 0.000000
0.009969 0.029501 0.223000 0.312058 -0.377283 -0.871939 0.000000
0.015349 0.029766 0.225000 0.178327 -0.555130 -0.812422 0.000000
0.020823 0.030030 0.227000 -0.384305 0.126716 0.914469 0.000000
0.030951 0.031089 0.235000 -0.709748 0.274938 0.648589 0.000000
0.050233 0.031750 0.240000 -0.485030 -0.762459 -0.428255 0.000000
-0.021884 0.032988 0.245000 0.916660 -0.080941 0.391385 0.000000
-0.013810 0.030429 0.226000 -0.326475 -0.645114 -0.690827 0.000000
-0.008000 0.030564 0.227000 0.355123 -0.504929 -0.786724 0.000000
-0.002662 0.030564 0.227000 0.478619 0.168259 0.861750 0.000000
0.002616 0.029891 0.222000 0.421285 0.432027 0.797415 0.000000
0.007801 0.029756 0.221000 0.280107 -0.275276 -0.919654 0.000000
0.013174 0.030160 0.224000 0.112739 -0.541355 -0.833202 0.000000
0.018524 0.030295 0.225000 0.358730 -0.349159 -0.865680 0.000000
0.024238 0.030833 0.229000 0.504463 -0.268219 -0.820716 0.000000
0.030269 0.031506 0.234000 -0.701007 0.261638 0.663427 0.000000
0.037147 0.032718 0.243000 0.480207 -0.696356 -0.533375 0.000000
-0.021795 0.033427 0.244000 0.918235 -0.069620 0.389869 0.000000
-0.014939 0.031098 0.227000 -0.429188 -0.617505 -0.659155 0.000000
-0.009517 0.030824 0.225000 0.261472 -0.527347 -0.808417 0.000000
-0.004301 0.031372 0.229000 0.361426 0.129281 0.923395 0.000000
0.001055 0.030550 0.223000 0.568422 0.318865 0.758434 0.000000
0.006242 0.030276 0.221000 0.231297 -0.272172 -0.934036 0.000000
0.011542 0.030550 0.223000 0.088607 -0.415151 -0.905427 0.000000
0.016861 0.030687 0.224000 0.339554 -0.501695 -0.795616 0.000000
0.022425 0.031098 0.227000 -0.464780 0.166365 0.869657 0.000000
0.028374 0.031783 0.232000 0.662622 -0.293612 -0.689002 0.000000
0.034704 0.032605 0.238000 0.534109 -0.691040 -0.487023 0.000000
0.047016 0.032605 0.238000 -0.479117 -0.762361 -0.435033 0.000000
0.051286 0.031783 0.232000 -0.525351 -0.840855 0.130269 0.000000
-0.016007 0.031631 0.227000 -0.461891 -0.595219 -0.657550 0.000000
-0.010001 0.031213 0.224000 0.226499 -0.527364 -0.818893 0.000000
-0.004840 0.031910 0.229000 0.273028 0.172798 0.946359 0.000000
0.000531 0.031074 0.223000 0.638086 0.169131 0.751160 0.000000
0.005748 0.030935 0.222000 0.172833 -0.245600 -0.953839 0.000000
0.010969 0.030935 0.222000 0.125229 -0.395032 -0.910092 0.000000
0.016262 0.031074 0.223000 0.252335 -0.479112 -0.840701 0.000000
0.021794 0.031492 0.226000 -0.459798 0.196071 0.866107 0.000000
0.027708 0.032189 0.231000 0.642588 -0.347181 -0.683041 0.000000
0.034001 0.033025 0.237000 0.497252 -0.703173 -0.508220 0.000000
0.044403 0.033304 0.239000 -0.300327 -0.754701 -0.583292 0.000000
0.048768 0.032468 0.233000 -0.525351 -0.840855 0.130269 0.000000
-0.018461 0.032732 0.231000 -0.421225 -0.697143 -0.580139 0.000000
-0.012635 0.031740 0.224000 -0.143057 -0.534341 -0.833075 0.000000
-0.007433 0.032024 0.226000 0.463763 -0.170709 -0.869357 0.000000
-0.002129 0.032165 0.227000 0.495993 0.057195 0.866441 0.000000
0.003124 0.031315 0.221000 0.361178 0.369364 0.856225 0.000000
0.008358 0.031457 0.222000 -0.314896 0.100048 0.943839 0.000000
0.013579 0.031457 0.222000 0.012903 -0.420089 -0.907391 0.000000
0.018968 0.031740 0.224000 -0.548604 0.223251 0.805725 0.000000
0.024668 0.032307 0.228000 0.454870 -0.333906 -0.825591 0.000000
0.030819 0.033157 0.234000 0.568688 -0.529662 -0.629327 0.000000
0.037098 0.033866 0.239000 0.395266 -0.773729 -0.495085 0.000000
0.044032 0.033582 0.237000 -0.368725 -0.901515 -0.226521 0.000000
0.048558 0.032874 0.232000 -0.525351 -0.840855 0.130269 0.000000
-0.017149 0.032843 0.228000 -0.461891 -0.595219 -0.657550 0.000000
-0.011581 0.032267 0.224000 -0.036914 -0.462018 -0.886102 0.000000
-0.006399 0.032699 0.227000 0.218176 -0.159086 -0.962856 0.000000
-0.001056 0.032555 0.226000 0.560956 0.063927 0.825373 0.000000
0.004164 0.031835 0.221000 0.093914 0.288021 0.953008 0.000000
0.009403 0.031979 0.222000 -0.175645 0.004419 0.984444 0.000000
0.014557 0.031835 0.221000 -0.107370 0.001478 0.994218 0.000000
0.020111 0.032411 0.225000 0.465832 -0.294122 -0.834562 0.000000
0.025853 0.032987 0.229000 0.443494 -0.385972 -0.808912 0.000000
0.031920 0.033707 0.234000 0.488080 -0.672743 -0.556053 0.000000
0.038222 0.034428 0.239000 0.382605 -0.805709 -0.452158 0.000000
0.044213 0.033851 0.235000 -0.371004 -0.928454 0.018151 0.000000
0.048892 0.033275 0.231000 -0.526575 -0.845020 0.093058 0.000000
-0.017149 0.033379 0.228000 -0.461891 -0.595219 -0.657550 0.000000
-0.011530 0.032647 0.223000 0.050759 -0.266815 -0.962410 0.000000
-0.006399 0.033233 0.227000 0.181609 -0.192169 -0.964411 0.000000
-0.001052 0.032940 0.225000 0.576912 0.059227 0.814656 0.000000
0.004164 0.032354 0.221000 0.170313 0.270256 0.947605 0.000000
0.009445 0.032647 0.223000 -0.175718 -0.141866 0.974165 0.000000
0.014557 0.032354 0.221000 -0.075194 -0.019316 0.996982 0.000000
0.020111 0.032940 0.225000 0.437109 -0.331772 -0.835980 0.000000
0.026392 0.033526 0.229000 0.407500 -0.554405 -0.725658 0.000000
0.032470 0.034258 0.234000 0.475623 -0.706231 -0.524424 0.000000
0.038297 0.034550 0.236000 0.290314 -0.826663 -0.482022 0.000000
0.043846 0.034550 0.236000 -0.371004 -0.928454 0.018151 0.000000
0.048349 0.033818 0.231000 -0.497705 -0.855759 0.141303 0.000000
-0.015865 0.033469 0.225000 0.416698 0.493917 0.763157 0.000000
-0.010528 0.033320 0.224000 0.250015 -0.354069 -0.901181 0.000000
-0.005331 0.033767 0.227000 0.119462 -0.203033 -0.971857 0.000000
0.000006 0.033172 0.223000 0.726945 0.037293 0.685682 0.000000
0.005226 0.033023 0.222000 0.005656 0.232762 0.972517 0.000000
0.010494 0.033172 0.223000 -0.015532 -0.310630 0.950404 0.000000
0.015596 0.032874 0.221000 -0.144070 -0.012356 0.989490 0.000000
0.021357 0.033767 0.227000 0.410797 -0.347060 -0.843087 0.000000
0.028670 0.034213 0.230000 0.516603 -0.631936 -0.577735 0.000000
0.034671 0.034808 0.234000 0.427081 -0.762085 -0.486650 0.000000
0.040345 0.034957 0.235000 0.314965 -0.741932 -0.591890 0.000000
0.046066 0.035105 0.236000 -0.423557 -0.905601 -0.022030 0.000000
-0.017685 0.034451 0.228000 -0.461891 -0.595219 -0.657550 0.000000
-0.012108 0.033847 0.224000 0.066359 0.026147 0.997453 0.000000
-0.006902 0.034149 0.226000 0.387260 -0.237428 -0.890875 0.000000
-0.001588 0.034149 0.226000 0.509422 0.070383 0.857634 0.000000
0.003627 0.033243 0.220000 0.260808 0.225978 0.938570 0.000000
0.008961 0.033847 0.224000 -0.249917 -0.098548 0.963239 0.000000
0.014101 0.033545 0.222000 -0.018065 0.015580 0.999715 0.000000
0.020200 0.034149 0.226000 0.422591 -0.311541 -0.851093 0.000000
0.026812 0.034451 0.228000 0.315758 -0.648667 -0.692480 0.000000
0.035619 0.035207 0.233000 0.445913 -0.753767 -0.482698 0.000000
0.041450 0.035509 0.235000 0.166584 -0.854500 -0.492015 0.000000
-0.015336 0.034527 0.225000 0.365391 0.451750 0.813887 0.000000
-0.010001 0.034374 0.224000 0.283016 -0.231558 -0.930743 0.000000
-0.004819 0.034988 0.228000 0.119462 -0.203033 -0.971857 0.000000
0.000528 0.034067 0.222000 0.696264 0.015363 0.717621 0.000000
0.005723 0.033913 0.221000 -0.269425 0.148136 0.951560 0.000000
0.011067 0.034374 0.224000 -0.019475 -0.071026 0.997284 0.000000
0.016189 0.034067 0.222000 -0.189796 0.014426 0.981717 0.000000
0.021891 0.034834 0.227000 0.330124 -0.427125 -0.841773 0.000000
0.027229 0.034834 0.227000 0.201389 -0.740145 -0.641582 0.000000
0.033140 0.035448 0.231000 0.407859 -0.756076 -0.511861 0.000000
0.039454 0.035755 0.233000 0.320509 -0.737573 -0.594357 0.000000
-0.017074 0.035368 0.227000 -0.448532 -0.535261 -0.715762 0.000000
-0.011581 0.034900 0.224000 -0.077633 -0.022640 0.996725 0.000000
-0.006399 0.035368 0.227000 0.259277 -0.189363 -0.947057 0.000000
-0.001056 0.035212 0.226000 0.518249 0.061364 0.853025 0.000000
0.004126 0.034121 0.219000 0.456999 0.307790 0.834516 0.000000
0.009530 0.035056 0.225000 -0.156687 -0.087613 0.983755 0.000000
0.014688 0.034745 0.223000 -0.025171 -0.066532 0.997467 0.000000
0.020732 0.035212 0.226000 0.348420 -0.368214 -0.861987 0.000000
0.026046 0.035212 0.226000 0.090537 -0.844229 -0.528280 0.000000
0.031637 0.035524 0.228000 0.413481 -0.798820 -0.436944 0.000000
0.037648 0.036147 0.232000 0.258694 -0.793765 -0.550468 0.000000
0.044218 0.037082 0.238000 -0.282836 -0.930150 -0.234147 0.000000
-0.013220 0.035585 0.225000 0.063064 -0.126835 0.989917 0.000000
-0.007965 0.035743 0.226000 0.376281 -0.112549 -0.919644 0.000000
-0.002674 0.036060 0.228000 0.411079 0.050313 0.910210 0.000000
0.002593 0.034794 0.220000 0.552946 0.193650 0.810401 0.000000
0.007836 0.035111 0.222000 0.382282 -0.297864 -0.874721 0.000000
0.013233 0.035585 0.225000 -0.062885 -0.011790 0.997951 0.000000
0.019669 0.035743 0.226000 0.376876 -0.282906 -0.882003 0.000000
0.025514 0.035743 0.226000 0.112696 -0.821475 -0.558998 0.000000
0.031360 0.035743 0.226000 0.435985 -0.764215 -0.475281 0.000000
0.037485 0.036534 0.231000 0.311110 -0.748741 -0.585318 0.000000
0.044218 0.037641 0.238000 -0.282836 -0.930150 -0.234147 0.000000
-0.011633 0.036114 0.225000 -0.000160 -0.097635 0.995222 0.000000
-0.006427 0.036596 0.228000 0.215531 -0.227550 -0.949614 0.000000
-0.001061 0.036435 0.227000 0.469452 0.044588 0.881831 0.000000
0.004126 0.035151 0.219000 0.573200 0.201109 0.794353 0.000000
0.011117 0.036114 0.225000 0.044899 0.006662 0.998969 0.000000
0.020111 0.036114 0.225000 0.291398 -0.292417 -0.910813 0.000000
0.025289 0.035954 0.224000 0.025456 -0.862991 -0.504577 0.000000
0.030556 0.035954 0.224000 0.450269 -0.796376 -0.403786 0.000000
0.036782 0.036917 0.230000 0.424474 -0.746418 -0.512525 0.000000
0.043658 0.038201 0.238000 -0.282836 -0.930150 -0.234147 0.000000
-0.006932 0.036969 0.227000 0.267278 -0.075946 -0.960622 0.000000
0.001060 0.036481 0.224000 0.681978 -0.083002 0.726647 0.000000
0.006157 0.035503 0.218000 0.109152 -0.511762 -0.852165 0.000000
0.020640 0.036643 0.225000 0.143600 -0.446916 -0.882975 0.000000
0.025700 0.036318 0.223000 0.048679 -0.866133 -0.497437 0.000000
0.030805 0.036155 0.222000 0.503405 -0.774831 -0.382387 0.000000
0.037323 0.037458 0.230000 0.514189 -0.702325 -0.492290 0.000000
0.044589 0.039086 0.240000 -0.280888 -0.899472 -0.334740 0.000000
0.002616 0.036677 0.222000 0.710624 0.033691 0.702765 0.000000
0.012704 0.037172 0.225000 0.016626 -0.018799 0.999685 0.000000
0.022030 0.036842 0.223000 -0.174857 -0.714445 -0.677490 0.000000
0.028458 0.036346 0.220000 0.266921 -0.832529 -0.485436 0.000000
0.034701 0.037503 0.227000 0.548791 -0.634453 -0.544332 0.000000
0.041274 0.038659 0.234000 0.241489 -0.798187 -0.551887 0.000000
0.003627 0.036864 0.220000 0.426977 0.252296 0.868353 0.000000
0.012121 0.037534 0.224000 0.115716 -0.190550 -0.974834 0.000000
0.020021 0.037534 0.224000 0.125232 -0.608286 -0.783776 0.000000
0.025354 0.036864 0.220000 0.008068 -0.936055 -0.351760 0.000000
0.032663 0.037534 0.224000 0.483257 -0.724078 -0.492112 0.000000
0.039115 0.038707 0.231000 0.502615 -0.599501 -0.622877 0.000000
0.003644 0.037551 0.221000 -0.233591 -0.584490 -0.777050 0.000000
0.012647 0.038061 0.224000 0.160290 -0.254739 -0.953633 0.000000
0.019932 0.037891 0.223000 0.024588 -0.713014 -0.700719 0.000000
0.025754 0.037211 0.219000 0.067790 -0.952501 -0.296896 0.000000
0.031186 0.037551 0.221000 0.489873 -0.712766 -0.501985 0.000000
0.037864 0.039080 0.230000 0.516741 -0.621965 -0.588335 0.000000
0.003167 0.038587 0.224000 0.585942 0.190234 0.787707 0.000000
0.008133 0.037209 0.216000 0.317869 -0.511837 -0.798112 0.000000
0.018359 0.038415 0.223000 0.056045 -0.578127 -0.814020 0.000000
0.026149 0.037554 0.218000 0.058049 -0.960284 -0.272921 0.000000
0.032663 0.038587 0.224000 0.491909 -0.699936 -0.517798 0.000000
0.039284 0.039966 0.232000 0.444600 -0.628048 -0.638660 0.000000
0.006101 0.037717 0.216000 0.040245 -0.487364 -0.872271 0.000000
0.011439 0.038590 0.221000 0.372459 -0.570212 -0.732210 0.000000
0.019408 0.038939 0.223000 -0.129093 -0.664579 -0.735982 0.000000
0.024498 0.037892 0.217000 -0.042175 -0.971404 -0.233656 0.000000
0.030805 0.038765 0.222000 0.489873 -0.712766 -0.501985 0.000000
0.037161 0.039987 0.229000 0.616184 -0.550781 -0.562990 0.000000
0.005156 0.038756 0.219000 0.092762 -0.619051 -0.779854 0.000000
0.010258 0.038579 0.218000 0.359494 -0.622884 -0.694823 0.000000
0.018359 0.039464 0.223000 0.021192 -0.691093 -0.722455 0.000000
0.022862 0.038225 0.216000 -0.026499 -0.907858 -0.418440 0.000000
0.028588 0.039110 0.221000 0.332266 -0.794185 -0.508792 0.000000
0.034548 0.039995 0.226000 0.562567 -0.579610 -0.589552 0.000000
0.041626 0.041764 0.236000 0.462765 -0.563743 -0.684137 0.000000
0.009746 0.039092 0.218000 0.332574 -0.677665 -0.655870 0.000000
0.015667 0.039809 0.222000 0.188959 -0.639411 -0.745284 0.000000
0.022968 0.038912 0.217000 -0.054711 -0.983246 -0.173882 0.000000
0.029239 0.039809 0.222000 0.467291 -0.636815 -0.613275 0.000000
0.035235 0.040705 0.227000 -0.664304 0.404814 0.628352 0.000000
0.006639 0.039423 0.217000 0.213006 -0.705213 -0.676242 0.000000
0.011850 0.039786 0.219000 0.346442 -0.612844 -0.710211 0.000000
0.017755 0.040331 0.222000 -0.021213 -0.795968 -0.604967 0.000000
0.023988 0.039423 0.217000 0.014805 -0.994220 -0.106335 0.000000
0.030556 0.040694 0.224000 0.521958 -0.689062 -0.502745 0.000000
0.036622 0.041603 0.229000 0.600725 -0.505096 -0.619683 0.000000
0.022561 0.040117 0.218000 -0.016193 -0.972206 -0.233565 0.000000
0.028976 0.041221 0.224000 0.412292 -0.706846 -0.574791 0.000000
0.034701 0.041773 0.227000 -0.664304 0.404814 0.628352 0.000000
0.022664 0.040816 0.219000 -0.011018 -0.965491 -0.260203 0.000000
0.028449 0.041748 0.224000 0.412292 -0.706846 -0.574791 0.000000
0.023802 0.041519 0.220000 0.044327 -0.985620 -0.163060 0.000000
