-0.086956 -0.030982 0.276000 -0.584430 0.077092 -0.807774 0.000000
-0.075648 -0.030870 0.275000 0.001593 0.320377 -0.947289 0.000000
-0.081816 -0.030113 0.274000 -0.362708 0.156198 -0.918719 0.000000
-0.075373 -0.030113 0.274000 -0.063828 0.269397 -0.960912 0.000000
-0.089533 -0.030114 0.280000 0.693152 0.172630 0.699814 0.000000
-0.081468 -0.029576 0.275000 -0.362708 0.156198 -0.918719 0.000000
-0.074729 -0.029469 0.274000 -0.200792 -0.076323 0.976656 0.000000
-0.068535 -0.029576 0.275000 0.253536 0.386056 -0.886950 0.000000
-0.061618 -0.029361 0.273000 -0.425169 -0.220674 0.877801 0.000000
-0.055099 -0.030007 0.279000 -0.592853 -0.338356 0.730781 0.000000
-0.088531 -0.029561 0.281000 0.693152 0.172630 0.699814 0.000000
-0.080175 -0.028930 0.275000 -0.303153 0.171413 -0.937398 0.000000
-0.073440 -0.028825 0.274000 0.227828 0.165661 -0.959505 0.000000
-0.067731 -0.029140 0.277000 0.285344 0.656940 -0.697860 0.000000
-0.060997 -0.029035 0.276000 -0.496261 -0.300594 0.814474 0.000000
-0.053227 -0.029771 0.283000 -0.856854 -0.246659 0.452726 0.000000
-0.110405 -0.026535 0.258000 0.432658 -0.219984 0.874308 0.000000
-0.086549 -0.028900 0.281000 -0.685674 -0.049432 -0.726228 0.000000
-0.078519 -0.028386 0.276000 -0.227698 0.246591 -0.941991 0.000000
-0.071768 -0.028283 0.275000 -0.355426 -0.178442 0.917513 0.000000
-0.066015 -0.028592 0.278000 0.431610 0.507421 -0.745813 0.000000
-0.059692 -0.028695 0.279000 0.491861 0.489789 -0.719847 0.000000
-0.052934 -0.029312 0.285000 -0.932971 -0.100827 0.345542 0.000000
-0.109798 -0.025928 0.258000 0.432658 -0.219984 0.874308 0.000000
-0.087831 -0.028441 0.283000 0.693152 0.172630 0.699814 0.000000
-0.078881 -0.027637 0.275000 -0.300015 0.146180 -0.942668 0.000000
-0.072415 -0.027637 0.275000 -0.306604 -0.144403 0.940820 0.000000
-0.066908 -0.028039 0.279000 0.431610 0.507421 -0.745813 0.000000
-0.057827 -0.028742 0.286000 0.332101 0.850653 -0.407552 0.000000
-0.051816 -0.029144 0.290000 -0.940486 0.152500 -0.303695 0.000000
-0.116139 -0.026205 0.267000 0.734998 0.155087 0.660096 0.000000
-0.106572 -0.025714 0.262000 0.356821 -0.149272 0.922169 0.000000
-0.090107 -0.028070 0.286000 0.561574 0.390238 0.729622 0.000000
-0.080466 -0.027088 0.276000 -0.319058 0.105782 -0.941813 0.000000
-0.072796 -0.026892 0.274000 -0.255414 -0.025279 0.966501 0.000000
-0.067564 -0.027383 0.279000 0.479878 0.527418 -0.701105 0.000000
-0.061213 -0.027775 0.283000 0.377541 0.781575 -0.496592 0.000000
-0.055522 -0.028266 0.288000 0.122879 0.944365 -0.305082 0.000000
-0.130913 -0.027493 0.287000 0.705487 0.202529 0.679169 0.000000
-0.115079 -0.025481 0.266000 0.694278 0.098365 0.712954 0.000000
-0.105523 -0.025290 0.264000 -0.538152 0.786564 0.302835 0.000000
-0.092411 -0.027684 0.289000 0.537651 0.386775 0.749223 0.000000
-0.082653 -0.026726 0.279000 -0.577517 0.069173 -0.813443 0.000000
-0.074729 -0.026247 0.274000 -0.065622 0.020480 0.997634 0.000000
-0.069283 -0.026631 0.278000 -0.576473 -0.031802 0.816497 0.000000
-0.064100 -0.027205 0.284000 0.689588 0.522722 -0.501229 0.000000
-0.058838 -0.027876 0.291000 0.323969 0.943911 -0.063850 0.000000
-0.052174 -0.027972 0.292000 -0.881131 0.145884 -0.449806 0.000000
-0.126873 -0.026538 0.284000 0.735066 0.195302 0.649257 0.000000
-0.108815 -0.024295 0.260000 0.391882 -0.216995 0.894059 0.000000
-0.105135 -0.025323 0.271000 -0.341976 0.934764 -0.096268 0.000000
-0.086138 -0.026538 0.284000 -0.647175 -0.207462 -0.733569 0.000000
-0.076942 -0.025697 0.275000 -0.131667 0.038133 -0.990560 0.000000
-0.070988 -0.025884 0.277000 -0.434481 -0.069150 0.898022 0.000000
-0.065871 -0.026444 0.283000 -0.829683 -0.336561 0.445368 0.000000
-0.061518 -0.027472 0.294000 0.281445 0.955880 -0.084155 0.000000
-0.053862 -0.027098 0.290000 -0.574409 -0.655812 -0.489862 0.000000
-0.131369 -0.026234 0.288000 0.690487 0.218222 0.689642 0.000000
-0.115744 -0.024503 0.269000 0.697400 0.210011 0.685222 0.000000
-0.106165 -0.023775 0.261000 0.205987 -0.300246 0.931355 0.000000
-0.090422 -0.026143 0.287000 0.537651 0.386775 0.749223 0.000000
-0.081341 -0.025414 0.279000 -0.519093 -0.004950 -0.854703 0.000000
-0.073708 -0.025050 0.275000 -0.253956 0.044485 0.966192 0.000000
-0.067439 -0.025870 0.284000 -0.896945 -0.032083 0.440977 0.000000
-0.062421 -0.026872 0.295000 0.267535 0.939687 -0.213102 0.000000
-0.054732 -0.026507 0.291000 0.359282 0.912531 0.195456 0.000000
-0.132505 -0.025646 0.289000 0.682027 0.217448 0.698252 0.000000
-0.120489 -0.024581 0.277000 0.778442 0.017793 0.627464 0.000000
-0.107188 -0.023250 0.262000 0.315956 -0.274647 0.908152 0.000000
-0.091452 -0.025380 0.286000 0.537651 0.386775 0.749223 0.000000
-0.083245 -0.024936 0.281000 -0.595977 -0.063239 -0.800508 0.000000
-0.075547 -0.024581 0.277000 -0.078610 0.084009 -0.993359 0.000000
-0.069781 -0.024847 0.280000 -0.572761 0.175493 0.800717 0.000000
-0.065455 -0.025734 0.290000 -0.187786 0.952558 0.239519 0.000000
-0.060051 -0.026356 0.297000 -0.227030 0.973178 -0.037187 0.000000
-0.053425 -0.026533 0.299000 -0.737973 0.674283 0.027159 0.000000
-0.129112 -0.024707 0.286000 0.719949 0.196586 0.665603 0.000000
-0.115968 -0.023411 0.271000 0.716742 0.024145 0.696920 0.000000
-0.104724 -0.022634 0.262000 0.106898 -0.315094 0.943021 0.000000
-0.089477 -0.024534 0.284000 0.537651 0.386775 0.749223 0.000000
-0.081049 -0.024016 0.278000 -0.380367 -0.058518 -0.922983 0.000000
-0.074244 -0.023930 0.277000 0.195459 0.065188 -0.978543 0.000000
-0.068465 -0.024189 0.280000 -0.687883 0.167804 0.706157 0.000000
-0.061448 -0.025657 0.297000 0.023853 0.993781 -0.108766 0.000000
-0.054281 -0.025571 0.296000 -0.648724 0.760532 -0.027359 0.000000
-0.134106 -0.024455 0.291000 0.658439 0.202924 0.724762 0.000000
-0.121578 -0.023362 0.278000 0.748203 0.052488 0.661390 0.000000
-0.107392 -0.021934 0.261000 0.222006 -0.308409 0.924985 0.000000
-0.102419 -0.022186 0.264000 -0.461860 0.082627 0.883096 0.000000
-0.087831 -0.023782 0.283000 0.537651 0.386775 0.749223 0.000000
-0.079168 -0.023194 0.276000 0.272486 0.218875 0.936934 0.000000
-0.072942 -0.023278 0.277000 -0.406793 0.165858 0.898338 0.000000
-0.067148 -0.023530 0.280000 -0.710689 0.140535 0.689327 0.000000
-0.062844 -0.024959 0.297000 -0.009015 0.998480 -0.054378 0.000000
-0.055296 -0.024707 0.294000 -0.237161 0.963207 -0.126438 0.000000
-0.134106 -0.023770 0.291000 0.658439 0.202924 0.724762 0.000000
-0.120703 -0.022545 0.276000 0.777966 -0.043786 0.626779 0.000000
-0.108420 -0.021402 0.262000 0.251027 -0.318368 0.914127 0.000000
-0.101869 -0.021320 0.261000 -0.055555 -0.234677 0.970485 0.000000
-0.089827 -0.023117 0.283000 0.537651 0.386775 0.749223 0.000000
-0.081409 -0.022627 0.277000 -0.421946 -0.139833 -0.895772 0.000000
-0.074355 -0.022463 0.275000 -0.244940 0.285098 0.926673 0.000000
-0.068382 -0.022627 0.277000 -0.381765 0.075151 0.921199 0.000000
-0.064312 -0.023770 0.291000 -0.099844 0.888143 0.448591 0.000000
-0.056486 -0.023934 0.293000 -0.203852 0.766866 0.608573 0.000000
-0.135253 -0.023166 0.292000 0.651828 0.209188 0.728944 0.000000
-0.121792 -0.021976 0.277000 0.745517 -0.008606 0.666432 0.000000
-0.108420 -0.020786 0.262000 0.239157 -0.354458 0.903971 0.000000
-0.101869 -0.020706 0.261000 -0.055555 -0.234677 0.970485 0.000000
-0.088846 -0.022372 0.282000 0.442391 0.476691 0.759642 0.000000
-0.080466 -0.021896 0.276000 0.422809 0.309058 0.851889 0.000000
-0.073708 -0.021817 0.275000 -0.174965 0.410668 0.894840 0.000000
-0.067731 -0.021976 0.277000 -0.516037 0.163993 0.840721 0.000000
-0.064091 -0.023007 0.290000 -0.674991 0.548128 0.493906 0.000000
-0.057864 -0.023245 0.293000 0.052183 0.709143 0.703131 0.000000
-0.053203 -0.024594 0.310000 -0.795967 0.598396 0.091431 0.000000
-0.128660 -0.021940 0.285000 0.726775 0.166041 0.666505 0.000000
-0.114684 -0.020631 0.268000 0.674772 -0.265734 0.688526 0.000000
-0.105147 -0.020015 0.260000 0.130523 -0.272333 0.953309 0.000000
-0.101573 -0.020785 0.270000 0.908041 0.091145 -0.408845 0.000000
-0.086900 -0.021555 0.280000 0.385379 0.421112 0.821065 0.000000
-0.078595 -0.021093 0.274000 0.262525 0.473346 0.840847 0.000000
-0.072678 -0.021247 0.276000 -0.316873 0.485427 0.814833 0.000000
-0.066428 -0.021324 0.277000 -0.642637 0.322864 0.694821 0.000000
-0.062943 -0.022402 0.291000 -0.426538 0.788437 0.443208 0.000000
-0.055908 -0.022325 0.290000 -0.031925 0.569129 0.821628 0.000000
-0.138030 -0.022016 0.295000 0.641446 0.197406 0.741335 0.000000
-0.123539 -0.020747 0.278000 0.711431 0.077715 0.698445 0.000000
-0.111110 -0.019703 0.264000 0.525045 -0.200562 0.827105 0.000000
-0.103313 -0.019404 0.260000 0.088738 -0.262122 0.960946 0.000000
-0.091174 -0.020971 0.281000 0.169190 0.566994 0.806159 0.000000
-0.083363 -0.020673 0.277000 0.493334 0.421441 0.760926 0.000000
-0.075740 -0.020374 0.273000 0.153096 0.601449 0.784105 0.000000
-0.068785 -0.020598 0.276000 -0.544906 0.529429 0.650217 0.000000
-0.064326 -0.021270 0.285000 -0.782746 0.436159 0.443930 0.000000
-0.058635 -0.021643 0.290000 -0.185368 0.641886 0.744057 0.000000
-0.053956 -0.022837 0.306000 -0.795967 0.598396 0.091431 0.000000
-0.134790 -0.021033 0.291000 0.653697 0.192981 0.731737 0.000000
-0.119154 -0.019588 0.271000 0.769200 -0.129216 0.625807 0.000000
-0.109452 -0.019010 0.263000 0.398758 -0.224021 0.889273 0.000000
-0.101697 -0.018720 0.259000 -0.007051 -0.346305 0.938096 0.000000
-0.092816 -0.020094 0.278000 0.041736 0.621000 0.782699 0.000000
-0.086589 -0.020166 0.279000 0.300950 0.577297 0.759050 0.000000
-0.078308 -0.019732 0.273000 0.304832 0.600320 0.739387 0.000000
-0.072152 -0.019805 0.274000 -0.255850 0.607508 0.751980 0.000000
-0.066428 -0.020022 0.277000 -0.742194 0.468365 0.479357 0.000000
-0.060940 -0.020817 0.288000 -0.457357 0.526921 0.716365 0.000000
-0.054139 -0.021901 0.303000 -0.791793 0.593618 0.143811 0.000000
-0.135940 -0.020419 0.292000 0.646060 0.205504 0.735102 0.000000
-0.120233 -0.019021 0.272000 0.721891 -0.129865 0.679712 0.000000
-0.110071 -0.018391 0.263000 0.438320 -0.355349 0.825592 0.000000
-0.102701 -0.018181 0.260000 -0.002694 -0.306164 0.951975 0.000000
-0.099188 -0.018671 0.267000 0.779468 0.461219 -0.423917 0.000000
-0.088875 -0.019580 0.280000 0.311133 0.610939 0.727977 0.000000
-0.080821 -0.019230 0.275000 0.400502 0.468923 0.787217 0.000000
-0.073544 -0.019021 0.272000 -0.051205 0.692477 0.719621 0.000000
-0.067889 -0.019230 0.275000 -0.596277 0.592072 0.542129 0.000000
-0.063433 -0.019860 0.284000 -0.757032 0.422999 0.497970 0.000000
-0.055137 -0.020000 0.286000 -0.490833 0.376573 0.785669 0.000000
-0.052474 -0.021678 0.310000 -0.791793 0.593618 0.143811 0.000000
-0.130457 -0.019327 0.286000 0.700703 0.168123 0.693362 0.000000
-0.115079 -0.017975 0.266000 0.607974 -0.355525 0.709908 0.000000
-0.107188 -0.017705 0.262000 0.261026 -0.384074 0.885637 0.000000
-0.100642 -0.017638 0.261000 -0.019472 -0.510026 0.859939 0.000000
-0.097566 -0.018449 0.273000 0.781595 0.346722 -0.518549 0.000000
-0.092482 -0.018719 0.277000 -0.029026 0.539775 0.841309 0.000000
-0.086589 -0.018854 0.279000 0.331844 0.626065 0.705636 0.000000
-0.078021 -0.018381 0.272000 0.256506 0.673492 0.693263 0.000000
-0.071362 -0.018313 0.271000 -0.168314 0.781526 0.600740 0.000000
-0.066428 -0.018719 0.277000 -0.725835 0.507567 0.464262 0.000000
-0.061645 -0.019259 0.285000 -0.262800 0.665365 0.698732 0.000000
-0.053980 -0.019395 0.287000 -0.713689 0.345697 0.609214 0.000000
-0.140327 -0.019176 0.294000 0.636247 0.191434 0.747358 0.000000
-0.122852 -0.017937 0.275000 0.628830 -0.062312 0.775042 0.000000
-0.111731 -0.017220 0.264000 0.404496 -0.467861 0.785805 0.000000
-0.104324 -0.017024 0.261000 0.151814 -0.457641 0.876080 0.000000
-0.099315 -0.017220 0.264000 0.672844 0.592188 -0.443390 0.000000
-0.091838 -0.018198 0.279000 0.041736 0.621000 0.782699 0.000000
-0.084666 -0.018068 0.277000 0.322109 0.631023 0.705731 0.000000
-0.076177 -0.017611 0.270000 0.170518 0.733576 0.657868 0.000000
-0.070087 -0.017676 0.271000 -0.186005 0.797356 0.574131 0.000000
-0.065596 -0.018198 0.279000 -0.737428 0.418537 0.530120 0.000000
-0.060094 -0.018524 0.284000 -0.398474 0.482591 0.779952 0.000000
-0.053676 -0.018850 0.289000 -0.669427 0.421964 0.611403 0.000000
-0.139636 -0.018485 0.294000 0.635751 0.192210 0.747580 0.000000
-0.125952 -0.017542 0.279000 0.738431 0.080502 0.669506 0.000000
-0.112777 -0.016662 0.265000 0.475114 -0.489795 0.731004 0.000000
-0.105340 -0.016473 0.262000 0.151802 -0.531128 0.833582 0.000000
-0.099936 -0.016599 0.264000 0.609060 0.639183 -0.469564 0.000000
-0.094057 -0.017228 0.274000 0.605191 0.253969 -0.754482 0.000000
-0.086279 -0.017479 0.278000 0.349238 0.595663 0.723339 0.000000
-0.076812 -0.016976 0.270000 0.156712 0.767444 0.621668 0.000000
-0.070203 -0.016913 0.269000 -0.153298 0.784858 0.600415 0.000000
-0.066015 -0.017479 0.278000 -0.752097 0.484673 0.446589 0.000000
-0.060547 -0.017793 0.283000 -0.435273 0.436223 0.787557 0.000000
-0.054274 -0.017919 0.285000 -0.523423 0.489978 0.697101 0.000000
-0.141710 -0.017794 0.294000 0.635751 0.192210 0.747580 0.000000
-0.130671 -0.017249 0.285000 0.724572 0.148817 0.672941 0.000000
-0.115512 -0.016160 0.267000 0.551392 -0.439162 0.709298 0.000000
-0.108006 -0.015978 0.264000 0.279475 -0.597059 0.751941 0.000000
-0.101027 -0.015857 0.262000 0.057859 0.673533 -0.736889 0.000000
-0.098850 -0.016523 0.273000 0.788823 0.211677 -0.577020 0.000000
-0.082460 -0.016583 0.274000 0.360314 0.640511 0.678173 0.000000
-0.074353 -0.016220 0.268000 -0.035983 0.789381 0.612848 0.000000
-0.068559 -0.016341 0.270000 -0.301568 0.800935 0.517262 0.000000
-0.064514 -0.016946 0.280000 -0.748014 0.359371 0.557968 0.000000
-0.058758 -0.017188 0.284000 -0.369968 0.427547 0.824819 0.000000
-0.053364 -0.017612 0.291000 -0.824247 0.357375 0.439203 0.000000
-0.138686 -0.016986 0.292000 0.635219 0.206722 0.744152 0.000000
-0.125952 -0.016230 0.279000 0.696988 0.029368 0.716481 0.000000
-0.114684 -0.015590 0.268000 0.537288 -0.495260 0.682671 0.000000
-0.106765 -0.015357 0.264000 -0.165976 0.695893 -0.698702 0.000000
-0.100938 -0.015415 0.265000 0.501847 0.743391 -0.442175 0.000000
-0.097634 -0.015997 0.275000 0.599601 0.418926 -0.681894 0.000000
-0.079646 -0.015764 0.271000 0.265828 0.742886 0.614374 0.000000
-0.072192 -0.015532 0.267000 -0.163131 0.776987 0.608013 0.000000
-0.066901 -0.015764 0.271000 -0.469747 0.758818 0.451147 0.000000
-0.063209 -0.016463 0.283000 -0.665385 0.411240 0.623012 0.000000
-0.056755 -0.016521 0.284000 -0.340968 0.444426 0.828388 0.000000
-0.052721 -0.017393 0.299000 -0.881566 0.450625 0.140639 0.000000
-0.136843 -0.016244 0.291000 0.635219 0.206722 0.744152 0.000000
-0.122852 -0.015351 0.275000 0.604101 -0.136918 0.785057 0.000000
-0.113847 -0.015016 0.269000 0.424725 -0.642166 0.638147 0.000000
-0.105523 -0.014736 0.264000 -0.169978 0.725634 -0.666755 0.000000
-0.100820 -0.014960 0.268000 0.580266 0.696032 -0.422884 0.000000
-0.097693 -0.015462 0.277000 0.616481 0.265704 -0.741183 0.000000
-0.083105 -0.015295 0.274000 0.384496 0.618972 0.684862 0.000000
-0.074703 -0.014904 0.267000 -0.048124 0.791672 0.609048 0.000000
-0.068425 -0.014904 0.267000 -0.268894 0.694207 0.667662 0.000000
-0.064940 -0.015574 0.279000 -0.784501 0.428372 0.448392 0.000000
-0.059426 -0.015853 0.284000 -0.349826 0.425452 0.834633 0.000000
-0.053491 -0.016076 0.288000 -0.692172 0.435420 0.575593 0.000000
-0.140060 -0.015613 0.292000 0.612209 0.203889 0.763957 0.000000
-0.129088 -0.015132 0.283000 0.728771 0.082846 0.679727 0.000000
-0.116810 -0.014437 0.270000 0.434497 -0.602188 0.669763 0.000000
-0.109233 -0.014276 0.267000 -0.300370 0.718245 -0.627616 0.000000
-0.102184 -0.014169 0.265000 0.365779 0.793995 -0.485569 0.000000
-0.099574 -0.014704 0.275000 0.362206 0.417344 -0.833445 0.000000
-0.093446 -0.014757 0.276000 -0.236069 0.282483 0.929772 0.000000
-0.077504 -0.014330 0.268000 0.098758 0.817516 0.567376 0.000000
-0.070405 -0.014169 0.265000 -0.254491 0.703715 0.663339 0.000000
-0.065627 -0.014490 0.271000 -0.625331 0.679941 0.382938 0.000000
-0.062097 -0.015185 0.284000 -0.500306 0.433828 0.749325 0.000000
-0.055419 -0.015185 0.284000 -0.432883 0.430760 0.791870 0.000000
-0.051830 -0.016148 0.302000 -0.946753 0.305423 0.101856 0.000000
-0.134078 -0.014722 0.288000 0.624027 0.204128 0.754269 0.000000
-0.120675 -0.013955 0.273000 0.540637 -0.400722 0.739685 0.000000
-0.113419 -0.013853 0.271000 -0.344378 0.681523 -0.645701 0.000000
-0.104677 -0.013546 0.265000 0.048509 0.832380 -0.552078 0.000000
-0.100674 -0.013853 0.271000 0.766380 0.487849 -0.417930 0.000000
-0.096738 -0.014211 0.278000 0.006037 0.300586 0.953736 0.000000
-0.080981 -0.013648 0.267000 0.162671 0.818448 0.551072 0.000000
-0.074144 -0.013546 0.265000 -0.098432 0.786649 0.609503 0.000000
-0.067912 -0.013546 0.265000 -0.285470 0.625973 0.725717 0.000000
-0.064474 -0.014159 0.277000 -0.780916 0.488788 0.388917 0.000000
-0.059426 -0.014517 0.284000 -0.384783 0.457052 0.801901 0.000000
-0.053491 -0.014722 0.288000 -0.751460 0.375627 0.542413 0.000000
-0.140060 -0.014240 0.292000 0.591920 0.199720 0.780860 0.000000
-0.128632 -0.013752 0.282000 0.729628 0.083169 0.678768 0.000000
-0.117675 -0.013264 0.272000 0.403130 -0.570793 0.715319 0.000000
-0.110052 -0.013118 0.269000 -0.294089 0.748361 -0.594532 0.000000
-0.102955 -0.013020 0.267000 0.390617 0.860514 -0.327007 0.000000
-0.099574 -0.013411 0.275000 0.397951 0.605034 -0.689615 0.000000
-0.093785 -0.013508 0.277000 -0.246377 0.214546 0.945129 0.000000
-0.077617 -0.012777 0.262000 -0.148790 0.796035 0.586677 0.000000
-0.072274 -0.012923 0.265000 -0.246747 0.731665 0.635439 0.000000
-0.066292 -0.012972 0.266000 -0.415109 0.572380 0.707153 0.000000
-0.063423 -0.013703 0.281000 -0.606953 0.497132 0.620055 0.000000
-0.057220 -0.013801 0.283000 -0.386522 0.437527 0.811893 0.000000
-0.052352 -0.014288 0.293000 -0.900624 0.331476 0.281071 0.000000
-0.135223 -0.013414 0.289000 0.615401 0.166644 0.770397 0.000000
-0.122650 -0.012810 0.276000 0.563665 -0.255374 0.785536 0.000000
-0.115319 -0.012718 0.274000 -0.296579 0.674675 -0.675910 0.000000
-0.106492 -0.012439 0.268000 -0.145161 0.771427 -0.619540 0.000000
-0.101685 -0.012625 0.272000 0.530485 0.729759 -0.431321 0.000000
-0.096738 -0.012903 0.278000 0.025917 0.176686 0.983926 0.000000
-0.076413 -0.012068 0.260000 -0.287248 0.743041 0.604465 0.000000
-0.071381 -0.012253 0.264000 -0.370821 0.646893 0.666349 0.000000
-0.065667 -0.012346 0.266000 -0.441686 0.534959 0.720231 0.000000
-0.062762 -0.013042 0.281000 -0.546767 0.513841 0.661070 0.000000
-0.056555 -0.013135 0.283000 -0.391689 0.488633 0.779627 0.000000
-0.051664 -0.013599 0.293000 -0.944635 0.260709 0.199236 0.000000
-0.132937 -0.012646 0.287000 0.633589 0.143437 0.760257 0.000000
-0.120473 -0.012073 0.274000 0.401770 -0.340943 0.849905 0.000000
-0.113614 -0.012029 0.273000 -0.245708 0.720632 -0.648318 0.000000
-0.105624 -0.011853 0.269000 0.001894 0.773277 -0.634066 0.000000
-0.100585 -0.012161 0.276000 0.321372 0.489147 -0.810836 0.000000
-0.094436 -0.012205 0.277000 -0.187635 0.166478 0.968028 0.000000
-0.074866 -0.011500 0.261000 -0.414937 0.734651 0.536763 0.000000
-0.069518 -0.011633 0.264000 -0.330465 0.526329 0.783435 0.000000
-0.064030 -0.011765 0.267000 -0.621271 0.435392 0.651503 0.000000
-0.061213 -0.012470 0.283000 -0.443942 0.539589 0.715373 0.000000
-0.054751 -0.012514 0.284000 -0.551482 0.365854 0.749678 0.000000
-0.138896 -0.012138 0.291000 0.580539 0.197344 0.789956 0.000000
-0.127515 -0.011721 0.281000 0.678363 0.019346 0.734472 0.000000
-0.118326 -0.011471 0.275000 -0.214440 0.448643 -0.867603 0.000000
-0.109595 -0.011304 0.271000 -0.312853 0.658970 -0.684019 0.000000
-0.099647 -0.011554 0.277000 0.004149 0.028438 -0.999587 0.000000
-0.092797 -0.011512 0.276000 -0.264384 0.144944 0.953463 0.000000
-0.074612 -0.010762 0.258000 -0.690885 0.521147 0.501082 0.000000
-0.069518 -0.011012 0.264000 -0.330465 0.526329 0.783435 0.000000
-0.063790 -0.011095 0.266000 -0.605590 0.399106 0.688459 0.000000
-0.059670 -0.011763 0.282000 -0.456121 0.543036 0.705029 0.000000
-0.053604 -0.011888 0.285000 -0.651560 0.362168 0.666561 0.000000
-0.137054 -0.011414 0.290000 0.604895 0.176877 0.776413 0.000000
-0.125295 -0.010982 0.279000 0.567105 -0.131247 0.813121 0.000000
-0.117033 -0.010824 0.275000 -0.200325 0.485506 -0.850972 0.000000
-0.108958 -0.010667 0.271000 -0.316606 0.643692 -0.696721 0.000000
-0.097340 -0.010863 0.276000 0.004574 0.034712 0.999387 0.000000
-0.077864 -0.009801 0.249000 -0.523131 -0.793349 0.311339 0.000000
-0.074033 -0.010076 0.256000 -0.858897 0.318299 0.401226 0.000000
-0.069518 -0.010391 0.264000 -0.368632 0.461981 0.806650 0.000000
-0.063551 -0.010430 0.265000 -0.541889 0.267071 0.796887 0.000000
-0.060119 -0.011060 0.281000 -0.457723 0.558025 0.692169 0.000000
-0.053893 -0.011139 0.283000 -0.594173 0.350441 0.723982 0.000000
-0.138418 -0.010733 0.290000 0.604895 0.176877 0.776413 0.000000
-0.127515 -0.010400 0.281000 0.641149 0.004005 0.767406 0.000000
-0.118756 -0.010214 0.276000 -0.173673 0.373489 -0.911232 0.000000
-0.111046 -0.010103 0.273000 -0.260792 0.663031 -0.701696 0.000000
-0.101601 -0.010251 0.277000 0.077095 0.279824 0.956951 0.000000
-0.093714 -0.010103 0.273000 0.445019 0.707277 0.549288 0.000000
-0.076968 -0.009178 0.248000 -0.490419 -0.742358 0.456501 0.000000
-0.073431 -0.009474 0.256000 -0.890840 0.286134 0.352890 0.000000
-0.068277 -0.009770 0.264000 -0.391031 0.308357 0.867185 0.000000
-0.062539 -0.009844 0.266000 -0.622118 0.148282 0.768753 0.000000
-0.058798 -0.010400 0.281000 -0.432638 0.499161 0.750774 0.000000
-0.052934 -0.010548 0.285000 -0.760247 0.258458 0.596006 0.000000
-0.135902 -0.010016 0.289000 0.618460 0.148939 0.771573 0.000000
-0.124193 -0.009635 0.278000 0.506482 -0.068522 0.859524 0.000000
-0.116581 -0.009600 0.277000 -0.169270 0.354597 -0.919570 0.000000
-0.108081 -0.009427 0.272000 -0.162598 0.682381 -0.712684 0.000000
-0.103555 -0.009600 0.277000 0.414298 0.521990 -0.745576 0.000000
-0.095640 -0.009461 0.273000 0.578999 0.630975 0.516363 0.000000
-0.078400 -0.008560 0.247000 -0.435147 -0.819392 0.373153 0.000000
-0.073768 -0.008699 0.251000 -0.791717 -0.417138 0.446296 0.000000
-0.069874 -0.009115 0.263000 -0.402798 0.324743 0.855743 0.000000
-0.063932 -0.009150 0.264000 -0.558505 0.063425 0.827073 0.000000
-0.060348 -0.009565 0.276000 -0.720083 0.549210 0.424085 0.000000
-0.054834 -0.009739 0.281000 -0.627517 0.418357 0.656658 0.000000
-0.139782 -0.009369 0.290000 0.599951 0.183075 0.778809 0.000000
-0.130212 -0.009175 0.284000 0.670404 0.080853 0.737578 0.000000
-0.120054 -0.008916 0.276000 0.172957 -0.290381 0.941151 0.000000
-0.113153 -0.008884 0.275000 0.276072 -0.402056 0.873003 0.000000
-0.106687 -0.008884 0.275000 0.229684 0.670394 -0.705561 0.000000
-0.101314 -0.008981 0.278000 0.140432 0.468683 0.872132 0.000000
-0.089322 -0.008464 0.262000 0.062833 0.849082 0.524511 0.000000
-0.075496 -0.007980 0.247000 -0.490419 -0.742358 0.456501 0.000000
-0.071578 -0.008335 0.258000 -0.874534 0.216439 0.433987 0.000000
-0.067035 -0.008529 0.264000 -0.514917 0.155282 0.843059 0.000000
-0.061749 -0.008658 0.268000 -0.790914 0.003944 0.611915 0.000000
-0.057723 -0.009013 0.279000 -0.625831 0.545832 0.557138 0.000000
-0.052447 -0.009240 0.286000 -0.882089 0.188874 0.431562 0.000000
-0.136582 -0.008657 0.289000 0.631771 0.129553 0.764252 0.000000
-0.125295 -0.008357 0.279000 0.573576 0.026390 0.818727 0.000000
-0.118310 -0.008327 0.278000 0.189149 -0.152567 0.970024 0.000000
-0.110566 -0.008238 0.275000 -0.119780 0.328764 -0.936785 0.000000
-0.104479 -0.008268 0.276000 0.349452 0.367194 -0.862005 0.000000
-0.096214 -0.008118 0.271000 0.378392 0.830789 0.408177 0.000000
-0.079884 -0.007429 0.248000 -0.360919 -0.841266 0.402503 0.000000
-0.074351 -0.007459 0.249000 -0.537544 -0.717217 0.443449 0.000000
-0.070911 -0.007788 0.260000 -0.772705 0.186310 0.606808 0.000000
-0.066043 -0.007938 0.265000 -0.533375 0.073643 0.842667 0.000000
-0.060940 -0.008088 0.270000 -0.861690 0.035815 0.506170 0.000000
-0.056614 -0.008387 0.280000 -0.685431 0.378416 0.622082 0.000000
-0.051459 -0.008627 0.288000 -0.957034 0.037352 0.287559 0.000000
-0.134287 -0.007922 0.287000 0.640769 0.119671 0.758349 0.000000
-0.123539 -0.007674 0.278000 0.406668 -0.065549 0.911222 0.000000
-0.117002 -0.007674 0.278000 -0.141614 0.202674 -0.968952 0.000000
-0.109273 -0.007591 0.275000 0.224988 -0.231398 0.946486 0.000000
-0.103555 -0.007646 0.277000 -0.083768 0.268527 0.959623 0.000000
-0.087276 -0.007066 0.256000 -0.066950 0.952163 -0.298167 0.000000
-0.078400 -0.006818 0.247000 -0.301997 -0.825611 0.476618 0.000000
-0.073768 -0.006928 0.251000 -0.738658 -0.533678 0.411792 0.000000
-0.069956 -0.007204 0.261000 -0.736925 0.053609 0.673845 0.000000
-0.064797 -0.007315 0.265000 -0.559889 -0.035963 0.827787 0.000000
-0.060113 -0.007508 0.272000 -0.867440 -0.194409 0.457988 0.000000
-0.055297 -0.007729 0.280000 -0.751486 0.227056 0.619447 0.000000
-0.050627 -0.008033 0.291000 -0.983347 -0.072420 0.166684 0.000000
-0.131341 -0.007197 0.285000 0.659652 0.081600 0.747128 0.000000
-0.120489 -0.006995 0.277000 0.077365 0.149820 0.985682 0.000000
-0.113976 -0.006995 0.277000 0.192851 -0.146446 0.970238 0.000000
-0.106687 -0.006944 0.275000 0.048660 0.412160 0.909811 0.000000
-0.099491 -0.006894 0.273000 0.340303 0.887162 0.311669 0.000000
-0.083467 -0.006313 0.250000 -0.047366 -0.869456 0.491735 0.000000
-0.076658 -0.006237 0.247000 -0.490419 -0.742358 0.456501 0.000000
-0.072571 -0.006389 0.253000 -0.793245 -0.462587 0.395950 0.000000
-0.068992 -0.006616 0.262000 -0.604869 -0.050974 0.794692 0.000000
-0.063551 -0.006692 0.265000 -0.597411 -0.086704 0.797235 0.000000
-0.059266 -0.006919 0.274000 -0.885762 -0.157081 0.436750 0.000000
-0.053980 -0.007071 0.280000 -0.826941 0.090973 0.554881 0.000000
-0.139580 -0.006664 0.291000 0.608444 0.171797 0.774779 0.000000
-0.128632 -0.006458 0.282000 0.636831 0.022893 0.770663 0.000000
-0.119187 -0.006343 0.277000 0.077365 0.149820 0.985682 0.000000
-0.112673 -0.006343 0.277000 0.270156 -0.114903 0.955936 0.000000
-0.105010 -0.006275 0.274000 0.374966 0.114795 -0.919904 0.000000
-0.095330 -0.006069 0.265000 0.721224 0.183610 0.667924 0.000000
-0.081304 -0.005656 0.247000 -0.211014 -0.889488 0.405321 0.000000
-0.076108 -0.005702 0.249000 -0.490419 -0.742358 0.456501 0.000000
-0.071945 -0.005840 0.255000 -0.748994 -0.543360 0.379167 0.000000
-0.067656 -0.006046 0.264000 -0.539959 -0.107933 0.834742 0.000000
-0.062147 -0.006114 0.267000 -0.736314 -0.259385 0.624949 0.000000
-0.057752 -0.006321 0.276000 -0.900936 -0.108591 0.420145 0.000000
-0.052748 -0.006504 0.284000 -0.858632 -0.029989 0.511715 0.000000
-0.130880 -0.005836 0.284000 0.649509 0.100099 0.753736 0.000000
-0.120054 -0.005672 0.276000 0.035561 0.246209 0.968564 0.000000
-0.114387 -0.005713 0.278000 0.147705 0.008103 0.988998 0.000000
-0.106299 -0.005630 0.274000 0.024687 0.302064 0.952968 0.000000
-0.096212 -0.005425 0.264000 0.720747 0.245412 0.648303 0.000000
-0.082800 -0.005096 0.248000 -0.131585 -0.885048 0.446514 0.000000
-0.076968 -0.005096 0.248000 -0.357421 -0.803543 0.475992 0.000000
-0.072858 -0.005219 0.254000 -0.775209 -0.530261 0.343328 0.000000
-0.068992 -0.005384 0.262000 -0.622563 -0.118153 0.773599 0.000000
-0.063790 -0.005466 0.266000 -0.676024 -0.294029 0.675676 0.000000
-0.059050 -0.005610 0.273000 -0.840854 -0.311768 0.442455 0.000000
-0.054173 -0.005774 0.281000 -0.790497 -0.100355 0.604188 0.000000
-0.132011 -0.005186 0.285000 0.652685 0.111597 0.749365 0.000000
-0.121352 -0.005023 0.276000 0.029160 0.286340 0.957684 0.000000
-0.115695 -0.005059 0.278000 0.231649 0.252871 0.939359 0.000000
-0.107587 -0.004986 0.274000 0.242209 0.439355 0.865044 0.000000
-0.091490 -0.004659 0.256000 0.210000 -0.876702 0.432774 0.000000
-0.082800 -0.004513 0.248000 -0.084603 -0.878096 0.470946 0.000000
-0.076968 -0.004513 0.248000 -0.357421 -0.803543 0.475992 0.000000
-0.073145 -0.004640 0.255000 -0.727312 -0.579878 0.367095 0.000000
-0.068992 -0.004768 0.262000 -0.637798 -0.145401 0.756354 0.000000
-0.064030 -0.004859 0.267000 -0.705611 -0.314261 0.635101 0.000000
-0.059050 -0.004968 0.273000 -0.843067 -0.308439 0.440573 0.000000
-0.054366 -0.005132 0.282000 -0.790497 -0.100355 0.604188 0.000000
-0.132011 -0.004516 0.285000 0.649509 0.100099 0.753736 0.000000
-0.121352 -0.004374 0.276000 0.196317 0.209760 0.957842 0.000000
-0.115279 -0.004389 0.277000 0.182603 0.428213 0.885037 0.000000
-0.106017 -0.004279 0.270000 0.244269 0.483548 0.840544 0.000000
-0.090418 -0.004009 0.253000 0.071074 -0.921160 0.382640 0.000000
-0.082800 -0.003930 0.248000 -0.062140 -0.865410 0.497196 0.000000
-0.077279 -0.003946 0.249000 -0.357421 -0.803543 0.475992 0.000000
-0.073431 -0.004057 0.256000 -0.691022 -0.597966 0.406110 0.000000
-0.068992 -0.004152 0.262000 -0.606949 -0.205948 0.767592 0.000000
-0.064030 -0.004231 0.267000 -0.684918 -0.348460 0.639893 0.000000
-0.059266 -0.004342 0.274000 -0.842287 -0.337707 0.420127 0.000000
-0.054366 -0.004469 0.282000 -0.809458 -0.199977 0.552075 0.000000
-0.132681 -0.003846 0.285000 0.649509 0.100099 0.753736 0.000000
-0.122001 -0.003725 0.276000 0.196317 0.209760 0.957842 0.000000
-0.115093 -0.003711 0.275000 0.184612 0.419231 0.888912 0.000000
-0.106652 -0.003644 0.270000 0.468519 0.361676 0.806027 0.000000
-0.094730 -0.003441 0.255000 0.402890 -0.697494 0.592606 0.000000
-0.087342 -0.003387 0.251000 0.045136 -0.905310 0.422347 0.000000
-0.080792 -0.003360 0.249000 -0.283943 -0.844036 0.454950 0.000000
-0.076742 -0.003441 0.255000 -0.590752 -0.770289 0.240140 0.000000
-0.071856 -0.003495 0.259000 -0.597769 -0.569817 0.563897 0.000000
-0.067289 -0.003576 0.265000 -0.649596 -0.225200 0.726161 0.000000
-0.060752 -0.003671 0.272000 -0.847171 -0.315387 0.427589 0.000000
-0.055955 -0.003779 0.280000 -0.839682 -0.306539 0.448296 0.000000
-0.051487 -0.003941 0.292000 -0.854029 -0.380541 0.354716 0.000000
-0.123746 -0.003087 0.277000 0.317576 0.235563 0.918507 0.000000
-0.115963 -0.003053 0.274000 0.127718 0.514316 0.848037 0.000000
-0.108321 -0.003020 0.271000 0.547905 0.479405 0.685544 0.000000
-0.092203 -0.002819 0.253000 0.078999 -0.867375 0.491344 0.000000
-0.085913 -0.002808 0.252000 0.017806 -0.911083 0.411839 0.000000
-0.079987 -0.002808 0.252000 -0.260903 -0.857613 0.443204 0.000000
-0.075825 -0.002875 0.258000 -0.407881 -0.723973 0.556324 0.000000
-0.070840 -0.002920 0.262000 -0.518788 -0.361886 0.774531 0.000000
-0.065914 -0.002975 0.267000 -0.717332 -0.291673 0.632742 0.000000
-0.059482 -0.003064 0.275000 -0.839937 -0.348882 0.415677 0.000000
-0.054751 -0.003165 0.284000 -0.809960 -0.448568 0.377826 0.000000
-0.129036 -0.002462 0.280000 0.618642 0.125671 0.775557 0.000000
-0.118954 -0.002391 0.272000 -0.157925 0.765331 0.623962 0.000000
-0.112972 -0.002400 0.273000 0.302997 0.531718 0.790866 0.000000
-0.096306 -0.002251 0.256000 0.458002 -0.642092 0.614778 0.000000
-0.089581 -0.002233 0.254000 0.064609 -0.882398 0.466046 0.000000
-0.082950 -0.002216 0.252000 -0.018140 -0.912992 0.407573 0.000000
-0.078553 -0.002260 0.257000 -0.261619 -0.886912 0.380712 0.000000
-0.073638 -0.002295 0.261000 -0.414270 -0.585316 0.696983 0.000000
-0.068536 -0.002330 0.265000 -0.632289 -0.241125 0.736253 0.000000
-0.063245 -0.002365 0.269000 -0.735450 -0.340389 0.585875 0.000000
-0.058824 -0.002444 0.278000 -0.848268 -0.369003 0.379840 0.000000
-0.053980 -0.002523 0.287000 -0.780018 -0.559514 0.280205 0.000000
-0.123050 -0.001765 0.274000 0.097785 0.725503 0.681236 0.000000
-0.114905 -0.001739 0.270000 0.026578 0.937022 0.348258 0.000000
-0.104446 -0.001713 0.266000 0.181614 0.703602 0.686994 0.000000
-0.093393 -0.001630 0.253000 0.074985 -0.811195 0.579948 0.000000
-0.088480 -0.001649 0.256000 0.036015 -0.824633 0.564521 0.000000
-0.082139 -0.001642 0.255000 -0.033864 -0.919054 0.392675 0.000000
-0.077636 -0.001675 0.260000 -0.209642 -0.773770 0.597772 0.000000
-0.072072 -0.001687 0.262000 -0.351057 -0.283297 0.892469 0.000000
-0.066918 -0.001713 0.266000 -0.690773 -0.291382 0.661762 0.000000
-0.062031 -0.001752 0.272000 -0.823858 -0.343571 0.450796 0.000000
-0.058090 -0.001829 0.284000 -0.801736 -0.542382 0.251081 0.000000
-0.052860 -0.001881 0.292000 -0.623241 -0.653338 0.429790 0.000000
-0.119154 -0.001108 0.271000 -0.118509 0.760309 0.638659 0.000000
-0.111533 -0.001096 0.268000 0.291675 0.919690 0.262860 0.000000
-0.104446 -0.001088 0.266000 0.079390 0.810425 0.580439 0.000000
-0.090888 -0.001047 0.256000 0.030384 -0.823543 0.566439 0.000000
-0.084869 -0.001047 0.256000 -0.042993 -0.842803 0.536502 0.000000
-0.080081 -0.001063 0.260000 -0.186996 -0.725585 0.662238 0.000000
-0.074536 -0.001071 0.262000 -0.218540 -0.571391 0.791045 0.000000
-0.068898 -0.001080 0.264000 -0.529349 -0.204600 0.823364 0.000000
-0.064115 -0.001104 0.270000 -0.737306 -0.337812 0.585032 0.000000
-0.059692 -0.001141 0.279000 -0.812029 -0.480397 0.331403 0.000000
-0.055607 -0.001194 0.292000 -0.629940 -0.697230 0.342120 0.000000
-0.049909 -0.001223 0.299000 -0.397295 0.715079 -0.575168 0.000000
-0.113828 -0.000462 0.266000 0.187760 0.940868 0.281983 0.000000
-0.108787 -0.000468 0.269000 0.012520 0.991307 0.130972 0.000000
-0.099033 -0.000452 0.260000 0.559256 -0.536387 0.632077 0.000000
-0.092205 -0.000448 0.258000 0.074397 -0.795801 0.600970 0.000000
-0.086472 -0.000450 0.259000 -0.094099 -0.701653 0.706278 0.000000
-0.081003 -0.000454 0.261000 -0.192802 -0.690013 0.697646 0.000000
-0.075439 -0.000457 0.263000 -0.129924 -0.467697 0.874288 0.000000
-0.069518 -0.000459 0.264000 -0.436382 -0.208547 0.875259 0.000000
-0.064750 -0.000469 0.270000 -0.739827 -0.309148 0.597564 0.000000
-0.059426 -0.000494 0.284000 -0.815878 -0.537532 0.213078 0.000000
-0.054605 -0.000511 0.294000 -0.547754 -0.667764 0.504040 0.000000
-0.048665 -0.000521 0.300000 -0.392530 0.679148 -0.620225 0.000000
-0.116767 0.000164 0.267000 0.218115 0.953148 0.209607 0.000000
-0.110489 0.000164 0.267000 0.376001 0.922997 -0.081849 0.000000
-0.103430 0.000163 0.265000 0.347148 -0.310217 0.885016 0.000000
-0.094998 0.000159 0.259000 0.447054 -0.631017 0.634003 0.000000
-0.059040 0.000179 0.292000 -0.651368 -0.723724 0.227911 0.000000
-0.053067 0.000182 0.297000 0.323561 0.726695 -0.605989 0.000000
-0.121790 0.000792 0.267000 0.438516 0.710264 0.550663 0.000000
-0.114214 0.000783 0.264000 0.260996 0.852379 0.453135 0.000000
-0.109643 0.000795 0.268000 0.219122 0.955732 -0.196374 0.000000
-0.059646 0.000875 0.295000 -0.535524 -0.815928 0.217888 0.000000
-0.053425 0.000886 0.299000 -0.386879 0.766256 -0.513008 0.000000
-0.123210 0.001414 0.266000 0.457127 0.595500 0.660617 0.000000
-0.116516 0.001409 0.265000 0.260325 0.798950 0.542135 0.000000
-0.110701 0.001414 0.266000 0.457925 0.888165 -0.038302 0.000000
-0.056989 0.001611 0.303000 -0.097797 0.859516 -0.501666 0.000000
-0.049371 0.001595 0.300000 -0.577207 0.639755 -0.507490 0.000000
-0.119008 0.002032 0.265000 0.341729 0.638304 0.689775 0.000000
-0.111926 0.002017 0.263000 0.458963 0.876297 0.146479 0.000000
-0.059185 0.002354 0.307000 -0.422764 0.741909 -0.520425 0.000000
-0.050782 0.002300 0.300000 -0.524984 0.646202 -0.553909 0.000000
-0.121334 0.002665 0.266000 0.454088 0.588375 0.669043 0.000000
-0.113349 0.002625 0.262000 0.486241 0.749036 0.450017 0.000000
-0.060826 0.003086 0.308000 0.277615 0.920096 -0.276320 0.000000
-0.052540 0.003026 0.302000 -0.489639 0.603396 -0.629418 0.000000
-0.122585 0.003291 0.266000 0.458549 0.514646 0.724480 0.000000
-0.114581 0.003241 0.262000 0.247749 0.528489 0.811985 0.000000
-0.112558 0.003365 0.272000 0.149499 -0.912865 0.379905 0.000000
-0.053779 0.003773 0.305000 -0.604944 0.409870 -0.682678 0.000000
-0.124767 0.003945 0.268000 0.250956 0.654050 0.713610 0.000000
-0.115813 0.003857 0.262000 0.274798 0.447937 0.850787 0.000000
-0.114256 0.004019 0.273000 0.151488 -0.869097 0.470873 0.000000
-0.056119 0.004564 0.310000 -0.724235 0.313942 -0.613941 0.000000
-0.047254 0.004417 0.300000 -0.634579 0.434406 -0.639218 0.000000
-0.117492 0.004490 0.263000 0.358193 0.467190 0.808351 0.000000
-0.115540 0.004661 0.273000 0.217009 0.913570 -0.343944 0.000000
-0.056300 0.005310 0.311000 -0.720666 0.295914 -0.626957 0.000000
-0.047412 0.005139 0.301000 -0.558094 0.365384 -0.745000 0.000000
-0.119180 0.005128 0.264000 0.439836 0.417472 0.795149 0.000000
-0.115968 0.005264 0.271000 0.634232 0.542117 -0.551234 0.000000
-0.057398 0.006080 0.313000 -0.717923 0.313256 -0.621657 0.000000
-0.048120 0.005847 0.301000 -0.542233 0.270957 -0.795340 0.000000
-0.121334 0.005792 0.266000 0.435273 0.468298 0.768918 0.000000
-0.116377 0.005858 0.269000 0.434957 0.892230 0.121403 0.000000
-0.058505 0.006859 0.315000 -0.675293 0.308794 -0.669795 0.000000
-0.048828 0.006555 0.301000 -0.542233 0.270957 -0.795340 0.000000
-0.121959 0.006418 0.266000 0.441437 0.346629 0.827636 0.000000
-0.117009 0.006490 0.269000 0.127685 0.814569 0.565839 0.000000
-0.118914 0.006973 0.289000 0.313713 0.932704 -0.177897 0.000000
-0.056662 0.007552 0.313000 -0.747563 0.294383 -0.595389 0.000000
-0.047412 0.007262 0.301000 -0.607264 0.236215 -0.758573 0.000000
-0.119801 0.006990 0.264000 0.503717 0.232552 0.831979 0.000000
-0.120047 0.007388 0.279000 0.967982 -0.076091 0.239210 0.000000
-0.118368 0.007705 0.291000 -0.224536 -0.724157 -0.652058 0.000000
-0.060920 0.008367 0.316000 -0.636076 0.318174 -0.702974 0.000000
-0.051459 0.008050 0.304000 -0.648459 0.173497 -0.741215 0.000000
-0.124929 0.007698 0.267000 0.572965 0.199198 0.795004 0.000000
-0.116873 0.007582 0.263000 0.584204 0.247431 0.772971 0.000000
-0.122894 0.008418 0.292000 -0.330685 -0.710916 -0.620682 0.000000
-0.114836 0.008332 0.289000 0.458850 -0.361672 0.811573 0.000000
-0.066132 0.008447 0.293000 -0.925593 -0.372150 -0.069151 0.000000
-0.061468 0.009081 0.315000 -0.011442 0.678119 -0.734863 0.000000
-0.052517 0.008822 0.306000 -0.725987 0.137276 -0.673868 0.000000
-0.126497 0.008388 0.269000 0.696168 0.061185 0.715267 0.000000
-0.117045 0.008170 0.262000 0.584204 0.247431 0.772971 0.000000
-0.123581 0.009105 0.292000 -0.330685 -0.710916 -0.620682 0.000000
-0.116315 0.009074 0.291000 -0.272297 -0.476895 -0.835718 0.000000
-0.099299 0.008388 0.269000 0.598858 -0.378542 0.705744 0.000000
-0.091245 0.008232 0.264000 0.213629 -0.535791 0.816878 0.000000
-0.084716 0.008201 0.263000 -0.049944 -0.449369 0.891949 0.000000
-0.067034 0.009261 0.297000 -0.901063 -0.362399 -0.238229 0.000000
-0.062209 0.009822 0.315000 -0.011442 0.678119 -0.734863 0.000000
-0.053410 0.009573 0.307000 -0.686104 0.158226 -0.710088 0.000000
-0.045138 0.009354 0.300000 -0.693792 0.038456 -0.719148 0.000000
-0.117212 0.008752 0.261000 0.696141 0.235547 0.678163 0.000000
-0.123842 0.009758 0.291000 0.417176 0.668197 0.616017 0.000000
-0.117401 0.009792 0.292000 -0.272297 -0.476895 -0.835718 0.000000
-0.102160 0.009222 0.275000 0.627268 -0.379007 0.680359 0.000000
-0.091866 0.008853 0.264000 0.225531 -0.486065 0.844320 0.000000
-0.085658 0.008853 0.264000 0.011263 -0.442227 0.896833 0.000000
-0.068417 0.010060 0.300000 -0.838244 -0.522094 -0.157366 0.000000
-0.064840 0.010630 0.317000 -0.787814 -0.608165 0.097387 0.000000
-0.055757 0.010328 0.308000 -0.752930 0.256938 -0.605871 0.000000
-0.047412 0.010093 0.301000 -0.692823 0.031101 -0.720437 0.000000
-0.118439 0.009366 0.261000 0.627189 0.165739 0.761029 0.000000
-0.123920 0.010335 0.288000 0.651154 0.683180 0.330549 0.000000
-0.119181 0.010514 0.293000 -0.263284 -0.604939 -0.751486 0.000000
-0.109992 0.010299 0.287000 0.734894 -0.187808 0.651659 0.000000
-0.094166 0.009581 0.267000 0.334395 -0.491565 0.804079 0.000000
-0.087229 0.009509 0.265000 0.119151 -0.468194 0.875555 0.000000
-0.070526 0.010873 0.303000 -0.126394 0.971785 -0.199146 0.000000
-0.066540 0.011411 0.318000 0.740130 0.395601 -0.543790 0.000000
-0.057391 0.011088 0.309000 -0.719608 0.173903 -0.672252 0.000000
-0.048990 0.010837 0.302000 -0.672672 0.067862 -0.736822 0.000000
-0.119053 0.009980 0.261000 0.628105 0.081077 0.773893 0.000000
-0.123299 0.010897 0.285000 0.674794 0.607662 0.418809 0.000000
-0.119461 0.011165 0.292000 -0.298607 -0.729322 -0.615568 0.000000
-0.111438 0.011050 0.289000 0.603669 0.272290 0.749294 0.000000
-0.093888 0.010247 0.268000 0.301998 -0.450536 0.840128 0.000000
-0.075513 0.011585 0.303000 -0.352854 0.892930 -0.279591 0.000000
-0.069743 0.011815 0.309000 -0.139532 -0.987278 -0.076240 0.000000
-0.064701 0.012235 0.320000 0.345059 0.226774 -0.910773 0.000000
-0.053956 0.011700 0.306000 -0.737778 0.087802 -0.669309 0.000000
-0.045996 0.011509 0.301000 -0.744658 -0.087092 -0.661739 0.000000
-0.117938 0.010715 0.264000 0.724574 0.094818 0.682644 0.000000
-0.123581 0.011851 0.292000 0.417176 0.668197 0.616017 0.000000
-0.115915 0.011770 0.290000 -0.288784 -0.526527 -0.799608 0.000000
-0.107215 0.011567 0.285000 0.647705 0.275509 0.710333 0.000000
-0.094239 0.010918 0.269000 0.321076 -0.336779 0.885149 0.000000
-0.087281 0.010918 0.269000 0.213976 -0.373667 0.902545 0.000000
-0.071224 0.012420 0.306000 -0.013005 -0.994192 0.106836 0.000000
-0.066959 0.012988 0.320000 0.345059 0.226774 -0.910773 0.000000
-0.057577 0.012582 0.310000 -0.635061 -0.118716 -0.763285 0.000000
-0.049152 0.012298 0.303000 -0.695355 -0.013926 -0.718532 0.000000
-0.120125 0.011250 0.262000 0.742504 0.082837 0.664700 0.000000
-0.122664 0.012109 0.282000 0.678072 0.678339 0.282975 0.000000
-0.120148 0.012538 0.292000 -0.330685 -0.710916 -0.620682 0.000000
-0.109992 0.012323 0.287000 0.555495 0.405353 0.726026 0.000000
-0.100006 0.011937 0.278000 0.709046 0.113977 0.695891 0.000000
-0.089771 0.011465 0.267000 0.268007 -0.363344 0.892274 0.000000
-0.076035 0.013225 0.308000 0.214876 -0.972756 -0.087028 0.000000
-0.069016 0.013268 0.309000 0.432129 -0.863587 -0.259772 0.000000
-0.063749 0.013697 0.319000 -0.654818 -0.022371 -0.755455 0.000000
-0.053956 0.013139 0.306000 -0.725724 -0.011342 -0.687893 0.000000
-0.045996 0.012924 0.301000 -0.712746 -0.157116 -0.683599 0.000000
-0.117661 0.011866 0.262000 0.809639 0.104240 0.577597 0.000000
-0.124268 0.013225 0.292000 -0.417176 -0.668197 -0.616017 0.000000
-0.110282 0.012953 0.286000 0.532308 0.472823 0.702202 0.000000
-0.101022 0.012636 0.279000 0.603464 0.267807 0.751073 0.000000
-0.089477 0.012138 0.268000 0.305374 -0.256533 0.917027 0.000000
-0.078970 0.014085 0.311000 0.284101 -0.944554 -0.164634 0.000000
-0.070505 0.013859 0.306000 -0.318448 0.942276 -0.103472 0.000000
-0.065999 0.014447 0.319000 -0.354506 0.259466 -0.898333 0.000000
-0.056848 0.014040 0.310000 -0.739628 -0.147794 -0.656587 0.000000
-0.048439 0.013723 0.303000 -0.698504 -0.180517 -0.692464 0.000000
-0.119053 0.012434 0.261000 0.765084 -0.020376 0.643608 0.000000
-0.123732 0.013625 0.286000 0.674794 0.607662 0.418809 0.000000
-0.106463 0.013482 0.283000 0.523607 0.645098 0.556493 0.000000
-0.096282 0.013006 0.273000 0.544494 0.449608 0.708081 0.000000
-0.079098 0.012720 0.267000 -0.056018 -0.325325 0.943942 0.000000
-0.076261 0.014578 0.306000 0.338922 -0.938597 -0.064550 0.000000
-0.068840 0.014531 0.305000 -0.423423 0.865266 -0.268379 0.000000
-0.063949 0.015245 0.320000 -0.354506 0.259466 -0.898333 0.000000
-0.054132 0.014626 0.307000 -0.673194 -0.194263 -0.713492 0.000000
-0.045996 0.014340 0.301000 -0.723710 -0.205588 -0.658769 0.000000
-0.117661 0.013098 0.262000 0.990074 0.116540 0.078557 0.000000
-0.123842 0.014548 0.291000 -0.417176 -0.668197 -0.616017 0.000000
-0.099287 0.013798 0.276000 0.570307 0.401566 0.716586 0.000000
-0.088240 0.013498 0.270000 0.171226 0.030066 0.984773 0.000000
-0.077215 0.013348 0.267000 -0.370790 -0.419605 0.828520 0.000000
-0.078676 0.015348 0.307000 0.291167 -0.954985 -0.056784 0.000000
-0.070061 0.015048 0.301000 -0.522092 0.829440 -0.198619 0.000000
-0.063949 0.015998 0.320000 -0.891148 0.414314 0.184931 0.000000
-0.054485 0.015448 0.309000 -0.841851 -0.112965 -0.527755 0.000000
-0.045844 0.014998 0.300000 -0.678001 -0.246576 -0.692470 0.000000
-0.118893 0.013714 0.262000 0.865645 -0.106060 0.489295 0.000000
-0.124350 0.015127 0.289000 0.417176 0.668197 0.616017 0.000000
-0.094939 0.014185 0.271000 0.472932 0.273571 0.837552 0.000000
-0.078176 0.013924 0.266000 -0.222625 -0.355749 0.907679 0.000000
-0.074517 0.015651 0.299000 -0.032550 -0.976814 -0.211599 0.000000
-0.065912 0.016488 0.315000 0.759615 -0.531477 -0.374856 0.000000
-0.058877 0.016593 0.317000 -0.738538 -0.017407 -0.673987 0.000000
-0.048990 0.015808 0.302000 -0.734621 -0.250604 -0.630500 0.000000
-0.131087 0.015096 0.276000 0.187940 -0.348529 -0.918263 0.000000
-0.118385 0.014494 0.265000 0.716858 -0.271124 0.642344 0.000000
-0.122311 0.015807 0.289000 -0.417176 -0.668197 -0.616017 0.000000
-0.089435 0.014549 0.266000 0.177756 -0.051187 0.982742 0.000000
-0.066324 0.016956 0.310000 0.783618 -0.530561 -0.323184 0.000000
-0.060939 0.017503 0.320000 -0.743554 -0.083319 -0.663465 0.000000
-0.050577 0.016573 0.303000 -0.672076 -0.338460 -0.658604 0.000000
-0.133998 0.015859 0.278000 0.911981 0.280562 -0.299290 0.000000
-0.120421 0.015060 0.264000 0.568159 -0.349103 0.745200 0.000000
-0.122866 0.016201 0.284000 -0.038892 -0.877113 -0.478707 0.000000
-0.088809 0.015174 0.266000 0.071564 0.019733 0.997241 0.000000
-0.075959 0.015232 0.267000 -0.515320 -0.406879 0.754252 0.000000
-0.064297 0.018141 0.318000 -0.849873 0.517171 0.101242 0.000000
-0.055926 0.017856 0.313000 -0.814437 -0.245017 -0.525985 0.000000
-0.046394 0.017057 0.299000 -0.758607 -0.334316 -0.559239 0.000000
-0.129493 0.016275 0.274000 0.333398 -0.293604 0.895903 0.000000
-0.118559 0.015681 0.264000 0.205534 -0.458519 0.864590 0.000000
-0.119948 0.016928 0.285000 -0.160132 -0.870807 -0.464814 0.000000
-0.077842 0.015859 0.267000 -0.478645 -0.308014 0.822208 0.000000
-0.073172 0.016216 0.273000 -0.802512 -0.069434 0.592583 0.000000
-0.063549 0.018889 0.318000 -0.849873 0.517171 0.101242 0.000000
-0.054661 0.018413 0.310000 -0.785463 -0.356026 -0.506254 0.000000
-0.045385 0.017641 0.297000 -0.800147 -0.298595 -0.520198 0.000000
-0.128378 0.016858 0.273000 0.381389 -0.328302 0.864153 0.000000
-0.118385 0.016364 0.265000 0.224981 -0.550596 0.803883 0.000000
-0.119772 0.017475 0.283000 -0.046265 -0.938991 -0.340816 0.000000
-0.065075 0.019204 0.311000 0.528461 -0.838796 -0.130961 0.000000
-0.059063 0.019636 0.318000 -0.748684 -0.025348 -0.662442 0.000000
-0.048341 0.018401 0.298000 -0.663335 -0.440449 -0.604973 0.000000
-0.132385 0.017692 0.276000 0.393977 -0.421410 0.816821 0.000000
-0.121334 0.017051 0.266000 0.370331 -0.539488 0.756180 0.000000
-0.119838 0.017756 0.277000 -0.150444 -0.925851 -0.346650 0.000000
-0.064866 0.019871 0.310000 0.453350 -0.887758 -0.079752 0.000000
-0.058877 0.020320 0.317000 -0.756560 -0.140749 -0.638597 0.000000
-0.048179 0.019038 0.297000 -0.622223 -0.556927 -0.550155 0.000000
-0.130781 0.018208 0.274000 0.446192 -0.335235 0.829777 0.000000
-0.120254 0.017610 0.265000 0.478096 -0.501213 0.721256 0.000000
-0.119187 0.018407 0.277000 -0.200781 -0.919021 -0.339247 0.000000
-0.064238 0.020401 0.307000 0.453538 -0.867586 -0.203957 0.000000
-0.058691 0.020999 0.316000 -0.753205 -0.230974 -0.615900 0.000000
-0.047854 0.019603 0.295000 -0.686633 -0.576378 -0.443083 0.000000
-0.131426 0.018852 0.274000 0.447294 -0.438860 0.779314 0.000000
-0.121790 0.018371 0.267000 0.425981 -0.528973 0.733981 0.000000
-0.118107 0.018783 0.273000 -0.151682 -0.988318 -0.014864 0.000000
-0.064457 0.020504 0.298000 0.556361 -0.825423 -0.095596 0.000000
-0.060920 0.021742 0.316000 -0.756560 -0.140749 -0.638597 0.000000
-0.050274 0.020435 0.297000 -0.643012 -0.588841 -0.489695 0.000000
-0.131588 0.019425 0.273000 0.529011 -0.424701 0.734694 0.000000
-0.122876 0.019070 0.268000 0.472371 -0.480073 0.739186 0.000000
-0.117444 0.019212 0.270000 0.588531 -0.796891 -0.136367 0.000000
-0.112742 0.019497 0.274000 0.033249 -0.876464 -0.480319 0.000000
-0.061751 0.021987 0.309000 0.376085 -0.913662 -0.154214 0.000000
-0.052192 0.021347 0.300000 -0.675566 -0.518525 -0.524159 0.000000
-0.132872 0.020067 0.273000 0.529011 -0.424701 0.734694 0.000000
-0.125526 0.019920 0.271000 0.311847 -0.605083 0.732548 0.000000
-0.117835 0.019700 0.268000 0.260478 -0.361508 0.895245 0.000000
-0.113198 0.019994 0.272000 0.050744 -0.849954 -0.524408 0.000000
-0.062146 0.021831 0.297000 0.519140 -0.846171 -0.120365 0.000000
-0.057391 0.022714 0.309000 -0.653197 -0.576015 -0.491467 0.000000
-0.045679 0.021317 0.290000 -0.840432 -0.539081 0.055375 0.000000
-0.127268 0.020633 0.272000 0.363567 -0.396801 0.842833 0.000000
-0.119095 0.020330 0.268000 0.423160 -0.399657 0.813148 0.000000
-0.113635 0.020482 0.270000 0.210247 -0.709092 -0.673041 0.000000
-0.108081 0.020633 0.272000 0.021708 -0.697046 -0.716698 0.000000
-0.058736 0.022833 0.301000 0.060023 -0.954933 -0.290689 0.000000
-0.048574 0.022075 0.291000 -0.800505 -0.599312 0.004010 0.000000
-0.129662 0.021351 0.273000 0.445196 -0.369257 0.815751 0.000000
-0.121889 0.021117 0.270000 0.561692 -0.054885 0.825524 0.000000
-0.114684 0.020960 0.268000 0.260382 -0.533942 -0.804430 0.000000
-0.109595 0.021195 0.271000 0.142292 -0.754676 -0.640482 0.000000
-0.061152 0.022603 0.289000 0.538700 -0.838130 -0.085681 0.000000
-0.056277 0.023697 0.303000 -0.430891 -0.546694 -0.717954 0.000000
-0.046881 0.022603 0.289000 -0.853731 -0.500862 0.142411 0.000000
-0.127736 0.021993 0.273000 0.404091 -0.396088 0.824515 0.000000
-0.118465 0.021590 0.268000 0.401714 -0.261865 0.877526 0.000000
-0.112163 0.021590 0.268000 0.170014 -0.640113 -0.749233 0.000000
-0.107047 0.021832 0.271000 0.077430 -0.657405 -0.749549 0.000000
-0.063433 0.022879 0.284000 0.402995 -0.881408 -0.246405 0.000000
-0.057754 0.023282 0.289000 0.473893 -0.872735 -0.117297 0.000000
-0.052721 0.024088 0.299000 -0.670856 -0.532116 -0.516532 0.000000
-0.130781 0.022718 0.274000 0.525636 -0.416721 0.741654 0.000000
-0.123431 0.022552 0.272000 0.488146 -0.221085 0.844296 0.000000
-0.114454 0.022055 0.266000 -0.074485 0.341322 0.936990 0.000000
-0.109419 0.022303 0.269000 0.235876 -0.620582 -0.747824 0.000000
-0.103477 0.022386 0.270000 0.152681 -0.289579 -0.944898 0.000000
-0.068220 0.023133 0.279000 0.482936 -0.777997 -0.401862 0.000000
-0.062544 0.023464 0.283000 0.400651 -0.879523 -0.256744 0.000000
-0.056482 0.023713 0.286000 0.363931 -0.828399 -0.425805 0.000000
-0.131426 0.023362 0.274000 0.525636 -0.416721 0.741654 0.000000
-0.124983 0.023362 0.274000 0.186323 -0.333940 0.923996 0.000000
-0.115079 0.022680 0.266000 -0.057471 0.162591 0.985018 0.000000
-0.109643 0.022851 0.268000 0.273193 -0.598118 -0.753406 0.000000
-0.104112 0.023021 0.270000 0.167200 -0.290906 -0.942029 0.000000
-0.097039 0.022851 0.268000 0.388929 0.026573 0.920885 0.000000
-0.069685 0.023618 0.277000 -0.664617 0.515096 0.541258 0.000000
-0.063400 0.023703 0.278000 0.428487 -0.854595 -0.293370 0.000000
-0.057477 0.023959 0.281000 -0.633093 0.719296 0.286019 0.000000
-0.133683 0.024182 0.276000 0.569276 -0.467961 0.675971 0.000000
-0.127654 0.024269 0.277000 0.480765 -0.427342 0.765665 0.000000
-0.116330 0.023306 0.266000 0.113492 -0.050504 0.992255 0.000000
-0.110075 0.023306 0.266000 0.222841 -0.518136 -0.825758 0.000000
-0.105382 0.023656 0.270000 0.358063 -0.425443 -0.831137 0.000000
-0.098299 0.023481 0.268000 0.392925 0.021449 0.919320 0.000000
-0.091311 0.023306 0.266000 0.244101 0.281621 0.927957 0.000000
-0.072530 0.023919 0.273000 -0.621499 0.421735 0.660211 0.000000
-0.066595 0.024094 0.275000 0.316232 -0.904102 -0.287397 0.000000
-0.060348 0.024182 0.276000 0.435548 -0.888103 -0.146871 0.000000
-0.054834 0.024620 0.281000 -0.555509 0.579943 0.595882 0.000000
-0.132037 0.025011 0.278000 0.574792 -0.487159 0.657487 0.000000
-0.123243 0.024561 0.273000 0.480160 -0.263246 0.836749 0.000000
-0.113828 0.023931 0.266000 0.024078 0.197995 0.979907 0.000000
-0.107573 0.023931 0.266000 0.258539 -0.570884 -0.779262 0.000000
-0.102842 0.024291 0.270000 0.143963 -0.288776 -0.946511 0.000000
-0.095421 0.024021 0.267000 0.433021 0.143032 0.889963 0.000000
-0.088475 0.023841 0.265000 0.040071 0.350725 0.935621 0.000000
-0.078134 0.024111 0.268000 -0.480317 0.476936 0.736089 0.000000
-0.072904 0.024471 0.272000 0.532529 -0.555752 -0.638398 0.000000
-0.066508 0.024471 0.272000 0.156168 -0.901849 -0.402840 0.000000
-0.060113 0.024471 0.272000 0.542281 -0.817991 -0.191890 0.000000
-0.054902 0.025011 0.278000 -0.883364 0.436172 0.171530 0.000000
-0.132691 0.025664 0.278000 0.606764 -0.473065 0.638786 0.000000
-0.124339 0.025295 0.274000 0.317535 -0.315150 0.894344 0.000000
-0.114454 0.024557 0.266000 0.120176 0.011057 0.992691 0.000000
-0.108199 0.024557 0.266000 0.283963 -0.534753 -0.795867 0.000000
-0.103477 0.024926 0.270000 0.308101 -0.350819 -0.884308 0.000000
-0.096049 0.024649 0.267000 0.495946 0.113007 0.860969 0.000000
-0.088762 0.024372 0.264000 0.064310 0.401018 0.913810 0.000000
-0.082867 0.024464 0.265000 -0.218779 0.405810 0.887386 0.000000
-0.077504 0.024741 0.268000 0.489677 -0.539089 -0.685273 0.000000
-0.071999 0.025018 0.271000 0.376159 -0.685548 -0.623320 0.000000
-0.065142 0.024833 0.269000 0.121788 -0.945203 -0.302917 0.000000
-0.056896 0.025387 0.275000 -0.860371 0.451928 0.235635 0.000000
-0.054675 0.028249 0.306000 -0.804899 -0.300622 -0.511629 0.000000
-0.125895 0.026129 0.276000 0.446882 -0.477780 0.756322 0.000000
-0.115079 0.025182 0.266000 0.107447 -0.011412 0.994145 0.000000
-0.108415 0.025087 0.265000 0.279169 -0.530334 -0.800506 0.000000
-0.104112 0.025561 0.270000 0.356800 -0.303006 -0.883675 0.000000
-0.097039 0.025371 0.268000 0.445791 0.134609 0.884958 0.000000
-0.089383 0.024993 0.264000 0.130265 0.377326 0.916873 0.000000
-0.083490 0.025087 0.265000 -0.201596 0.435065 0.877540 0.000000
-0.077842 0.025277 0.267000 -0.393660 0.518921 0.758784 0.000000
-0.072368 0.025561 0.270000 0.278428 -0.709651 -0.647204 0.000000
-0.065041 0.025182 0.266000 0.081529 -0.970568 -0.226608 0.000000
-0.059008 0.025277 0.267000 -0.866282 0.473695 0.158647 0.000000
-0.054558 0.026791 0.283000 -0.897479 0.042792 0.438977 0.000000
-0.130819 0.027263 0.281000 0.561254 -0.548742 0.619577 0.000000
-0.118023 0.025904 0.267000 0.392428 -0.077408 0.916520 0.000000
-0.111326 0.025807 0.266000 0.047544 -0.101391 0.993710 0.000000
-0.105467 0.025904 0.267000 0.421855 -0.513982 -0.746901 0.000000
-0.100303 0.026196 0.270000 0.200121 0.219297 0.954914 0.000000
-0.092214 0.025710 0.265000 0.310819 0.342112 0.886764 0.000000
-0.085658 0.025613 0.264000 -0.174709 0.465304 0.867738 0.000000
-0.079752 0.025710 0.265000 -0.265351 0.406208 0.874405 0.000000
-0.074630 0.026099 0.269000 0.439287 -0.638277 -0.632163 0.000000
-0.063689 0.025516 0.263000 0.267298 -0.839992 -0.472192 0.000000
-0.058161 0.025807 0.266000 -0.906916 0.339191 0.249904 0.000000
-0.054834 0.027263 0.281000 -0.930582 0.166026 0.326271 0.000000
-0.130621 0.028023 0.282000 0.568752 -0.522492 0.635235 0.000000
-0.116955 0.026433 0.266000 0.222997 -0.030954 0.974328 0.000000
-0.110701 0.026433 0.266000 0.086953 -0.097951 0.991385 0.000000
-0.105231 0.026632 0.268000 0.484220 -0.491991 -0.723516 0.000000
-0.099668 0.026830 0.270000 0.250304 0.191726 0.948994 0.000000
-0.091245 0.026234 0.264000 0.255393 0.340316 0.904964 0.000000
-0.085038 0.026234 0.264000 0.200046 -0.493520 -0.846416 0.000000
-0.078830 0.026234 0.264000 -0.277643 0.420836 0.863604 0.000000
-0.073723 0.026632 0.268000 0.280432 -0.734811 -0.617584 0.000000
-0.064186 0.025837 0.260000 -0.252097 0.618185 0.744510 0.000000
-0.058742 0.026135 0.263000 -0.877207 0.125599 0.463392 0.000000
-0.055494 0.027924 0.281000 -0.931803 0.332701 0.145096 0.000000
-0.132883 0.028889 0.284000 0.621285 -0.489107 0.612193 0.000000
-0.118023 0.027160 0.267000 0.360612 -0.106172 0.926654 0.000000
-0.111745 0.027160 0.267000 0.036052 -0.163135 0.985945 0.000000
-0.105467 0.027160 0.267000 0.487388 -0.472835 -0.734084 0.000000
-0.100674 0.027567 0.271000 0.133929 0.227504 0.964523 0.000000
-0.091866 0.026855 0.264000 0.305087 0.326825 0.894487 0.000000
-0.085658 0.026855 0.264000 0.164944 -0.483957 -0.859406 0.000000
-0.079451 0.026855 0.264000 -0.236932 0.409750 0.880890 0.000000
-0.074075 0.027160 0.267000 0.209298 -0.750024 -0.627422 0.000000
-0.065766 0.026346 0.259000 -0.200663 -0.614629 -0.762867 0.000000
-0.059906 0.026448 0.260000 -0.717657 0.226221 0.658630 0.000000
-0.057067 0.028381 0.279000 -0.896043 0.384896 0.221274 0.000000
-0.139373 0.030390 0.292000 0.684302 -0.379869 0.622440 0.000000
-0.124146 0.028621 0.275000 0.547668 -0.495890 0.673908 0.000000
-0.114684 0.027892 0.268000 0.121534 -0.168416 0.978195 0.000000
-0.107573 0.027684 0.266000 0.009143 0.348564 0.937240 0.000000
-0.103223 0.028204 0.271000 0.183860 -0.371081 -0.910217 0.000000
-0.095064 0.027684 0.266000 0.479320 0.218047 0.850122 0.000000
-0.087474 0.027268 0.262000 0.074854 0.389910 0.917806 0.000000
-0.081934 0.027476 0.264000 -0.326478 0.384024 0.863677 0.000000
-0.076300 0.027684 0.266000 0.158711 -0.630086 -0.760133 0.000000
-0.068992 0.027268 0.262000 -0.416983 -0.610873 -0.673023 0.000000
-0.061872 0.026851 0.258000 -0.653901 0.208228 0.727362 0.000000
-0.058185 0.027996 0.269000 -0.959730 0.203559 0.193605 0.000000
-0.055137 0.029765 0.286000 -0.954614 -0.122209 0.271620 0.000000
-0.133612 0.030544 0.287000 0.632616 -0.420485 0.650377 0.000000
-0.118907 0.028629 0.269000 0.538077 -0.383463 0.750619 0.000000
-0.111745 0.028416 0.267000 0.115536 -0.227714 0.966849 0.000000
-0.105071 0.028309 0.266000 0.506941 -0.454337 -0.732523 0.000000
-0.100303 0.028735 0.270000 0.100916 0.195316 0.975535 0.000000
-0.091518 0.027990 0.263000 0.315311 0.286336 0.904760 0.000000
-0.085334 0.027990 0.263000 -0.160976 0.423831 0.891321 0.000000
-0.079451 0.028096 0.264000 -0.217913 0.423775 0.879163 0.000000
-0.073798 0.028309 0.266000 0.079794 -0.703550 -0.706152 0.000000
-0.065512 0.027458 0.258000 -0.153091 -0.565994 -0.810071 0.000000
-0.060137 0.027777 0.261000 -0.822521 -0.027995 0.568045 0.000000
-0.057723 0.029693 0.279000 -0.896043 0.384896 0.221274 0.000000
-0.054097 0.031396 0.295000 -0.951784 -0.301161 0.058397 0.000000
-0.131802 0.031110 0.286000 0.655619 -0.459034 0.599543 0.000000
-0.115944 0.029152 0.268000 0.161792 -0.216799 0.962716 0.000000
-0.108824 0.028935 0.266000 0.297546 -0.018947 0.954519 0.000000
-0.103726 0.029261 0.269000 0.460079 -0.464389 -0.756749 0.000000
-0.096677 0.029044 0.267000 0.498668 0.146940 0.854248 0.000000
-0.088706 0.028500 0.262000 0.173318 0.303429 0.936959 0.000000
-0.083175 0.028717 0.264000 -0.307166 0.351715 0.884277 0.000000
-0.077259 0.028826 0.265000 0.144375 -0.542727 -0.827408 0.000000
-0.070760 0.028717 0.264000 -0.468270 -0.651372 -0.597024 0.000000
-0.061503 0.028173 0.259000 -0.653901 0.208228 0.727362 0.000000
-0.058622 0.029805 0.274000 -0.919930 0.252246 0.300169 0.000000
-0.055416 0.031654 0.291000 -0.949373 -0.238416 0.204569 0.000000
-0.138254 0.032672 0.294000 0.630654 -0.432917 0.644095 0.000000
-0.122852 0.030560 0.275000 0.607387 -0.434177 0.665261 0.000000
-0.113424 0.029783 0.268000 0.118593 -0.269370 0.955707 0.000000
-0.105923 0.029449 0.265000 0.314983 -0.354557 -0.880384 0.000000
-0.101196 0.029894 0.269000 0.347862 -0.393835 -0.850815 0.000000
-0.093108 0.029338 0.264000 0.383722 0.088588 0.919190 0.000000
-0.085912 0.029005 0.261000 -0.076169 0.331136 0.940504 0.000000
-0.080998 0.029449 0.265000 -0.281893 0.379895 0.881031 0.000000
-0.074767 0.029449 0.265000 0.049841 -0.549405 -0.834068 0.000000
-0.066984 0.028782 0.259000 -0.303546 -0.533751 -0.789284 0.000000
-0.061364 0.029005 0.261000 -0.766071 0.079510 0.637819 0.000000
-0.058612 0.030783 0.277000 -0.911480 0.245441 0.330096 0.000000
-0.055296 0.032672 0.294000 -0.997264 -0.004042 0.073812 0.000000
-0.139194 0.033590 0.296000 0.630654 -0.432917 0.644095 0.000000
-0.123299 0.031321 0.276000 0.580366 -0.470797 0.664474 0.000000
-0.113847 0.030526 0.269000 0.276420 -0.413905 0.867338 0.000000
-0.105523 0.029959 0.264000 -0.117173 0.028502 0.992702 0.000000
-0.100820 0.030413 0.268000 0.353638 -0.436336 -0.827376 0.000000
-0.093108 0.029959 0.264000 0.398772 0.078671 0.913670 0.000000
-0.085912 0.029618 0.261000 -0.083523 0.282044 0.955759 0.000000
-0.080692 0.029959 0.264000 -0.242320 0.365301 0.898797 0.000000
-0.074485 0.029959 0.264000 -0.046319 -0.527910 -0.848036 0.000000
-0.066984 0.029391 0.259000 -0.310413 -0.437332 -0.844029 0.000000
-0.061364 0.029618 0.261000 -0.789378 -0.071965 0.609675 0.000000
-0.058824 0.031548 0.278000 -0.929705 0.248617 0.271733 0.000000
-0.055484 0.033477 0.295000 -0.994593 -0.007016 0.103615 0.000000
-0.138498 0.034286 0.296000 0.623115 -0.451986 0.638308 0.000000
-0.122650 0.031970 0.276000 0.606415 -0.453909 0.652861 0.000000
-0.112793 0.031043 0.268000 0.231493 -0.349908 0.907731 0.000000
-0.104902 0.030580 0.264000 -0.115285 0.029862 0.992883 0.000000
-0.099816 0.030927 0.267000 -0.353999 0.105395 0.929288 0.000000
-0.092137 0.030464 0.263000 0.361940 0.008334 0.932164 0.000000
-0.085299 0.030232 0.261000 -0.151814 0.270860 0.950572 0.000000
-0.080072 0.030580 0.264000 -0.194396 0.374107 0.906782 0.000000
-0.073864 0.030580 0.264000 -0.105262 -0.581820 -0.806477 0.000000
-0.066375 0.030000 0.259000 -0.216466 -0.422140 -0.880307 0.000000
-0.061216 0.030464 0.263000 -0.840140 -0.097490 0.533536 0.000000
-0.058380 0.032317 0.279000 -0.951113 0.219805 0.216955 0.000000
-0.055162 0.034402 0.297000 -0.995989 0.012880 0.088548 0.000000
-0.137337 0.034864 0.295000 0.623115 -0.451986 0.638308 0.000000
-0.122001 0.032619 0.276000 0.597754 -0.437846 0.671551 0.000000
-0.112163 0.031673 0.268000 0.264049 -0.360611 0.894560 0.000000
-0.104281 0.031200 0.264000 -0.295015 0.179669 0.938448 0.000000
-0.098817 0.031437 0.266000 0.054127 0.230059 0.971670 0.000000
-0.091518 0.031082 0.263000 0.376114 -0.050468 0.925198 0.000000
-0.085010 0.030964 0.262000 -0.181147 0.259375 0.948636 0.000000
-0.079451 0.031200 0.264000 -0.184533 0.379310 0.906681 0.000000
-0.073243 0.031200 0.264000 -0.141448 -0.603819 -0.784471 0.000000
-0.065512 0.030491 0.258000 0.000149 0.183680 0.982986 0.000000
-0.061058 0.031319 0.265000 -0.906494 -0.028970 0.421223 0.000000
-0.058344 0.033328 0.282000 -0.971016 0.206115 0.121016 0.000000
-0.054831 0.035337 0.299000 -0.988477 0.036022 0.147024 0.000000
-0.136180 0.035437 0.294000 0.633440 -0.395448 0.665112 0.000000
-0.121352 0.033268 0.276000 0.577375 -0.440220 0.687637 0.000000
-0.111117 0.032183 0.267000 0.335236 -0.299905 0.893126 0.000000
-0.104053 0.031942 0.265000 -0.171244 0.112741 0.978757 0.000000
-0.098191 0.032062 0.266000 0.215910 0.262051 0.940592 0.000000
-0.090900 0.031701 0.263000 0.413684 -0.096459 0.905296 0.000000
-0.084071 0.031460 0.261000 -0.198094 0.254047 0.946688 0.000000
-0.078830 0.031821 0.264000 -0.125354 0.410116 0.903378 0.000000
-0.072347 0.031701 0.263000 -0.335309 -0.592338 -0.732600 0.000000
-0.064905 0.031098 0.258000 0.000149 0.183680 0.982986 0.000000
-0.060663 0.032062 0.266000 -0.929502 -0.042261 0.366388 0.000000
-0.057886 0.034111 0.283000 -0.977456 0.148991 0.149602 0.000000
-0.054490 0.036281 0.301000 -0.965247 -0.139940 -0.220714 0.000000
-0.137337 0.036251 0.295000 0.633440 -0.395448 0.665112 0.000000
-0.122885 0.034162 0.278000 0.588949 -0.460200 0.664346 0.000000
-0.112582 0.033056 0.269000 0.367976 -0.499826 0.784071 0.000000
-0.104281 0.032442 0.264000 -0.171244 0.112741 0.978757 0.000000
-0.098817 0.032688 0.266000 -0.018388 -0.519328 0.854377 0.000000
-0.092214 0.032565 0.265000 0.351784 -0.370525 0.859627 0.000000
-0.084685 0.032073 0.261000 -0.161488 0.255576 0.953206 0.000000
-0.079451 0.032442 0.264000 -0.136934 0.350403 0.926535 0.000000
-0.072688 0.032196 0.262000 -0.335309 -0.592338 -0.732600 0.000000
-0.065512 0.031705 0.258000 -0.088027 -0.058463 0.994401 0.000000
-0.061058 0.032565 0.265000 -0.858883 -0.153208 0.488720 0.000000
-0.057930 0.034408 0.280000 -0.976511 0.030714 0.213265 0.000000
-0.054831 0.036743 0.299000 -0.995963 -0.061473 0.065407 0.000000
-0.141536 0.037321 0.298000 0.623115 -0.451986 0.638308 0.000000
-0.128660 0.035693 0.285000 0.641106 -0.437908 0.630254 0.000000
-0.117679 0.034440 0.275000 0.544259 -0.483821 0.685346 0.000000
-0.106765 0.033063 0.264000 0.107614 -0.122542 0.986612 0.000000
-0.101319 0.033313 0.266000 -0.468420 -0.053071 0.881910 0.000000
-0.095421 0.033438 0.267000 0.417140 -0.347787 0.839666 0.000000
-0.087808 0.032937 0.263000 0.292653 -0.045691 0.955126 0.000000
-0.081313 0.032812 0.262000 -0.177556 0.296624 0.938343 0.000000
-0.075152 0.032812 0.262000 -0.091093 -0.577818 -0.811066 0.000000
-0.068202 0.032436 0.259000 -0.355337 -0.358409 -0.863295 0.000000
-0.062352 0.032562 0.260000 -0.649754 -0.312912 0.692753 0.000000
-0.058834 0.034065 0.272000 -0.973642 0.014434 0.227625 0.000000
-0.055908 0.036319 0.290000 -0.988371 -0.019840 0.150761 0.000000
-0.043217 0.047966 0.383000 -0.859514 0.510613 -0.022562 0.000000
-0.135253 0.037256 0.292000 0.633440 -0.395448 0.665112 0.000000
-0.122671 0.035597 0.279000 0.580419 -0.464083 0.669134 0.000000
-0.111949 0.034321 0.269000 0.409420 -0.465418 0.784705 0.000000
-0.104446 0.033939 0.266000 -0.201971 -0.147860 0.968166 0.000000
-0.099299 0.034321 0.269000 -0.129199 0.100471 0.986516 0.000000
-0.092282 0.034066 0.267000 0.304532 -0.448176 0.840475 0.000000
-0.084071 0.033301 0.261000 -0.180308 0.288594 0.940320 0.000000
-0.078233 0.033428 0.262000 0.048650 -0.474350 -0.878991 0.000000
-0.071797 0.033301 0.261000 -0.363312 -0.498062 -0.787361 0.000000
-0.064905 0.032918 0.258000 -0.088027 -0.058463 0.994401 0.000000
-0.060891 0.034066 0.267000 -0.944906 -0.019589 0.326754 0.000000
-0.057272 0.035725 0.280000 -0.976511 0.030714 0.213265 0.000000
-0.054309 0.038277 0.300000 -0.992380 -0.123154 0.003876 0.000000
-0.142192 0.038332 0.295000 0.623115 -0.451986 0.638308 0.000000
-0.132046 0.037423 0.288000 0.633440 -0.395448 0.665112 0.000000
-0.121359 0.036253 0.279000 0.594729 -0.442142 0.671422 0.000000
-0.110273 0.034824 0.268000 0.338442 -0.379076 0.861254 0.000000
-0.103971 0.034824 0.268000 -0.259267 -0.333361 0.906449 0.000000
-0.098398 0.035084 0.270000 0.022314 -0.086247 0.996024 0.000000
-0.091027 0.034694 0.267000 0.397845 -0.405766 0.822845 0.000000
-0.082844 0.033914 0.261000 -0.192709 0.294930 0.935884 0.000000
-0.077001 0.034044 0.262000 -0.051182 -0.572813 -0.818087 0.000000
-0.070029 0.033654 0.259000 -0.380717 -0.440248 -0.813165 0.000000
-0.063692 0.033525 0.258000 -0.498361 -0.447060 0.742815 0.000000
-0.059859 0.034824 0.268000 -0.965508 -0.054192 0.254670 0.000000
-0.056755 0.036903 0.284000 -0.988082 -0.041622 0.148192 0.000000
-0.141917 0.038761 0.293000 0.623115 -0.451986 0.638308 0.000000
-0.133184 0.038232 0.289000 0.633440 -0.395448 0.665112 0.000000
-0.122453 0.037042 0.280000 0.598514 -0.417224 0.683890 0.000000
-0.111731 0.035719 0.270000 0.371379 -0.478489 0.795692 0.000000
-0.104601 0.035454 0.268000 -0.078561 -0.621761 0.779257 0.000000
-0.099400 0.035851 0.271000 0.174446 -0.139920 -0.974675 0.000000
-0.092684 0.035719 0.270000 0.360883 -0.452719 0.815358 0.000000
-0.083777 0.034660 0.262000 -0.140515 0.267128 0.953361 0.000000
-0.077617 0.034660 0.262000 -0.035212 -0.566812 -0.823094 0.000000
-0.070911 0.034396 0.260000 -0.404064 -0.395180 -0.824964 0.000000
-0.064299 0.034131 0.258000 -0.381111 -0.603465 0.700417 0.000000
-0.141633 0.039181 0.291000 0.623115 -0.451986 0.638308 0.000000
-0.133400 0.038777 0.288000 0.633440 -0.395448 0.665112 0.000000
-0.123111 0.037700 0.280000 0.593452 -0.398310 0.699403 0.000000
-0.113614 0.036757 0.273000 0.452924 -0.551908 0.700184 0.000000
-0.105231 0.036084 0.268000 -0.017948 -0.658064 0.752748 0.000000
-0.100406 0.036623 0.272000 0.173671 -0.061580 -0.982877 0.000000
-0.093665 0.036488 0.271000 0.368370 -0.385304 0.846076 0.000000
-0.084716 0.035411 0.263000 0.039368 -0.014988 0.999112 0.000000
-0.134755 0.039454 0.288000 0.633440 -0.395448 0.665112 0.000000
-0.124872 0.038495 0.281000 0.577711 -0.423984 0.697487 0.000000
-0.116160 0.037810 0.276000 0.489374 -0.540314 0.684525 0.000000
-0.120007 0.013816 0.290000 -0.233191 -0.729799 -0.642663 2.000000
-0.111236 0.013578 0.285000 -0.384076 -0.674330 -0.630685 2.000000
-0.114587 0.014248 0.285000 -0.191959 -0.784667 -0.589448 2.000000
-0.106371 0.014048 0.281000 0.527709 0.663495 0.530376 2.000000
-0.117007 0.014970 0.286000 -0.211807 -0.738684 -0.639910 2.000000
-0.107968 0.014656 0.280000 0.507806 0.658087 0.555926 2.000000
-0.099936 0.014447 0.276000 0.627304 0.403207 0.666269 2.000000
-0.067185 0.015913 0.304000 -0.661395 0.747793 -0.057992 2.000000
-0.111260 0.015315 0.280000 -0.259829 -0.850397 -0.457509 2.000000
-0.103181 0.015096 0.276000 0.471034 0.558414 0.682862 2.000000
-0.081213 0.016573 0.303000 0.359853 -0.932977 -0.007686 2.000000
-0.072132 0.016135 0.295000 -0.905080 -0.132572 -0.404047 2.000000
-0.066964 0.016573 0.303000 -0.676787 0.733990 -0.056724 2.000000
-0.111519 0.015916 0.279000 -0.202344 -0.876970 -0.435869 2.000000
-0.103453 0.015688 0.275000 -0.385778 -0.625450 -0.678224 2.000000
-0.095224 0.015403 0.270000 0.479129 0.387296 0.787678 2.000000
-0.068887 0.016715 0.293000 -0.961515 0.274072 0.019309 2.000000
-0.117110 0.016810 0.283000 -0.140636 -0.887212 -0.439405 2.000000
-0.106687 0.016335 0.275000 -0.311015 -0.748249 -0.585998 2.000000
-0.099127 0.016156 0.272000 0.439973 0.609689 0.659320 2.000000
-0.090686 0.015800 0.266000 0.175099 0.244029 0.953829 2.000000
-0.085066 0.015919 0.268000 -0.136924 0.192295 0.971738 2.000000
-0.069986 0.017166 0.289000 -0.690401 0.687760 0.224351 2.000000
-0.066251 0.017998 0.303000 -0.630542 0.773950 0.058471 2.000000
-0.110320 0.017043 0.276000 -0.106962 -0.867154 -0.486418 2.000000
-0.101949 0.016734 0.271000 0.393336 0.565533 0.724885 2.000000
-0.094518 0.016549 0.268000 0.394637 0.220507 0.891986 2.000000
-0.087558 0.016425 0.266000 -0.072669 0.149883 0.986030 2.000000
-0.081609 0.016487 0.267000 -0.183998 -0.112287 0.976492 2.000000
-0.073814 0.016858 0.273000 -0.815315 0.002316 0.579012 2.000000
-0.070357 0.017599 0.285000 -0.760845 0.588507 0.273448 2.000000
-0.066336 0.018340 0.297000 -0.849569 0.526316 -0.034977 2.000000
-0.109920 0.017628 0.275000 -0.033854 -0.818760 -0.573136 2.000000
-0.101573 0.017307 0.270000 0.391080 0.544292 0.742160 2.000000
-0.094166 0.017115 0.267000 0.362077 0.197097 0.911072 2.000000
-0.087558 0.017051 0.266000 -0.052576 0.209470 0.976401 2.000000
-0.081609 0.017115 0.267000 -0.183998 -0.112287 0.976492 2.000000
-0.075613 0.017179 0.268000 -0.655406 -0.170614 0.735754 2.000000
-0.072415 0.017948 0.280000 -0.665954 0.617903 0.417972 2.000000
-0.067242 0.018333 0.286000 -0.677478 0.658519 0.327682 2.000000
-0.111860 0.018274 0.275000 -0.089341 -0.883834 -0.459190 2.000000
-0.103860 0.018009 0.271000 0.289228 0.590612 0.753342 2.000000
-0.096409 0.017809 0.268000 0.372018 0.270825 0.887838 2.000000
-0.089435 0.017676 0.266000 0.034438 0.182043 0.982687 2.000000
-0.083493 0.017743 0.267000 -0.170443 -0.050767 0.984059 2.000000
-0.077504 0.017809 0.268000 -0.548107 -0.228058 0.804717 2.000000
-0.072796 0.018208 0.274000 -0.806541 0.143215 0.573569 2.000000
-0.068048 0.018673 0.281000 0.572250 -0.774215 -0.270409 2.000000
-0.065158 0.019803 0.298000 -0.713284 0.698951 0.051896 2.000000
-0.105523 0.018715 0.272000 -0.169087 -0.569433 -0.804460 2.000000
-0.097669 0.018439 0.268000 0.363566 0.307633 0.879308 2.000000
-0.090686 0.018302 0.266000 0.141445 0.163935 0.976278 2.000000
-0.084431 0.018302 0.266000 -0.194728 0.119497 0.973551 2.000000
-0.078764 0.018439 0.268000 -0.302675 -0.199028 0.932081 2.000000
-0.073814 0.018783 0.273000 -0.813392 0.136014 0.565591 2.000000
-0.068876 0.019196 0.279000 -0.650790 0.634813 0.416514 2.000000
-0.065219 0.020091 0.292000 0.609423 -0.777358 -0.155944 2.000000
-0.105523 0.019354 0.272000 -0.175551 -0.587509 -0.789946 2.000000
-0.097669 0.019070 0.268000 0.352975 0.249806 0.901668 2.000000
-0.090686 0.018927 0.266000 0.143517 0.176414 0.973797 2.000000
-0.084431 0.018927 0.266000 -0.193232 0.156167 0.968645 2.000000
-0.078764 0.019070 0.268000 -0.350180 -0.176238 0.919954 2.000000
-0.073814 0.019425 0.273000 -0.803287 0.143718 0.577992 2.000000
-0.068876 0.019852 0.279000 -0.650790 0.634813 0.416514 2.000000
-0.064996 0.020706 0.291000 0.589856 -0.789585 -0.169189 2.000000
-0.103860 0.019920 0.271000 -0.186584 -0.513280 -0.837693 2.000000
-0.096409 0.019700 0.268000 0.360269 0.235322 0.902679 2.000000
-0.089435 0.019553 0.266000 0.056834 0.182439 0.981573 2.000000
-0.083493 0.019626 0.267000 -0.197211 0.128731 0.971873 2.000000
-0.077793 0.019773 0.269000 -0.548932 -0.126612 0.826222 2.000000
-0.072796 0.020141 0.274000 -0.712815 0.397663 0.577719 2.000000
-0.068048 0.020655 0.281000 0.542651 -0.794439 -0.272757 2.000000
-0.063846 0.021464 0.292000 0.590287 -0.793295 -0.149145 2.000000
-0.100564 0.020406 0.269000 0.352846 0.124694 0.927336 2.000000
-0.093538 0.020254 0.267000 0.286618 0.175615 0.941812 2.000000
-0.086933 0.020178 0.266000 -0.142222 0.214977 0.966208 2.000000
-0.081285 0.020330 0.268000 -0.349848 0.155037 0.923889 2.000000
-0.075822 0.020558 0.271000 -0.689318 0.062919 0.721721 2.000000
-0.070988 0.021013 0.277000 -0.649453 0.527267 0.547906 2.000000
-0.066104 0.021544 0.284000 0.390970 -0.883875 -0.256724 2.000000
-0.103223 0.021195 0.271000 0.174178 0.219728 0.959886 2.000000
-0.095421 0.020882 0.267000 0.336445 0.189473 0.922445 2.000000
-0.088809 0.020804 0.266000 -0.010923 0.172926 0.984874 2.000000
-0.082865 0.020882 0.267000 -0.264586 0.213787 0.940366 2.000000
-0.077447 0.021117 0.270000 -0.582763 0.082842 0.808408 2.000000
-0.072415 0.021508 0.275000 -0.662277 0.461638 0.590152 2.000000
-0.067388 0.021977 0.281000 0.435372 -0.854718 -0.282683 2.000000
-0.101573 0.021751 0.270000 0.283812 0.133205 0.949583 2.000000
-0.094166 0.021510 0.267000 0.299167 0.168369 0.939229 2.000000
-0.087558 0.021429 0.266000 -0.070773 0.248494 0.966044 2.000000
-0.081609 0.021510 0.267000 -0.256098 0.281262 0.924827 2.000000
-0.076460 0.021832 0.271000 -0.606856 0.240995 0.757395 2.000000
-0.071380 0.022235 0.276000 -0.686348 0.458374 0.564641 2.000000
-0.066301 0.022718 0.282000 0.393989 -0.885411 -0.246618 2.000000
-0.091937 0.022055 0.266000 0.240676 0.185339 0.952746 2.000000
-0.085682 0.022055 0.266000 -0.203169 0.253141 0.945855 2.000000
-0.080024 0.022220 0.268000 -0.505284 0.295142 0.810913 2.000000
-0.074823 0.022552 0.272000 -0.708945 0.250310 0.659349 2.000000
-0.069937 0.023050 0.278000 0.620025 -0.639180 -0.454992 2.000000
-0.086933 0.022680 0.266000 -0.124686 0.259690 0.957609 2.000000
-0.080981 0.022765 0.267000 -0.404461 0.314494 0.858781 2.000000
-0.075822 0.023106 0.271000 -0.671189 0.309276 0.673686 2.000000
-0.087229 0.023218 0.265000 -0.062615 0.318351 0.945903 2.000000
-0.081609 0.023393 0.267000 -0.283491 0.374403 0.882868 2.000000
-0.076460 0.023744 0.271000 -0.569105 0.394241 0.721591 2.000000
-0.060348 -0.000485 0.279000 -0.828901 -0.482503 0.283043 1.000000
-0.086195 0.000159 0.260000 -0.110642 -0.687833 0.717387 1.000000
-0.080697 0.000161 0.262000 -0.149240 -0.473855 0.867864 1.000000
-0.074821 0.000161 0.263000 -0.113862 -0.414951 0.902691 1.000000
-0.068898 0.000162 0.264000 -0.500039 -0.176003 0.847929 1.000000
-0.064115 0.000166 0.270000 -0.757782 -0.317791 0.569891 1.000000
-0.060119 0.000172 0.281000 -0.789639 -0.555771 0.259979 1.000000
-0.096715 0.000777 0.262000 0.505196 -0.510194 0.696045 1.000000
-0.090554 0.000777 0.262000 0.083765 -0.574832 0.813973 1.000000
-0.084071 0.000774 0.261000 -0.147342 -0.555745 0.818192 1.000000
-0.078830 0.000783 0.264000 -0.153244 -0.306746 0.939374 1.000000
-0.072347 0.000780 0.263000 -0.295775 -0.265747 0.917549 1.000000
-0.067169 0.000792 0.267000 -0.759888 -0.204446 0.617068 1.000000
-0.062259 0.000809 0.273000 -0.829591 -0.402658 0.386841 1.000000
-0.109191 0.001435 0.270000 0.077206 0.789409 -0.608992 1.000000
-0.102080 0.001425 0.268000 0.469538 -0.614654 0.633826 1.000000
-0.093992 0.001398 0.263000 0.232099 -0.395096 0.888836 1.000000
-0.087474 0.001393 0.262000 -0.041599 -0.529629 0.847209 1.000000
-0.081623 0.001398 0.263000 -0.175061 -0.297183 0.938635 1.000000
-0.075439 0.001398 0.263000 -0.083775 -0.297193 0.951135 1.000000
-0.069255 0.001398 0.263000 -0.409634 -0.187695 0.892732 1.000000
-0.064750 0.001435 0.270000 -0.774469 -0.249646 0.581271 1.000000
-0.060780 0.001494 0.281000 -0.757075 -0.611121 0.231017 1.000000
-0.108721 0.002086 0.272000 0.020308 -0.563451 0.825900 1.000000
-0.100820 0.002055 0.268000 0.540691 -0.455226 0.707406 1.000000
-0.092402 0.002009 0.262000 0.130978 -0.513043 0.848311 1.000000
-0.086242 0.002009 0.262000 -0.069029 -0.235155 0.969503 1.000000
-0.080387 0.002017 0.263000 -0.142956 -0.254143 0.956543 1.000000
-0.074202 0.002017 0.263000 -0.084173 -0.247470 0.965232 1.000000
-0.068536 0.002032 0.265000 -0.625261 -0.167651 0.762196 1.000000
-0.063715 0.002078 0.271000 -0.780624 -0.343342 0.522248 1.000000
-0.060940 0.002208 0.288000 -0.678499 -0.714996 0.168579 1.000000
-0.109120 0.002735 0.273000 0.042798 -0.443958 0.895025 1.000000
-0.100820 0.002685 0.268000 0.541433 -0.538871 0.645343 1.000000
-0.092402 0.002625 0.262000 0.142014 -0.503795 0.852070 1.000000
-0.086242 0.002625 0.262000 -0.069029 -0.235155 0.969503 1.000000
-0.080387 0.002635 0.263000 -0.142956 -0.254143 0.956543 1.000000
-0.074202 0.002635 0.263000 -0.065425 -0.218233 0.973701 1.000000
-0.068277 0.002645 0.264000 -0.565594 -0.160136 0.808987 1.000000
-0.063715 0.002715 0.271000 -0.795492 -0.338795 0.502404 1.000000
-0.061152 0.002895 0.289000 -0.654774 -0.733102 0.183933 1.000000
-0.110164 0.003389 0.274000 0.137100 -0.613296 0.777863 1.000000
-0.101450 0.003315 0.268000 0.529108 -0.561183 0.636489 1.000000
-0.093018 0.003241 0.262000 0.136890 -0.525968 0.839416 1.000000
-0.086858 0.003241 0.262000 -0.058105 -0.248508 0.966885 1.000000
-0.081005 0.003253 0.263000 -0.129557 -0.259513 0.957010 1.000000
-0.074821 0.003253 0.263000 -0.019164 -0.283531 0.958771 1.000000
-0.068898 0.003266 0.264000 -0.467894 -0.189315 0.863270 1.000000
-0.064352 0.003352 0.271000 -0.803161 -0.329446 0.496385 1.000000
-0.061403 0.003550 0.287000 -0.696974 -0.705961 0.125882 1.000000
-0.112673 0.004078 0.277000 0.593464 -0.498303 0.632056 1.000000
-0.103477 0.003975 0.270000 0.432377 -0.623906 0.650992 1.000000
-0.094970 0.003887 0.264000 0.421014 -0.534326 0.732969 1.000000
-0.088090 0.003857 0.262000 0.041382 -0.310881 0.949548 1.000000
-0.081929 0.003857 0.262000 -0.150392 -0.228289 0.961908 1.000000
-0.076058 0.003872 0.263000 -0.077331 -0.160150 0.984059 1.000000
-0.069608 0.003857 0.262000 -0.319464 -0.216790 0.922467 1.000000
-0.065385 0.003975 0.270000 -0.804634 -0.297872 0.513649 1.000000
-0.061441 0.004137 0.281000 -0.752895 -0.630780 0.187794 1.000000
-0.115869 0.004780 0.280000 0.633784 -0.517022 0.575332 1.000000
-0.106943 0.004678 0.274000 0.289670 -0.645645 0.706565 1.000000
-0.097566 0.004541 0.266000 0.475979 -0.524169 0.706181 1.000000
-0.089938 0.004473 0.262000 0.137022 -0.335332 0.932082 1.000000
-0.083777 0.004473 0.262000 -0.146700 -0.276558 0.949734 1.000000
-0.078209 0.004507 0.264000 -0.130701 -0.156744 0.978953 1.000000
-0.071729 0.004490 0.263000 -0.156564 -0.218894 0.963106 1.000000
-0.066791 0.004576 0.268000 -0.793061 -0.176880 0.582897 1.000000
-0.062295 0.004712 0.276000 -0.815236 -0.508736 0.276727 1.000000
-0.061668 0.005207 0.305000 0.302860 0.899274 -0.315565 1.000000
-0.111918 0.005439 0.280000 0.542899 -0.687263 0.482628 1.000000
-0.101196 0.005225 0.269000 0.504454 -0.617125 0.603890 1.000000
-0.092402 0.005089 0.262000 0.151827 -0.458184 0.875794 1.000000
-0.086242 0.005089 0.262000 -0.050723 -0.315148 0.947686 1.000000
-0.080387 0.005109 0.263000 -0.137278 -0.189154 0.972304 1.000000
-0.074485 0.005128 0.264000 -0.063244 -0.238492 0.969083 1.000000
-0.068536 0.005148 0.265000 -0.536056 -0.291670 0.792195 1.000000
-0.064185 0.005303 0.273000 -0.810585 -0.491916 0.317758 1.000000
-0.061575 0.005653 0.291000 -0.675291 -0.718620 0.166034 1.000000
-0.117007 0.006228 0.286000 0.121871 -0.919206 0.374443 1.000000
-0.106040 0.005988 0.275000 0.375945 -0.593567 0.711579 1.000000
-0.095591 0.005749 0.264000 0.418473 -0.528168 0.738863 1.000000
-0.088706 0.005705 0.262000 0.118540 -0.296797 0.947555 1.000000
-0.082545 0.005705 0.262000 -0.146860 -0.183794 0.971932 1.000000
-0.076968 0.005749 0.264000 -0.098955 -0.135043 0.985886 1.000000
-0.070760 0.005749 0.264000 -0.245047 -0.223085 0.943496 1.000000
-0.066019 0.005880 0.270000 -0.793209 -0.365917 0.486748 1.000000
-0.062765 0.006184 0.284000 -0.806064 -0.579229 0.121469 1.000000
-0.116470 0.006949 0.288000 0.103844 -0.954478 0.279623 1.000000
-0.103985 0.006587 0.273000 0.406736 -0.567756 0.715694 1.000000
-0.094349 0.006370 0.264000 0.267441 -0.530600 0.804325 1.000000
-0.087474 0.006321 0.262000 0.046974 -0.316342 0.947481 1.000000
-0.081623 0.006345 0.263000 -0.137145 -0.156612 0.978092 1.000000
-0.075726 0.006370 0.264000 -0.083234 -0.187017 0.978824 1.000000
-0.069782 0.006394 0.265000 -0.415912 -0.335952 0.845076 1.000000
-0.066189 0.006659 0.276000 -0.811924 -0.506939 0.289468 1.000000
-0.063376 0.007069 0.293000 -0.775684 -0.624872 0.088599 1.000000
-0.104747 0.007282 0.275000 0.432307 -0.568655 0.699816 1.000000
-0.094349 0.006990 0.264000 0.281694 -0.547547 0.787934 1.000000
-0.087808 0.006964 0.263000 0.064879 -0.385243 0.920532 1.000000
-0.081623 0.006964 0.263000 -0.110549 -0.182911 0.976894 1.000000
-0.075726 0.006990 0.264000 -0.074843 -0.260347 0.962610 1.000000
-0.069782 0.007017 0.265000 -0.415912 -0.335952 0.845076 1.000000
-0.067388 0.007441 0.281000 -0.888388 -0.438694 0.135334 1.000000
-0.064241 0.007864 0.297000 -0.820466 -0.571586 0.011184 1.000000
-0.093728 0.007611 0.264000 0.286758 -0.522804 0.802774 1.000000
-0.087189 0.007582 0.263000 0.033914 -0.520116 0.853422 1.000000
-0.081005 0.007582 0.263000 -0.126107 -0.258406 0.957770 1.000000
-0.075105 0.007611 0.264000 -0.098737 -0.333651 0.937512 1.000000
-0.069420 0.007669 0.266000 -0.511591 -0.377359 0.771929 1.000000
-0.078830 0.008232 0.264000 -0.135082 -0.276188 0.951564 1.000000
-0.072897 0.008263 0.265000 -0.179515 -0.353505 0.918046 1.000000
