-0.071999 -0.030421 0.271000 0.066788 0.038522 0.997023 1.000000
-0.065627 -0.030421 0.271000 0.043611 -0.191174 0.980587 1.000000
-0.059036 -0.030308 0.270000 0.213254 0.043626 0.976022 1.000000
-0.052687 -0.030308 0.270000 -0.273706 -0.160930 0.948254 1.000000
-0.074548 -0.029783 0.271000 0.224111 0.037642 0.973836 1.000000
-0.067924 -0.029674 0.270000 -0.010982 -0.134192 0.990895 1.000000
-0.061803 -0.029783 0.271000 0.172203 0.067342 0.982757 1.000000
-0.054817 -0.029454 0.268000 -0.121047 -0.121885 0.985135 1.000000
-0.049240 -0.029893 0.272000 -0.694004 -0.305111 0.652124 1.000000
-0.081172 -0.029469 0.274000 0.482476 0.086012 0.871676 1.000000
-0.073911 -0.029146 0.271000 0.237042 -0.011939 0.971426 1.000000
-0.067289 -0.029039 0.270000 0.018669 -0.213915 0.976674 1.000000
-0.060940 -0.029039 0.270000 0.221899 0.085225 0.971338 1.000000
-0.054389 -0.028931 0.269000 -0.139297 -0.088893 0.986253 1.000000
-0.048779 -0.029361 0.273000 -0.747764 -0.257741 0.611897 1.000000
-0.043446 -0.030114 0.280000 -0.659622 -0.319697 0.680215 1.000000
-0.085009 -0.029035 0.276000 0.141601 0.273638 0.951352 1.000000
-0.077381 -0.028614 0.272000 0.390354 -0.021145 0.920422 1.000000
-0.070725 -0.028509 0.271000 -0.013010 -0.149669 0.988651 1.000000
-0.064352 -0.028509 0.271000 0.205153 -0.162468 0.965151 1.000000
-0.057552 -0.028299 0.269000 0.053052 0.034789 0.997986 1.000000
-0.051608 -0.028509 0.271000 -0.475611 -0.191932 0.858462 1.000000
-0.046404 -0.029245 0.278000 -0.762599 -0.263608 0.590723 1.000000
-0.040584 -0.029771 0.283000 -0.538327 -0.529352 0.655736 1.000000
-0.086279 -0.028592 0.278000 0.319778 -0.016028 0.947357 1.000000
-0.078308 -0.028077 0.273000 0.429794 -0.011913 0.902848 1.000000
-0.071362 -0.027872 0.271000 0.008195 -0.206042 0.978509 1.000000
-0.064990 -0.027872 0.271000 0.120394 -0.198090 0.972762 1.000000
-0.058185 -0.027666 0.269000 0.108403 0.033824 0.993531 1.000000
-0.052245 -0.027872 0.271000 -0.490384 -0.190488 0.850434 1.000000
-0.046888 -0.028489 0.277000 -0.774256 -0.326163 0.542351 1.000000
-0.041249 -0.029106 0.283000 -0.674353 -0.417868 0.608797 1.000000
-0.090812 -0.028541 0.284000 0.372690 -0.524616 0.765428 1.000000
-0.081172 -0.027536 0.274000 0.440611 -0.022432 0.897418 1.000000
-0.073911 -0.027235 0.271000 0.198188 -0.154073 0.967979 1.000000
-0.067788 -0.027335 0.272000 -0.096455 -0.285881 0.953398 1.000000
-0.060940 -0.027134 0.270000 0.270432 -0.025564 0.962400 1.000000
-0.054389 -0.027034 0.269000 -0.234243 -0.199919 0.951400 1.000000
-0.048958 -0.027536 0.274000 -0.759870 -0.278647 0.587327 1.000000
-0.043446 -0.028139 0.280000 -0.745107 -0.311147 0.589917 1.000000
-0.038573 -0.029445 0.293000 -0.560059 -0.792132 0.242612 1.000000
-0.085317 -0.027186 0.277000 0.197452 0.099140 0.975287 1.000000
-0.077666 -0.026794 0.273000 0.383177 -0.044902 0.922583 1.000000
-0.070725 -0.026597 0.271000 -0.058336 -0.262881 0.963063 1.000000
-0.064590 -0.026695 0.272000 0.206605 -0.202148 0.957314 1.000000
-0.057552 -0.026401 0.269000 -0.077138 -0.092259 0.992743 1.000000
-0.051608 -0.026597 0.271000 -0.485108 -0.233556 0.842687 1.000000
-0.046237 -0.027186 0.277000 -0.766172 -0.292710 0.572102 1.000000
-0.040871 -0.027971 0.285000 -0.645878 -0.623285 0.440860 1.000000
-0.091452 -0.027397 0.286000 0.300948 -0.877940 0.372359 1.000000
-0.081172 -0.026247 0.274000 0.451365 0.002947 0.892334 1.000000
-0.074183 -0.026056 0.272000 0.124633 -0.228929 0.965432 1.000000
-0.068037 -0.026152 0.273000 -0.088707 -0.323597 0.942028 1.000000
-0.060715 -0.025769 0.269000 0.261707 -0.162084 0.951440 1.000000
-0.054389 -0.025769 0.269000 -0.200089 -0.196726 0.959825 1.000000
-0.048958 -0.026247 0.274000 -0.768888 -0.314260 0.556823 1.000000
-0.043446 -0.026822 0.280000 -0.748066 -0.427283 0.507767 1.000000
-0.038705 -0.028163 0.294000 -0.508888 -0.808419 0.295790 1.000000
-0.085625 -0.025977 0.278000 0.402624 -0.297395 0.865708 1.000000
-0.077666 -0.025510 0.273000 0.318654 -0.168913 0.932699 1.000000
-0.070725 -0.025323 0.271000 -0.044317 -0.340525 0.939191 1.000000
-0.064827 -0.025510 0.273000 0.182517 -0.228926 0.956180 1.000000
-0.057552 -0.025136 0.269000 -0.115732 -0.176998 0.977383 1.000000
-0.051608 -0.025323 0.271000 -0.461324 -0.281524 0.841382 1.000000
-0.046404 -0.025977 0.278000 -0.793171 -0.321182 0.517419 1.000000
-0.041014 -0.026725 0.286000 -0.648241 -0.667560 0.366262 1.000000
-0.091452 -0.026052 0.286000 0.177389 0.964221 -0.197007 1.000000
-0.081172 -0.024959 0.274000 0.451365 0.002947 0.892334 1.000000
-0.074183 -0.024777 0.272000 0.115187 -0.288896 0.950406 1.000000
-0.068286 -0.024959 0.274000 -0.074972 -0.334834 0.939290 1.000000
-0.060715 -0.024503 0.269000 0.270087 -0.214477 0.938644 1.000000
-0.054592 -0.024595 0.270000 -0.269099 -0.235567 0.933860 1.000000
-0.049136 -0.025050 0.275000 -0.744223 -0.318469 0.587119 1.000000
-0.043756 -0.025688 0.282000 -0.707983 -0.454202 0.540797 1.000000
-0.038837 -0.026872 0.295000 -0.462193 -0.845661 0.266899 1.000000
-0.087831 -0.025113 0.283000 0.400786 0.911361 -0.093767 1.000000
-0.078595 -0.024315 0.274000 0.387315 -0.174725 0.905239 1.000000
-0.071625 -0.024137 0.272000 0.004568 -0.377364 0.926054 1.000000
-0.065709 -0.024315 0.274000 0.160081 -0.269861 0.949499 1.000000
-0.058401 -0.023960 0.270000 0.118996 -0.315955 0.941282 1.000000
-0.052245 -0.024048 0.271000 -0.499111 -0.397382 0.770050 1.000000
-0.047058 -0.024670 0.278000 -0.780025 -0.440904 0.444032 1.000000
-0.041833 -0.025468 0.287000 -0.615311 -0.746923 0.251988 1.000000
-0.094330 -0.025485 0.295000 -0.261239 0.715828 -0.647569 1.000000
-0.081764 -0.023843 0.276000 0.504341 -0.090273 0.858773 1.000000
-0.074456 -0.023584 0.273000 0.113829 -0.354769 0.927999 1.000000
-0.068286 -0.023670 0.274000 -0.074972 -0.334834 0.939290 1.000000
-0.060715 -0.023238 0.269000 0.258107 -0.227399 0.938973 1.000000
-0.054794 -0.023411 0.271000 -0.329797 -0.268919 0.904940 1.000000
-0.049851 -0.024102 0.279000 -0.740362 -0.518133 0.428255 1.000000
-0.044377 -0.024707 0.286000 -0.645351 -0.708765 0.284910 1.000000
-0.039363 -0.025830 0.299000 0.386006 0.735787 -0.556432 1.000000
-0.091169 -0.024875 0.296000 0.487600 -0.696428 0.526531 1.000000
-0.077950 -0.023026 0.274000 0.382882 -0.172202 0.907606 1.000000
-0.070986 -0.022858 0.272000 0.008141 -0.399111 0.916867 1.000000
-0.064827 -0.022942 0.273000 0.187471 -0.298670 0.935762 1.000000
-0.057980 -0.022774 0.271000 0.061551 -0.366927 0.928211 1.000000
-0.051798 -0.022858 0.272000 -0.563740 -0.474234 0.676239 1.000000
-0.047906 -0.024119 0.287000 -0.656552 -0.690782 0.302919 1.000000
-0.042305 -0.024791 0.295000 -0.445310 -0.859724 0.250145 1.000000
-0.077950 -0.022382 0.274000 0.335855 -0.248129 0.908644 1.000000
-0.070986 -0.022218 0.272000 0.016757 -0.441217 0.897244 1.000000
-0.064827 -0.022300 0.273000 0.178968 -0.307937 0.934423 1.000000
-0.057980 -0.022137 0.271000 0.061551 -0.366927 0.928211 1.000000
-0.051798 -0.022218 0.272000 -0.563740 -0.474234 0.676239 1.000000
-0.048908 -0.023934 0.293000 -0.792644 -0.570389 0.215342 1.000000
-0.043022 -0.024506 0.300000 -0.619124 -0.664847 0.417927 1.000000
-0.067889 -0.021817 0.275000 0.086788 -0.375841 0.922611 1.000000
-0.056275 -0.021579 0.272000 -0.224569 -0.658305 0.718473 1.000000
-0.051163 -0.022134 0.279000 -0.651850 -0.632678 0.418103 1.000000
-0.046302 -0.024038 0.303000 -0.634465 -0.594162 0.494395 1.000000
-0.094038 -0.016913 0.303000 0.004440 -0.831424 -0.555621 2.000000
-0.091900 -0.016201 0.303000 -0.055528 -0.849093 -0.525316 2.000000
-0.091696 -0.015335 0.300000 -0.074055 -0.897586 -0.434575 2.000000
-0.094905 -0.014581 0.299000 0.056007 -0.873383 -0.483803 2.000000
-0.087875 -0.014581 0.299000 -0.004031 -0.923146 -0.384429 2.000000
-0.093572 -0.013785 0.297000 -0.128186 -0.867576 -0.480501 2.000000
-0.086297 -0.013739 0.296000 -0.087966 -0.868982 -0.486961 2.000000
-0.080409 -0.013924 0.300000 0.029293 -0.920983 -0.388501 2.000000
-0.087788 -0.012955 0.294000 -0.106582 -0.860219 -0.498662 2.000000
-0.081150 -0.012999 0.295000 -0.151532 -0.886555 -0.437102 2.000000
-0.049476 -0.013439 0.305000 0.562208 -0.244402 -0.790057 2.000000
-0.085818 -0.012180 0.292000 -0.161735 -0.807950 -0.566621 2.000000
-0.074484 -0.012013 0.288000 -0.365096 -0.761777 -0.535164 2.000000
-0.054139 -0.012639 0.303000 0.768233 -0.331880 -0.547424 2.000000
-0.047325 -0.012722 0.305000 0.171297 -0.359214 -0.917400 2.000000
-0.085230 -0.011414 0.290000 -0.220123 -0.747389 -0.626862 2.000000
-0.077600 -0.011296 0.287000 -0.435197 -0.702074 -0.563644 2.000000
-0.069123 -0.011021 0.280000 -0.031339 -0.471853 -0.881120 2.000000
-0.062092 -0.010942 0.278000 -0.282364 0.231776 0.930887 2.000000
-0.057554 -0.011336 0.288000 0.631885 -0.583102 -0.510601 2.000000
-0.052545 -0.011729 0.298000 0.587130 -0.671173 -0.452555 2.000000
-0.046455 -0.011966 0.304000 0.159996 -0.413806 -0.896195 2.000000
-0.084642 -0.010659 0.288000 -0.304351 -0.709862 -0.635190 2.000000
-0.076518 -0.010474 0.283000 -0.430082 -0.618697 -0.657453 2.000000
-0.069123 -0.010363 0.280000 -0.031339 -0.471853 -0.881120 2.000000
-0.062092 -0.010288 0.278000 -0.282364 0.231776 0.930887 2.000000
-0.057754 -0.010696 0.289000 0.431075 -0.798369 -0.420454 2.000000
-0.051840 -0.010881 0.294000 0.391623 -0.851286 -0.349206 2.000000
-0.046302 -0.011214 0.303000 0.159996 -0.413806 -0.896195 2.000000
-0.085023 -0.009947 0.287000 -0.300197 -0.675450 -0.673535 2.000000
-0.076093 -0.009669 0.279000 -0.354207 -0.549014 -0.757048 2.000000
-0.069532 -0.009669 0.279000 -0.008187 -0.353469 -0.935410 2.000000
-0.062746 -0.009635 0.278000 -0.279598 0.235989 0.930663 2.000000
-0.057220 -0.009808 0.283000 -0.618061 0.426583 0.660324 2.000000
-0.051995 -0.010085 0.291000 0.532528 -0.719506 -0.445787 2.000000
-0.046549 -0.010397 0.300000 0.415090 -0.763839 -0.494217 2.000000
-0.086373 -0.009272 0.287000 -0.174495 -0.597014 -0.783024 2.000000
-0.077127 -0.008981 0.278000 -0.388493 -0.484888 -0.783554 2.000000
-0.070844 -0.009013 0.279000 -0.092061 -0.462878 -0.881628 2.000000
-0.064053 -0.008981 0.278000 -0.196680 0.273862 0.941444 2.000000
-0.057930 -0.009046 0.280000 -0.537104 0.024141 0.843170 2.000000
-0.052447 -0.009240 0.286000 0.552230 -0.638890 -0.535595 2.000000
-0.047480 -0.009595 0.297000 0.370700 -0.871022 -0.322339 2.000000
-0.088705 -0.008627 0.288000 -0.092762 -0.667534 -0.738779 2.000000
-0.079657 -0.008387 0.280000 0.575106 0.303789 0.759582 2.000000
-0.072551 -0.008327 0.278000 -0.176252 -0.456977 -0.871841 2.000000
-0.065777 -0.008297 0.277000 0.056411 -0.364455 -0.929511 2.000000
-0.059692 -0.008357 0.279000 -0.456037 -0.029723 0.889464 2.000000
-0.053893 -0.008477 0.283000 0.562216 -0.531392 -0.633669 2.000000
-0.048741 -0.008747 0.292000 0.445449 -0.788888 -0.423357 2.000000
-0.090737 -0.007950 0.288000 -0.080132 -0.657039 -0.749586 2.000000
-0.083090 -0.007867 0.285000 -0.447052 -0.429624 -0.784581 2.000000
-0.074244 -0.007646 0.277000 -0.252394 -0.448663 -0.857321 2.000000
-0.067731 -0.007646 0.277000 -0.010773 -0.390205 -0.920665 2.000000
-0.061439 -0.007674 0.278000 -0.428150 -0.019564 0.903496 2.000000
-0.055692 -0.007784 0.282000 -0.589273 0.403710 0.699839 2.000000
-0.050105 -0.007950 0.288000 0.495074 -0.705740 -0.506786 2.000000
-0.044837 -0.008226 0.298000 0.349960 -0.872391 -0.341264 2.000000
-0.085023 -0.007247 0.287000 -0.161801 -0.525865 -0.835037 2.000000
-0.075547 -0.006995 0.277000 -0.272826 -0.413075 -0.868870 2.000000
-0.068785 -0.006970 0.276000 0.001584 -0.385558 -0.922682 2.000000
-0.062746 -0.007020 0.278000 -0.401378 -0.045510 0.914781 2.000000
-0.056816 -0.007096 0.281000 -0.545556 0.107174 0.831194 2.000000
-0.051102 -0.007222 0.286000 0.511344 -0.624990 -0.589843 2.000000
-0.045773 -0.007449 0.295000 0.373991 -0.859060 -0.349495 2.000000
-0.087351 -0.006595 0.288000 -0.086248 -0.555455 -0.827061 2.000000
-0.078061 -0.006389 0.279000 0.524364 0.217531 0.823239 2.000000
-0.070988 -0.006343 0.277000 -0.020256 -0.391764 -0.919843 2.000000
-0.064474 -0.006343 0.277000 -0.328677 0.109754 0.938043 2.000000
-0.058589 -0.006412 0.280000 -0.470049 0.013295 0.882540 2.000000
-0.052934 -0.006527 0.285000 0.537098 -0.551495 -0.638262 2.000000
-0.047368 -0.006687 0.292000 0.373037 -0.836346 -0.401708 2.000000
-0.087047 -0.005898 0.287000 -0.133033 -0.513880 -0.847484 2.000000
-0.078061 -0.005733 0.279000 0.551689 0.192681 0.811488 2.000000
-0.070988 -0.005692 0.277000 -0.020256 -0.391764 -0.919843 2.000000
-0.064474 -0.005692 0.277000 -0.362447 0.161629 0.917882 2.000000
-0.058589 -0.005754 0.280000 -0.475599 0.064943 0.877262 2.000000
-0.052934 -0.005857 0.285000 0.532593 -0.537158 -0.654069 2.000000
-0.047205 -0.005980 0.291000 0.358656 -0.832702 -0.421869 2.000000
-0.084727 -0.005205 0.286000 -0.217603 -0.464754 -0.858285 2.000000
-0.075820 -0.005059 0.278000 0.428719 0.311628 0.847990 2.000000
-0.068785 -0.005023 0.276000 0.002499 -0.424254 -0.905540 2.000000
-0.062972 -0.005077 0.279000 -0.433338 0.040671 0.900313 2.000000
-0.056816 -0.005114 0.281000 -0.484605 0.231335 0.843589 2.000000
-0.051280 -0.005223 0.287000 0.511344 -0.624990 -0.589843 2.000000
-0.045153 -0.005296 0.291000 0.363365 -0.833896 -0.415431 2.000000
-0.079942 -0.004453 0.281000 0.624437 0.107811 0.773599 2.000000
-0.072290 -0.004389 0.277000 -0.181605 -0.329698 -0.926455 2.000000
-0.065777 -0.004389 0.277000 0.316568 -0.327411 -0.890273 2.000000
-0.059906 -0.004437 0.280000 -0.405067 0.063904 0.912051 2.000000
-0.054083 -0.004500 0.284000 0.523841 -0.472794 -0.708559 2.000000
-0.048073 -0.004564 0.288000 0.359140 -0.749298 -0.556391 2.000000
-0.078340 -0.003779 0.280000 0.609153 0.125953 0.782987 2.000000
-0.070731 -0.003725 0.276000 -0.090567 -0.385312 -0.918331 2.000000
-0.064707 -0.003752 0.278000 0.403415 -0.257937 -0.877909 2.000000
-0.058589 -0.003779 0.280000 0.400368 -0.265034 -0.877190 2.000000
-0.052934 -0.003846 0.285000 0.526967 -0.514461 -0.676488 2.000000
-0.046556 -0.003873 0.287000 0.356035 -0.789137 -0.500501 2.000000
-0.067242 -0.003064 0.275000 -0.029253 -0.531194 -0.846745 2.000000
-0.061881 -0.003120 0.280000 -0.425180 0.190749 0.884781 2.000000
-0.055692 -0.003142 0.282000 0.431508 -0.401813 -0.807680 2.000000
-0.078555 -0.055870 0.259000 -0.027882 0.996224 -0.082226 0.000000
-0.074908 -0.058243 0.270000 0.012239 0.982453 -0.186106 0.000000
-0.067035 -0.056949 0.264000 0.089229 0.837582 0.538976 0.000000
-0.060137 -0.056302 0.261000 0.020366 0.442924 0.896328 0.000000
-0.052958 -0.057164 0.265000 -0.707031 0.250871 0.661189 0.000000
-0.085376 -0.056968 0.267000 0.085565 0.970251 -0.226475 0.000000
-0.077913 -0.056115 0.263000 -0.002339 0.991414 -0.130740 0.000000
-0.073092 -0.057181 0.268000 0.012836 0.990996 -0.133271 0.000000
-0.065545 -0.056115 0.263000 -0.516797 0.477727 -0.710421 0.000000
-0.055438 -0.055901 0.262000 -0.511613 0.114415 0.851564 0.000000
-0.049059 -0.057821 0.271000 -0.818183 -0.185632 0.544167 0.000000
-0.085696 -0.056551 0.268000 0.088958 0.978709 -0.184973 0.000000
-0.077913 -0.055496 0.263000 -0.002339 0.991414 -0.130740 0.000000
-0.072462 -0.056551 0.268000 -0.017405 0.996190 -0.085456 0.000000
-0.063205 -0.055074 0.261000 0.342350 0.051859 0.938140 0.000000
-0.056454 -0.055074 0.261000 -0.379925 -0.006610 0.924994 0.000000
-0.050782 -0.056973 0.270000 -0.756424 0.061879 0.651147 0.000000
-0.044434 -0.056973 0.270000 -0.813460 -0.253962 0.523245 0.000000
-0.080697 -0.054669 0.262000 0.013401 0.984304 -0.175973 0.000000
-0.076528 -0.056130 0.269000 0.014169 0.984525 -0.174670 0.000000
-0.068794 -0.055504 0.266000 -0.153177 0.986890 -0.050839 0.000000
-0.059906 -0.054252 0.260000 -0.008936 0.117323 0.993054 0.000000
-0.053590 -0.054669 0.262000 -0.704972 0.050878 0.707408 0.000000
-0.048422 -0.056547 0.271000 -0.818183 -0.185632 0.544167 0.000000
-0.094819 -0.058592 0.284000 0.437966 0.503130 0.745014 0.000000
-0.082244 -0.054672 0.265000 0.088448 0.965936 -0.243197 0.000000
-0.076874 -0.055291 0.268000 0.014169 0.984525 -0.174670 0.000000
-0.070572 -0.055291 0.268000 -0.045343 0.996081 -0.075940 0.000000
-0.062591 -0.053847 0.261000 0.318894 -0.426308 0.846504 0.000000
-0.056238 -0.053640 0.260000 -0.379925 -0.006610 0.924994 0.000000
-0.051227 -0.055497 0.269000 -0.764101 0.065847 0.641727 0.000000
-0.045235 -0.055910 0.271000 -0.808360 -0.332085 0.486081 0.000000
-0.094819 -0.057924 0.284000 0.437966 0.503130 0.745014 0.000000
-0.082865 -0.054457 0.267000 0.101284 0.962157 -0.252975 0.000000
-0.077160 -0.054865 0.269000 0.002001 0.981932 -0.189222 0.000000
-0.070572 -0.054661 0.268000 -0.045343 0.996081 -0.075940 0.000000
-0.062352 -0.053029 0.260000 0.318894 -0.426308 0.846504 0.000000
-0.056238 -0.053029 0.260000 -0.379925 -0.006610 0.924994 0.000000
-0.051667 -0.054661 0.268000 -0.727775 0.037998 0.684762 0.000000
-0.045703 -0.055069 0.270000 -0.823019 -0.185184 0.536979 0.000000
-0.108527 -0.059272 0.294000 0.402722 0.475537 0.782099 0.000000
-0.096495 -0.057861 0.287000 0.360886 0.595672 0.717590 0.000000
-0.084744 -0.054635 0.271000 0.026537 0.962752 -0.269080 0.000000
-0.077793 -0.054232 0.269000 0.002001 0.981932 -0.189222 0.000000
-0.071999 -0.054635 0.271000 -0.006200 0.965118 -0.261744 0.000000
-0.063205 -0.052619 0.261000 0.318894 -0.426308 0.846504 0.000000
-0.056849 -0.052418 0.260000 -0.325984 -0.195635 0.924912 0.000000
-0.051906 -0.053627 0.266000 -0.778043 0.062564 0.625088 0.000000
-0.046338 -0.054434 0.270000 -0.823019 -0.185184 0.536979 0.000000
-0.034717 -0.057256 0.284000 0.425045 0.727704 -0.538315 0.000000
-0.109910 -0.058581 0.294000 0.560897 0.417123 0.715124 0.000000
-0.103347 -0.058780 0.295000 0.314605 0.375609 0.871746 0.000000
-0.091508 -0.055791 0.280000 0.218110 0.389481 0.894837 0.000000
-0.081891 -0.053799 0.270000 0.254797 0.889858 -0.378459 0.000000
-0.076102 -0.054197 0.272000 0.118573 0.957868 -0.261588 0.000000
-0.067912 -0.052803 0.265000 -0.395634 0.855162 -0.334922 0.000000
-0.060285 -0.051607 0.259000 0.058636 -0.349805 0.934986 0.000000
-0.054404 -0.051806 0.260000 -0.485875 -0.114042 0.866556 0.000000
-0.049962 -0.053600 0.269000 -0.763715 -0.069228 0.641831 0.000000
-0.041678 -0.055194 0.277000 0.530049 0.743815 -0.407170 0.000000
-0.032385 -0.057186 0.287000 0.480012 0.726203 -0.492157 0.000000
-0.107469 -0.057693 0.293000 0.261331 0.527692 0.808237 0.000000
-0.100236 -0.057496 0.292000 0.411694 0.459695 0.786886 0.000000
-0.087922 -0.054542 0.277000 0.035121 0.969533 -0.242431 0.000000
-0.079646 -0.053361 0.271000 0.016250 0.974632 -0.223224 0.000000
-0.074085 -0.053952 0.274000 0.091892 0.933602 -0.346328 0.000000
-0.061740 -0.051195 0.260000 0.241107 -0.458190 0.855528 0.000000
-0.055627 -0.051195 0.260000 -0.401762 -0.178811 0.898117 0.000000
-0.051036 -0.052770 0.268000 -0.722215 -0.017570 0.691445 0.000000
-0.045402 -0.053558 0.272000 -0.840773 -0.297002 0.452648 0.000000
-0.036591 -0.055724 0.283000 0.407720 0.766061 -0.496906 0.000000
-0.112894 -0.056615 0.291000 0.779293 0.328875 0.533426 0.000000
-0.106416 -0.056809 0.292000 0.297348 0.494860 0.816515 0.000000
-0.098868 -0.056420 0.290000 0.445762 0.456798 0.769826 0.000000
-0.088557 -0.054280 0.279000 -0.255415 0.951354 0.172306 0.000000
-0.080527 -0.053307 0.274000 0.084680 0.898423 -0.430890 0.000000
-0.074355 -0.053502 0.275000 0.130582 0.926372 -0.353248 0.000000
-0.060285 -0.050389 0.259000 -0.101549 -0.227293 0.968517 0.000000
-0.054613 -0.050778 0.261000 -0.533128 -0.131779 0.835708 0.000000
-0.049776 -0.052140 0.268000 -0.719731 0.001598 0.694251 0.000000
-0.044934 -0.053891 0.277000 0.605796 0.703757 -0.371128 0.000000
-0.038451 -0.054864 0.282000 0.393988 0.753568 -0.526221 0.000000
-0.032385 -0.055837 0.287000 -0.630606 -0.574779 0.521503 0.000000
-0.108476 -0.056123 0.292000 0.306304 0.398188 0.864653 0.000000
-0.101610 -0.056123 0.292000 0.418944 0.406675 0.811851 0.000000
-0.091174 -0.054008 0.281000 0.065305 0.400892 0.913795 0.000000
-0.083965 -0.053624 0.279000 -0.274862 0.897947 -0.343720 0.000000
-0.074512 -0.053432 0.278000 0.237869 0.871354 -0.429138 0.000000
-0.060517 -0.049972 0.260000 0.042835 -0.487583 0.872025 0.000000
-0.054613 -0.050164 0.261000 -0.497655 -0.236671 0.834462 0.000000
-0.049776 -0.051510 0.268000 -0.719731 0.001598 0.694251 0.000000
-0.038588 -0.054393 0.283000 0.390152 0.748653 -0.536004 0.000000
-0.032385 -0.055162 0.287000 -0.630606 -0.574779 0.521503 0.000000
-0.108476 -0.055436 0.292000 0.306304 0.398188 0.864653 0.000000
-0.101262 -0.055246 0.291000 0.367498 0.439684 0.819526 0.000000
-0.090850 -0.053158 0.280000 0.077321 0.351076 0.933149 0.000000
-0.084567 -0.053348 0.281000 -0.244619 0.864440 -0.439210 0.000000
-0.074390 -0.053158 0.280000 -0.000725 0.882550 -0.470219 0.000000
-0.057682 -0.049551 0.261000 -0.243912 -0.335070 0.910074 0.000000
-0.052334 -0.050310 0.265000 -0.780752 -0.145746 0.607606 0.000000
-0.040441 -0.053538 0.282000 0.368890 0.751677 -0.546719 0.000000
-0.034289 -0.054297 0.286000 0.562170 0.606373 -0.562385 0.000000
-0.110460 -0.054374 0.290000 0.609641 0.307677 0.730529 0.000000
-0.103284 -0.054187 0.289000 0.228717 0.530885 0.815996 0.000000
-0.094485 -0.053062 0.283000 0.303829 0.257351 0.917310 0.000000
-0.087831 -0.053062 0.283000 -0.183406 0.422763 0.887488 0.000000
-0.079742 -0.052124 0.278000 0.245963 0.851299 -0.463456 0.000000
-0.074258 -0.052874 0.282000 -0.043167 0.872053 -0.487504 0.000000
-0.058909 -0.048937 0.261000 -0.003582 -0.563225 0.826296 0.000000
-0.053379 -0.049500 0.264000 -0.722485 -0.235599 0.650006 0.000000
-0.045082 -0.052874 0.282000 0.663883 0.667825 -0.336555 0.000000
-0.038724 -0.053249 0.284000 0.406455 0.688759 -0.600338 0.000000
-0.032497 -0.053999 0.288000 -0.680638 -0.555986 0.477086 0.000000
-0.109096 -0.053693 0.290000 0.090994 0.485410 0.869539 0.000000
-0.101572 -0.053322 0.288000 0.410314 0.424998 0.806858 0.000000
-0.092496 -0.052026 0.281000 0.279274 0.242481 0.929090 0.000000
-0.087111 -0.052767 0.285000 -0.230045 0.565134 0.792277 0.000000
-0.078717 -0.051656 0.279000 0.311039 0.904918 -0.290478 0.000000
-0.072674 -0.052026 0.281000 -0.042067 0.801471 -0.596553 0.000000
-0.058519 -0.048508 0.262000 -0.082738 0.655801 -0.750387 0.000000
-0.052758 -0.048879 0.264000 -0.767772 -0.147774 0.623449 0.000000
-0.043911 -0.052397 0.283000 0.605573 0.685335 -0.404471 0.000000
-0.037652 -0.052952 0.286000 0.424757 0.673989 -0.604418 0.000000
-0.031359 -0.053693 0.290000 -0.638540 -0.589976 0.494161 0.000000
-0.106682 -0.052828 0.289000 0.275083 0.410081 0.869576 0.000000
-0.098849 -0.052279 0.286000 0.570479 0.314203 0.758835 0.000000
-0.090514 -0.051365 0.281000 0.191293 0.469897 0.861745 0.000000
-0.085399 -0.052279 0.286000 -0.222348 0.848519 -0.480185 0.000000
-0.077024 -0.051183 0.280000 0.171505 0.807699 -0.564099 0.000000
-0.070691 -0.051365 0.281000 -0.135478 0.771869 -0.621180 0.000000
-0.057103 -0.048258 0.264000 0.170980 0.677156 -0.715699 0.000000
-0.051088 -0.048441 0.265000 -0.787523 0.060284 0.613329 0.000000
-0.042881 -0.052097 0.285000 0.415620 0.686725 -0.596380 0.000000
-0.036561 -0.052645 0.288000 0.472490 0.628575 -0.617775 0.000000
-0.110667 -0.051787 0.287000 0.524493 0.227205 0.820539 0.000000
-0.103919 -0.051787 0.287000 0.120244 0.435229 0.892254 0.000000
-0.096155 -0.051246 0.284000 0.465216 0.274698 0.841496 0.000000
-0.088846 -0.050885 0.282000 0.212025 0.187549 -0.959099 0.000000
-0.082799 -0.051246 0.284000 -0.210421 0.899005 -0.384075 0.000000
-0.075585 -0.050885 0.282000 0.025695 0.618575 -0.785305 0.000000
-0.068465 -0.050524 0.280000 -0.401245 0.773851 -0.490058 0.000000
-0.053999 -0.047637 0.264000 -0.786472 -0.054435 0.615222 0.000000
-0.047067 -0.051607 0.286000 0.663825 0.609632 -0.433226 0.000000
-0.040483 -0.051787 0.287000 0.284132 0.661842 -0.693710 0.000000
-0.034322 -0.052690 0.292000 0.629908 0.596223 -0.497729 0.000000
-0.108344 -0.051291 0.288000 0.256090 0.331742 0.907946 0.000000
-0.100514 -0.050756 0.285000 0.493049 0.157821 0.855567 0.000000
-0.092496 -0.050044 0.281000 0.295279 0.293202 0.909309 0.000000
-0.087722 -0.051113 0.287000 -0.146058 0.357802 0.922304 0.000000
-0.079281 -0.050044 0.281000 0.236180 0.723693 0.648450 0.000000
-0.073449 -0.050578 0.284000 0.080798 0.257784 -0.962818 0.000000
-0.059229 -0.047729 0.268000 0.043671 0.883047 -0.467248 0.000000
-0.050846 -0.047551 0.267000 -0.621368 -0.033798 0.782789 0.000000
-0.045049 -0.050934 0.286000 0.563081 0.550351 -0.616485 0.000000
-0.038592 -0.051291 0.288000 0.407782 0.643743 -0.647540 0.000000
-0.032594 -0.052537 0.295000 0.581572 0.633471 -0.510380 0.000000
-0.104594 -0.050438 0.287000 0.230106 0.232347 0.945022 0.000000
-0.096140 -0.049559 0.282000 0.415359 0.177490 0.892174 0.000000
-0.089192 -0.049383 0.281000 0.001620 0.384348 0.923187 0.000000
-0.084054 -0.050262 0.286000 -0.204266 0.978162 -0.038392 0.000000
-0.075977 -0.049383 0.281000 0.037119 0.511294 -0.858604 0.000000
-0.070604 -0.050262 0.286000 0.145242 0.196067 -0.969775 0.000000
-0.056073 -0.046571 0.265000 -0.628671 0.305692 -0.715070 0.000000
-0.048412 -0.050262 0.286000 -0.796333 -0.170022 0.580470 0.000000
-0.041301 -0.050613 0.288000 0.200909 0.634475 -0.746376 0.000000
-0.035129 -0.051492 0.293000 0.584494 0.634330 -0.505957 0.000000
-0.108643 -0.049763 0.287000 0.435531 -0.087332 0.895927 0.000000
-0.101184 -0.049416 0.285000 0.432704 0.030117 0.901033 0.000000
-0.093157 -0.048723 0.281000 0.367050 0.252256 0.895344 0.000000
-0.087473 -0.049243 0.284000 -0.215428 0.296490 0.930422 0.000000
-0.080226 -0.048896 0.282000 0.134271 0.397095 0.907902 0.000000
-0.070604 -0.049589 0.286000 0.189721 0.225507 -0.955590 0.000000
-0.058817 -0.046642 0.269000 0.622978 0.776282 0.096360 0.000000
-0.048741 -0.049243 0.284000 -0.810695 0.157516 0.563881 0.000000
-0.042804 -0.050110 0.289000 0.356634 0.566579 -0.742833 0.000000
-0.036382 -0.050630 0.292000 0.571544 0.650644 -0.500000 0.000000
-0.109896 -0.048746 0.285000 0.553013 -0.335613 0.762588 0.000000
-0.103919 -0.049088 0.287000 0.423362 -0.254377 0.869516 0.000000
-0.095139 -0.048062 0.281000 0.439879 0.110992 0.891172 0.000000
-0.087901 -0.047720 0.279000 0.238811 0.335705 0.911192 0.000000
-0.082507 -0.048404 0.283000 -0.176957 0.782267 0.597281 0.000000
-0.071698 -0.048746 0.285000 0.196464 0.071157 -0.977926 0.000000
-0.062944 -0.047207 0.276000 -0.678746 0.571684 -0.460957 0.000000
-0.053795 -0.044983 0.263000 -0.846151 0.114410 -0.520518 0.000000
-0.046041 -0.049259 0.288000 -0.594777 0.120119 0.794866 0.000000
-0.039542 -0.049601 0.290000 0.351469 0.124155 -0.927931 0.000000
-0.033400 -0.050627 0.296000 0.582753 0.471866 -0.661621 0.000000
-0.108937 -0.048244 0.286000 0.553013 -0.335613 0.762588 0.000000
-0.098478 -0.047738 0.283000 0.590341 -0.170392 0.788964 0.000000
-0.090201 -0.046895 0.278000 0.483999 0.167715 0.858846 0.000000
-0.084567 -0.047401 0.281000 0.098330 0.705458 0.701898 0.000000
-0.077960 -0.047401 0.281000 -0.137690 0.113106 0.983996 0.000000
-0.056910 -0.044871 0.266000 0.514783 0.140358 0.845753 0.000000
-0.048887 -0.047401 0.281000 -0.846203 0.323902 0.423116 0.000000
-0.043483 -0.048751 0.289000 -0.421172 0.038803 0.906150 0.000000
-0.036941 -0.049088 0.291000 -0.700875 -0.468669 0.537702 0.000000
-0.030823 -0.050269 0.298000 -0.719118 -0.180852 0.670941 0.000000
-0.105005 -0.048237 0.290000 -0.420286 0.441368 -0.792814 0.000000
-0.095139 -0.046740 0.281000 0.487482 0.095717 0.867871 0.000000
-0.086956 -0.045909 0.276000 0.217277 0.376810 0.900447 0.000000
-0.079657 -0.046574 0.280000 -0.476607 0.358937 0.802502 0.000000
-0.068048 -0.046740 0.281000 0.552340 0.031791 0.833013 0.000000
-0.058817 -0.044744 0.269000 0.713184 0.119971 0.690635 0.000000
-0.049964 -0.045909 0.276000 -0.961919 0.122241 0.244477 0.000000
-0.045207 -0.047738 0.287000 -0.560471 0.419318 0.714174 0.000000
-0.038860 -0.048237 0.290000 -0.441495 0.263147 0.857809 0.000000
-0.032815 -0.049402 0.297000 -0.622381 -0.322395 0.713235 0.000000
-0.101894 -0.047063 0.287000 0.470765 -0.415114 0.778499 0.000000
-0.092825 -0.045916 0.280000 0.478134 0.120474 0.869985 0.000000
-0.084701 -0.045096 0.275000 0.061280 0.429801 0.900842 0.000000
-0.079373 -0.045752 0.279000 -0.579083 0.315442 0.751771 0.000000
-0.062716 -0.045096 0.275000 0.638441 0.309462 0.704718 0.000000
-0.053590 -0.042964 0.262000 -0.514582 0.093789 0.852296 0.000000
-0.047883 -0.045752 0.279000 -0.806772 0.404903 0.430317 0.000000
-0.042655 -0.047227 0.288000 -0.358144 0.382252 0.851831 0.000000
-0.036133 -0.047555 0.290000 -0.713992 0.010425 0.700076 0.000000
-0.109219 -0.047520 0.294000 0.763499 -0.344768 0.546081 0.000000
-0.098158 -0.045904 0.284000 0.621564 -0.207106 0.755490 0.000000
-0.089225 -0.044772 0.277000 0.504275 0.055378 0.861765 0.000000
-0.082413 -0.044611 0.276000 -0.150150 0.479975 0.864338 0.000000
-0.062488 -0.044287 0.274000 0.716661 0.160214 0.678770 0.000000
-0.053386 -0.042186 0.261000 -0.624475 0.064409 0.778384 0.000000
-0.047227 -0.045096 0.279000 -0.806772 0.404903 0.430317 0.000000
-0.041978 -0.046550 0.288000 -0.381957 0.406652 0.829905 0.000000
-0.035451 -0.046874 0.290000 -0.508741 0.425067 0.748666 0.000000
-0.107836 -0.046829 0.294000 0.604801 -0.465117 0.646438 0.000000
-0.096481 -0.045077 0.283000 0.679251 -0.105744 0.726248 0.000000
-0.086970 -0.043643 0.274000 0.444830 -0.184616 0.876381 0.000000
-0.080821 -0.043802 0.275000 -0.443522 0.479681 0.757096 0.000000
-0.062671 -0.043325 0.272000 0.730733 0.155046 0.664824 0.000000
-0.053999 -0.041572 0.261000 -0.428015 0.074815 0.900670 0.000000
-0.049421 -0.043484 0.273000 -0.885061 0.255723 0.388938 0.000000
-0.044577 -0.045077 0.283000 -0.593038 0.507769 0.624881 0.000000
-0.038458 -0.045714 0.287000 -0.208620 0.561937 0.800440 0.000000
-0.032008 -0.047147 0.296000 -0.820133 0.020195 0.571816 0.000000
-0.103999 -0.045667 0.291000 0.571938 -0.426694 0.700585 0.000000
-0.092825 -0.043940 0.280000 0.562266 0.038607 0.826055 0.000000
-0.084085 -0.042842 0.273000 0.339029 -0.206717 0.917784 0.000000
-0.070844 -0.043783 0.279000 0.272895 0.442668 0.854151 0.000000
-0.060715 -0.042214 0.269000 0.882622 0.176917 0.435522 0.000000
-0.052772 -0.040959 0.261000 -0.570263 0.066904 0.818733 0.000000
-0.047669 -0.042999 0.274000 -0.829745 0.387523 0.401683 0.000000
-0.042881 -0.044725 0.285000 -0.419510 0.573660 0.703510 0.000000
-0.036307 -0.044882 0.286000 -0.360809 0.526704 0.769675 0.000000
-0.111031 -0.045910 0.297000 0.800425 -0.358348 0.480528 0.000000
-0.101245 -0.044673 0.289000 0.556727 -0.383132 0.737065 0.000000
-0.090201 -0.042973 0.278000 0.521462 -0.064705 0.850818 0.000000
-0.082159 -0.042200 0.273000 0.131179 0.025420 0.991033 0.000000
-0.070844 -0.043127 0.279000 0.337946 0.471177 0.814730 0.000000
-0.060038 -0.041118 0.266000 0.673329 0.325742 0.663717 0.000000
-0.052772 -0.040345 0.261000 -0.605929 -0.062424 0.793066 0.000000
-0.048422 -0.041891 0.271000 -0.900467 0.118916 0.418351 0.000000
-0.043756 -0.043591 0.282000 -0.524217 0.575635 0.627568 0.000000
-0.037520 -0.044055 0.285000 -0.273381 0.624513 0.731605 0.000000
-0.110333 -0.045211 0.297000 0.660890 -0.386623 0.643232 0.000000
-0.100566 -0.043994 0.289000 0.598480 -0.342426 0.724270 0.000000
-0.089225 -0.042167 0.277000 0.464989 -0.178855 0.867062 0.000000
-0.081816 -0.041710 0.274000 0.157230 -0.047969 0.986396 0.000000
-0.076250 -0.043689 0.287000 0.037194 -0.270259 -0.962069 0.000000
-0.063402 -0.040645 0.267000 0.876315 0.243908 0.415429 0.000000
-0.053181 -0.039579 0.260000 -0.561219 -0.166464 0.810754 0.000000
-0.048697 -0.040949 0.269000 -0.825918 0.044465 0.562034 0.000000
-0.044262 -0.042776 0.281000 -0.615795 0.523987 0.588417 0.000000
-0.038190 -0.043385 0.285000 -0.261786 0.642797 0.719916 0.000000
-0.110333 -0.044513 0.297000 0.660890 -0.386623 0.643232 0.000000
-0.100914 -0.043464 0.290000 0.659752 -0.306487 0.686144 0.000000
-0.090525 -0.041815 0.279000 0.519579 -0.164253 0.838486 0.000000
-0.082460 -0.041066 0.274000 0.333173 -0.300985 0.893535 0.000000
-0.077960 -0.042115 0.281000 -0.307663 0.500616 0.809152 0.000000
-0.065775 -0.040317 0.269000 0.688283 0.340608 0.640510 0.000000
-0.056849 -0.038968 0.260000 0.087554 -0.183270 0.979156 0.000000
-0.050406 -0.040167 0.268000 -0.835656 -0.042446 0.547610 0.000000
-0.045092 -0.041066 0.274000 -0.836616 0.349368 0.421919 0.000000
-0.040060 -0.042565 0.284000 -0.186006 0.590984 0.784946 0.000000
-0.033499 -0.042715 0.285000 -0.552671 0.497842 0.668362 0.000000
-0.104379 -0.043372 0.294000 0.647234 -0.238236 0.724107 0.000000
-0.093488 -0.041602 0.282000 0.621010 -0.099413 0.777472 0.000000
-0.084701 -0.040569 0.275000 0.306408 -0.351584 0.884592 0.000000
-0.079088 -0.041012 0.278000 -0.569834 0.273982 0.774741 0.000000
-0.073449 -0.041897 0.284000 -0.116484 0.340216 0.933105 0.000000
-0.060367 -0.038651 0.262000 0.599982 0.451141 0.660677 0.000000
-0.052974 -0.038651 0.262000 -0.506903 -0.463425 0.726833 0.000000
-0.047255 -0.039537 0.268000 -0.803431 -0.096181 0.587577 0.000000
-0.042279 -0.041454 0.281000 -0.475604 0.403879 0.781462 0.000000
-0.035926 -0.041749 0.283000 -0.444887 0.493756 0.747182 0.000000
-0.107874 -0.042971 0.296000 0.648230 -0.362803 0.669457 0.000000
-0.098186 -0.041810 0.288000 0.714302 -0.248304 0.654307 0.000000
-0.088240 -0.040358 0.278000 0.405829 -0.272342 0.872429 0.000000
-0.081409 -0.040213 0.277000 0.114330 -0.295394 0.948510 0.000000
-0.075977 -0.040794 0.281000 -0.193981 0.535011 0.822274 0.000000
-0.061599 -0.038035 0.262000 0.692888 0.361970 0.623606 0.000000
-0.054804 -0.037600 0.259000 -0.362784 -0.639020 0.678264 0.000000
-0.046799 -0.039052 0.269000 -0.786424 -0.175510 0.592227 0.000000
-0.041767 -0.040939 0.282000 -0.278451 0.457531 0.844471 0.000000
-0.035260 -0.041084 0.283000 -0.546069 0.386991 0.742998 0.000000
-0.107874 -0.042275 0.296000 0.648230 -0.362803 0.669457 0.000000
-0.098186 -0.041133 0.288000 0.735549 -0.202799 0.646406 0.000000
-0.088240 -0.039704 0.278000 0.371746 -0.233167 0.898575 0.000000
-0.081703 -0.039704 0.278000 -0.006963 0.343627 -0.939080 0.000000
-0.075707 -0.039990 0.280000 -0.163102 0.632915 0.756847 0.000000
-0.062831 -0.037419 0.262000 0.380781 -0.666312 0.641119 0.000000
-0.056238 -0.037134 0.260000 -0.242662 -0.722790 0.647063 0.000000
-0.049590 -0.038133 0.267000 -0.672444 -0.396132 0.625219 0.000000
-0.041619 -0.040133 0.281000 -0.299051 0.364965 0.881685 0.000000
-0.035260 -0.040419 0.283000 -0.563186 0.324460 0.759965 0.000000
-0.105428 -0.041439 0.295000 0.660429 -0.149205 0.735915 0.000000
-0.094819 -0.039894 0.284000 0.725975 -0.067488 0.684402 0.000000
-0.086279 -0.039051 0.278000 0.315919 -0.283141 0.905553 0.000000
-0.078881 -0.038629 0.275000 0.082706 0.218548 0.972315 0.000000
-0.073595 -0.039613 0.282000 -0.085768 0.591037 0.802072 0.000000
-0.059906 -0.036522 0.260000 -0.056736 -0.828509 0.557094 0.000000
-0.053999 -0.037084 0.264000 -0.307406 -0.762200 0.569695 0.000000
-0.048335 -0.037506 0.267000 -0.763657 -0.343076 0.546925 0.000000
-0.041619 -0.039472 0.281000 -0.237851 0.357030 0.903303 0.000000
-0.035385 -0.039894 0.284000 -0.563186 0.324460 0.759965 0.000000
-0.102296 -0.040331 0.292000 0.703540 -0.093954 0.704417 0.000000
-0.091835 -0.038811 0.281000 0.339122 0.127442 0.932070 0.000000
-0.084621 -0.038535 0.279000 0.301792 -0.208626 0.930267 0.000000
-0.076662 -0.037845 0.274000 -0.030859 0.496039 0.867752 0.000000
-0.070844 -0.038535 0.279000 0.085511 0.750667 0.655124 0.000000
-0.057903 -0.036187 0.262000 -0.049540 -0.839620 0.540910 0.000000
-0.051474 -0.036878 0.267000 -0.403331 -0.547738 0.733012 0.000000
-0.045703 -0.037292 0.270000 -0.799549 -0.194772 0.568142 0.000000
-0.040958 -0.038811 0.281000 -0.272213 0.234497 0.933226 0.000000
-0.111405 -0.040459 0.298000 0.641210 0.020208 0.767099 0.000000
-0.100914 -0.039373 0.290000 0.722329 -0.067488 0.688248 0.000000
-0.090850 -0.038015 0.280000 0.378084 0.088968 0.921486 0.000000
-0.083965 -0.037879 0.279000 0.347336 -0.134435 0.928054 0.000000
-0.076017 -0.037200 0.274000 -0.112846 0.636233 0.763200 0.000000
-0.070336 -0.037608 0.277000 -0.019266 0.728613 0.684654 0.000000
-0.059135 -0.035571 0.262000 -0.060490 -0.856002 0.513421 0.000000
-0.052729 -0.036250 0.267000 -0.403358 -0.573703 0.712859 0.000000
-0.046625 -0.036386 0.268000 -0.689476 -0.338726 0.640225 0.000000
-0.042129 -0.038015 0.280000 -0.492357 0.145505 0.858145 0.000000
-0.035672 -0.038151 0.281000 -0.478601 0.222798 0.849295 0.000000
-0.105071 -0.039224 0.294000 0.636175 0.016730 0.771363 0.000000
-0.094151 -0.037623 0.282000 0.553337 0.248692 0.794966 0.000000
-0.086589 -0.037223 0.279000 0.179763 0.060088 0.981873 0.000000
-0.078595 -0.036556 0.274000 0.340438 0.093846 0.935572 0.000000
-0.072415 -0.036689 0.275000 0.086116 0.661519 0.744968 0.000000
-0.063790 -0.035489 0.266000 0.392861 -0.614103 0.684498 0.000000
-0.057124 -0.035622 0.267000 -0.008383 0.807501 -0.589806 0.000000
-0.049776 -0.035756 0.268000 -0.405876 -0.445334 0.798086 0.000000
-0.044610 -0.036689 0.275000 -0.847781 -0.221034 0.482091 0.000000
-0.038837 -0.037357 0.280000 -0.384188 0.182683 0.905001 0.000000
-0.031206 -0.039358 0.295000 -0.977678 -0.002339 0.210095 0.000000
-0.105071 -0.038533 0.294000 0.636175 0.016730 0.771363 0.000000
-0.093817 -0.036829 0.281000 0.346802 0.246118 0.905071 0.000000
-0.086589 -0.036567 0.279000 0.146449 0.048554 0.988026 0.000000
-0.078595 -0.035912 0.274000 0.397245 0.080258 0.914196 0.000000
-0.072152 -0.035912 0.274000 0.109262 0.577948 0.808726 0.000000
-0.062775 -0.034994 0.267000 -0.302941 0.698711 -0.648097 0.000000
-0.056920 -0.035256 0.269000 0.086039 -0.537956 0.838571 0.000000
-0.049776 -0.035125 0.268000 -0.340749 -0.370555 0.864048 0.000000
-0.044610 -0.036043 0.275000 -0.826525 -0.254089 0.502290 0.000000
-0.038698 -0.036567 0.279000 -0.439158 0.076548 0.895143 0.000000
-0.032497 -0.037747 0.288000 -0.921921 0.117412 0.369156 0.000000
-0.107177 -0.038099 0.296000 0.602167 0.143895 0.785296 0.000000
-0.095816 -0.036426 0.283000 0.735099 0.053060 0.675880 0.000000
-0.087586 -0.035782 0.278000 0.109942 0.169064 0.979454 0.000000
-0.080758 -0.035654 0.277000 0.477576 0.081844 0.874770 0.000000
-0.072904 -0.035010 0.272000 0.133455 0.383096 0.914017 0.000000
-0.066264 -0.034881 0.271000 0.298400 -0.065823 0.952168 0.000000
-0.059671 -0.034753 0.270000 0.174571 -0.268854 0.947229 0.000000
-0.052927 -0.034495 0.268000 -0.109931 -0.457317 0.882483 0.000000
-0.046973 -0.034753 0.270000 -0.691591 -0.340380 0.637058 0.000000
-0.042129 -0.036040 0.280000 -0.407356 -0.099024 0.907885 0.000000
-0.035545 -0.036040 0.280000 -0.456116 -0.081463 0.886184 0.000000
-0.030513 -0.037970 0.295000 -0.962760 -0.097484 0.252170 0.000000
-0.104024 -0.037024 0.293000 0.618247 0.178586 0.765426 0.000000
-0.091838 -0.035255 0.279000 0.259814 0.371348 0.891402 0.000000
-0.085583 -0.035381 0.280000 0.198239 0.109961 0.973966 0.000000
-0.076742 -0.034370 0.272000 0.385041 0.248312 0.888867 0.000000
-0.070605 -0.034497 0.273000 0.081261 0.515337 0.853127 0.000000
-0.063480 -0.034118 0.270000 0.128929 -0.254104 0.958545 0.000000
-0.057131 -0.034118 0.270000 0.133529 -0.306251 0.942539 0.000000
-0.050594 -0.033991 0.269000 -0.257201 -0.403782 0.877956 0.000000
-0.045421 -0.034876 0.276000 -0.792680 -0.344638 0.502875 0.000000
-0.039495 -0.035381 0.280000 -0.433989 -0.142667 0.889550 0.000000
-0.033382 -0.035887 0.284000 -0.729381 -0.087658 0.678468 0.000000
-0.109303 -0.036955 0.298000 0.512407 0.214455 0.831534 0.000000
-0.095800 -0.034847 0.281000 0.686370 0.317714 0.654181 0.000000
-0.087922 -0.034351 0.277000 -0.043237 0.294981 0.954524 0.000000
-0.081703 -0.034475 0.278000 0.374347 0.259001 0.890384 0.000000
-0.073273 -0.033607 0.271000 0.184414 0.267600 0.945717 0.000000
-0.066264 -0.033607 0.271000 0.160797 -0.132087 0.978109 0.000000
-0.059892 -0.033607 0.271000 0.176097 -0.202627 0.963292 0.000000
-0.053124 -0.033359 0.269000 -0.186260 -0.446479 0.875193 0.000000
-0.047147 -0.033607 0.271000 -0.682688 -0.486110 0.545558 0.000000
-0.042279 -0.034847 0.281000 -0.509820 -0.127270 0.850815 0.000000
-0.035545 -0.034723 0.280000 -0.489714 -0.260400 0.832089 0.000000
-0.030513 -0.036583 0.295000 -0.913776 -0.272600 0.301170 0.000000
-0.104713 -0.035646 0.293000 0.627763 0.209643 0.749642 0.000000
-0.091830 -0.033700 0.277000 0.203451 0.462223 0.863109 0.000000
-0.085625 -0.033821 0.278000 0.083735 0.223789 0.971034 0.000000
-0.077950 -0.033335 0.274000 0.414207 0.271447 0.868763 0.000000
-0.070725 -0.032970 0.271000 0.103452 0.335875 0.936208 0.000000
-0.062441 -0.032970 0.271000 0.134927 -0.156386 0.978436 0.000000
-0.055022 -0.032726 0.269000 -0.005900 -0.285680 0.958307 0.000000
-0.049059 -0.032970 0.271000 -0.554701 -0.450025 0.699846 0.000000
-0.044104 -0.034065 0.280000 -0.582771 -0.210702 0.784846 0.000000
-0.037520 -0.034065 0.280000 -0.407112 -0.221898 0.886014 0.000000
-0.031710 -0.034916 0.287000 -0.840958 -0.369690 0.395119 0.000000
-0.106815 -0.035196 0.295000 0.517758 0.249410 0.818365 0.000000
-0.092797 -0.032929 0.276000 0.184847 0.433378 0.882052 0.000000
-0.086307 -0.032929 0.276000 0.065379 0.305672 0.949889 0.000000
-0.079817 -0.032929 0.276000 0.490019 0.219717 0.843567 0.000000
-0.071999 -0.032332 0.271000 0.161943 0.215778 0.962920 0.000000
-0.065627 -0.032332 0.271000 0.074040 -0.254593 0.964210 0.000000
-0.058617 -0.032332 0.271000 0.149159 -0.087393 0.984944 0.000000
-0.050970 -0.032332 0.271000 -0.249948 -0.358039 0.899630 0.000000
-0.045750 -0.033168 0.278000 -0.772645 -0.254368 0.581650 0.000000
-0.039636 -0.033525 0.281000 -0.391337 -0.316282 0.864188 0.000000
-0.033499 -0.034003 0.285000 -0.717761 -0.415248 0.558917 0.000000
-0.028302 -0.035912 0.301000 -0.563996 -0.337113 0.753832 0.000000
-0.095087 -0.032397 0.277000 0.393851 0.421925 0.816615 0.000000
-0.088254 -0.032280 0.276000 -0.066618 0.282705 0.956891 0.000000
-0.082060 -0.032397 0.277000 0.400679 0.216197 0.890345 0.000000
-0.073911 -0.031695 0.271000 0.239294 0.179191 0.954269 0.000000
-0.067538 -0.031695 0.271000 0.037836 0.041742 0.998412 0.000000
-0.061392 -0.031812 0.272000 0.143831 -0.070880 0.987061 0.000000
-0.054389 -0.031461 0.269000 -0.068151 -0.139143 0.987924 0.000000
-0.048600 -0.031812 0.272000 -0.709460 -0.440822 0.549857 0.000000
-0.043601 -0.032865 0.281000 -0.597304 -0.285461 0.749493 0.000000
-0.037125 -0.032982 0.282000 -0.493358 -0.485097 0.721996 0.000000
-0.031467 -0.034034 0.291000 -0.774934 -0.527968 0.347459 0.000000
-0.104356 -0.033465 0.292000 0.566099 0.304662 0.765972 0.000000
-0.090836 -0.031402 0.274000 0.038195 0.179574 0.983003 0.000000
-0.085317 -0.031746 0.277000 0.110626 0.265341 0.957787 0.000000
-0.077950 -0.031402 0.274000 0.479342 0.162909 0.862376 0.000000
-0.070725 -0.031058 0.271000 0.044815 0.068473 0.996646 0.000000
-0.064352 -0.031058 0.271000 0.098886 -0.240248 0.965662 0.000000
-0.057766 -0.030943 0.270000 0.131295 0.009636 0.991296 0.000000
-0.051608 -0.031058 0.271000 -0.358127 -0.316740 0.878306 0.000000
-0.046404 -0.031860 0.278000 -0.782617 -0.246811 0.571484 0.000000
-0.040441 -0.032319 0.282000 -0.507999 -0.396948 0.764441 0.000000
-0.034289 -0.032777 0.286000 -0.722536 -0.504597 0.472571 0.000000
-0.029010 -0.034496 0.301000 0.288673 0.336407 -0.896381 0.000000
-0.095739 -0.031094 0.277000 0.504404 0.450464 0.736654 0.000000
-0.089547 -0.031206 0.278000 -0.038735 0.203741 0.978258 0.000000
-0.082413 -0.030982 0.276000 0.418098 0.125067 0.899751 0.000000
-0.074548 -0.030421 0.271000 0.247615 0.052838 0.967417 0.000000
-0.046404 -0.031206 0.278000 -0.794766 -0.236280 0.559034 0.000000
-0.040441 -0.031655 0.282000 -0.513189 -0.427832 0.744041 0.000000
-0.034529 -0.032329 0.288000 -0.707963 -0.635047 0.309036 0.000000
-0.029010 -0.033788 0.301000 0.218817 0.319677 -0.921914 0.000000
-0.097086 -0.030663 0.279000 0.737682 0.434734 0.516558 0.000000
-0.090525 -0.030663 0.279000 0.055990 0.138015 0.988846 0.000000
-0.082761 -0.030223 0.275000 0.379505 0.106988 0.918983 0.000000
-0.044104 -0.030773 0.280000 -0.634752 -0.277861 0.721029 0.000000
-0.038324 -0.031432 0.286000 -0.553188 -0.682607 0.477526 0.000000
-0.032373 -0.032201 0.293000 -0.752535 -0.552799 0.357915 0.000000
-0.104683 -0.031297 0.291000 0.247008 0.323467 0.913431 0.000000
-0.092125 -0.029469 0.274000 0.006673 0.068994 0.997595 0.000000
-0.086933 -0.029899 0.278000 0.219109 0.014572 0.975592 0.000000
-0.037915 -0.030975 0.288000 -0.612157 -0.713751 0.340328 0.000000
-0.032008 -0.031835 0.296000 -0.703969 -0.589339 0.396367 0.000000
-0.103963 -0.030403 0.289000 0.292268 0.317850 0.901971 0.000000
-0.092148 -0.029035 0.276000 -0.027003 0.001771 0.999634 0.000000
-0.035488 -0.031139 0.296000 -0.681551 -0.594926 0.426088 0.000000
-0.108476 -0.030032 0.292000 0.260437 0.357924 0.896695 0.000000
-0.095047 -0.028283 0.275000 0.183489 0.131215 0.974225 0.000000
-0.037449 -0.030340 0.295000 -0.622791 -0.713959 0.319991 0.000000
-0.031030 -0.030854 0.300000 0.315558 0.329003 -0.890045 0.000000
-0.105322 -0.029043 0.289000 0.247636 0.365269 0.897360 0.000000
-0.093754 -0.027637 0.275000 -0.027003 0.001771 0.999634 0.000000
-0.035380 -0.030249 0.301000 0.359932 0.432375 -0.826741 0.000000
-0.111603 -0.028757 0.293000 0.916995 -0.242544 -0.316691 0.000000
-0.101139 -0.027775 0.283000 0.638293 0.522461 0.565346 0.000000
-0.093817 -0.027579 0.281000 0.586526 0.754044 -0.295643 0.000000
-0.033257 -0.029542 0.301000 0.260600 0.375385 -0.889479 0.000000
-0.109849 -0.027972 0.292000 0.981722 -0.161333 -0.100958 0.000000
-0.098045 -0.026631 0.278000 0.727283 0.484117 0.486509 0.000000
-0.094142 -0.027397 0.286000 0.506970 0.830801 -0.229678 0.000000
-0.031735 -0.028738 0.300000 0.278762 0.274166 -0.920394 0.000000
-0.108415 -0.027098 0.290000 0.934197 -0.230696 -0.272130 0.000000
-0.097041 -0.025884 0.277000 0.735935 0.656305 0.166324 0.000000
-0.094123 -0.026911 0.288000 0.032904 0.918889 -0.393141 0.000000
-0.113282 -0.026599 0.292000 0.921554 -0.222684 -0.318041 0.000000
-0.103136 -0.025779 0.283000 0.583173 0.546100 0.601401 0.000000
-0.095118 -0.025414 0.279000 0.612914 0.745905 -0.260696 0.000000
-0.031735 -0.027327 0.300000 0.307750 0.147681 -0.939936 0.000000
-0.106618 -0.025468 0.287000 0.958945 -0.101939 0.264636 0.000000
-0.096042 -0.024492 0.276000 0.735935 0.656305 0.166324 0.000000
-0.031841 -0.026711 0.301000 0.319489 0.015867 -0.947457 0.000000
-0.107667 -0.024880 0.288000 0.892787 -0.418963 -0.165534 0.000000
-0.096691 -0.023843 0.276000 0.703483 0.673792 0.226087 0.000000
-0.037752 -0.026176 0.303000 0.186802 0.263761 -0.946327 0.000000
-0.109778 -0.024371 0.290000 0.962185 -0.220426 -0.160041 0.000000
-0.097634 -0.023110 0.275000 0.668907 0.363387 0.648470 0.000000
-0.097798 -0.024791 0.295000 -0.180965 0.737273 -0.650907 0.000000
-0.028208 -0.025211 0.300000 0.199511 0.130540 -0.971161 0.000000
-0.104467 -0.023117 0.283000 0.713849 0.391751 0.580474 0.000000
-0.097812 -0.023117 0.283000 0.492438 0.869266 0.043377 0.000000
-0.032549 -0.024587 0.301000 0.162442 0.191337 -0.967989 0.000000
-0.025471 -0.024587 0.301000 0.055376 0.274506 -0.959990 0.000000
-0.101314 -0.022055 0.278000 0.642370 0.307803 0.701868 0.000000
-0.099879 -0.023404 0.295000 -0.020421 0.679829 -0.733086 0.000000
-0.032657 -0.023959 0.302000 0.244914 0.029909 -0.969083 0.000000
-0.025386 -0.023800 0.300000 0.055376 0.274506 -0.959990 0.000000
-0.103728 -0.021632 0.281000 0.651038 0.247105 0.717697 0.000000
-0.100236 -0.022479 0.292000 0.097534 0.760718 -0.641712 0.000000
-0.098806 -0.023788 0.309000 -0.029815 -0.971188 -0.236443 0.000000
-0.024056 -0.023172 0.301000 0.055376 0.274506 -0.959990 0.000000
-0.101314 -0.020747 0.278000 0.616391 0.249228 0.746959 0.000000
-0.101936 -0.022315 0.299000 0.891381 0.453224 -0.005328 0.000000
-0.028114 -0.022315 0.299000 0.319489 0.015867 -0.947457 0.000000
-0.108556 -0.020600 0.285000 0.921534 -0.006599 0.388241 0.000000
-0.099710 -0.020166 0.279000 0.643020 0.263111 0.719234 0.000000
-0.102439 -0.022334 0.309000 -0.080240 -0.988766 -0.126110 0.000000
-0.024599 -0.021612 0.299000 0.191471 0.189121 -0.963105 0.000000
-0.102334 -0.019510 0.279000 0.631620 0.193859 0.750650 0.000000
-0.103982 -0.021328 0.305000 0.476654 0.879004 -0.012364 0.000000
-0.026708 -0.020909 0.299000 0.319489 0.015867 -0.947457 0.000000
-0.105424 -0.019057 0.282000 0.906158 0.094325 0.412287 0.000000
-0.102296 -0.019733 0.292000 0.941774 -0.055014 -0.331717 0.000000
-0.100986 -0.020881 0.309000 0.028947 -0.856611 -0.515150 0.000000
-0.023816 -0.020138 0.298000 0.246636 -0.072330 -0.966405 0.000000
-0.101022 -0.018198 0.279000 0.584963 0.123403 0.801617 0.000000
-0.104228 -0.020220 0.310000 0.072301 -0.931762 -0.355797 0.000000
-0.028396 -0.019698 0.302000 0.192093 0.005322 -0.981362 0.000000
-0.107128 -0.017793 0.283000 0.946248 -0.026817 0.322329 0.000000
-0.103335 -0.018422 0.293000 0.895953 -0.262005 -0.358638 0.000000
-0.101054 -0.019302 0.307000 0.020484 -0.893083 -0.449425 0.000000
-0.027594 -0.018925 0.301000 0.304454 -0.073413 -0.949694 0.000000
-0.106087 -0.017067 0.282000 0.982032 -0.058259 0.179496 0.000000
-0.103688 -0.017794 0.294000 0.905356 -0.249461 -0.343655 0.000000
-0.101054 -0.018581 0.307000 0.057578 -0.842697 -0.535300 0.000000
-0.094141 -0.018641 0.308000 0.023530 -0.815774 -0.577892 0.000000
-0.105711 -0.016346 0.281000 0.883567 -0.077832 0.461791 0.000000
-0.104041 -0.017161 0.295000 0.929968 -0.325113 -0.171644 0.000000
-0.100725 -0.017800 0.306000 0.016934 -0.820649 -0.571181 0.000000
-0.092392 -0.017859 0.307000 0.078288 -0.884667 -0.459603 0.000000
-0.104676 -0.015630 0.280000 0.754852 -0.078885 0.651134 0.000000
-0.105099 -0.016746 0.300000 0.956484 -0.291772 -0.002681 0.000000
-0.099352 -0.016969 0.304000 -0.068686 -0.776418 -0.626464 0.000000
-0.088347 -0.017193 0.308000 0.051449 -0.890357 -0.452346 0.000000
-0.104676 -0.014971 0.280000 0.827593 -0.134712 0.544924 0.000000
-0.105099 -0.016041 0.300000 0.956484 -0.291772 -0.002681 0.000000
-0.099352 -0.016254 0.304000 -0.054650 -0.758233 -0.649690 0.000000
-0.085728 -0.016522 0.309000 0.061301 -0.918562 -0.390495 0.000000
-0.102990 -0.014262 0.279000 0.682858 -0.189346 0.705587 0.000000
-0.105762 -0.015642 0.306000 0.245290 -0.858571 -0.450210 0.000000
-0.096956 -0.015386 0.301000 0.047580 -0.901265 -0.430649 0.000000
-0.079398 -0.015693 0.307000 0.066895 -0.945398 -0.318978 0.000000
-0.102771 -0.013752 0.282000 0.928219 -0.266108 0.259991 0.000000
-0.104664 -0.014971 0.307000 0.119133 -0.837554 -0.533208 0.000000
-0.082638 -0.014776 0.303000 0.009990 -0.941556 -0.336708 0.000000
-0.104676 -0.012996 0.280000 0.796540 -0.333159 0.504509 0.000000
-0.105099 -0.013924 0.300000 0.981651 0.128154 0.141199 0.000000
-0.098698 -0.014017 0.302000 -0.000164 -0.854206 -0.519935 0.000000
-0.104018 -0.012338 0.280000 0.796540 -0.333159 0.504509 0.000000
-0.105070 -0.013395 0.304000 0.697167 0.483733 0.529113 0.000000
-0.095990 -0.013131 0.298000 0.056802 -0.892022 -0.448408 0.000000
-0.059952 -0.013219 0.300000 0.337758 -0.820378 -0.461409 0.000000
-0.103284 -0.012055 0.289000 0.897688 -0.375883 -0.229931 0.000000
-0.100829 -0.012597 0.302000 0.069082 -0.867257 -0.493045 0.000000
-0.068048 -0.011721 0.281000 -0.063036 -0.689120 -0.721901 0.000000
-0.102407 -0.011060 0.281000 0.518879 -0.536040 0.665902 0.000000
-0.102959 -0.011887 0.302000 -0.383605 -0.736000 -0.557809 0.000000
-0.093318 -0.011572 0.294000 -0.150756 -0.845818 -0.511727 0.000000
-0.102983 -0.010807 0.292000 0.708133 -0.658066 -0.255921 0.000000
-0.097763 -0.010992 0.297000 0.146329 -0.900884 -0.408651 0.000000
-0.102407 -0.009739 0.281000 0.768616 -0.558741 0.311510 0.000000
-0.101254 -0.010293 0.297000 -0.140733 -0.862584 -0.485945 0.000000
-0.092366 -0.010085 0.291000 -0.173509 -0.810457 -0.559513 0.000000
-0.101572 -0.009304 0.288000 0.734742 -0.633934 -0.241414 0.000000
-0.096775 -0.009498 0.294000 -0.085974 -0.862684 -0.498382 0.000000
-0.101746 -0.008417 0.281000 0.709187 -0.624174 0.327811 0.000000
-0.099202 -0.008777 0.293000 0.045100 -0.830436 -0.555286 0.000000
-0.103068 -0.007757 0.281000 0.770380 -0.590902 0.239479 0.000000
-0.099550 -0.008005 0.290000 0.201537 -0.879482 -0.431155 0.000000
-0.092411 -0.007977 0.289000 -0.097542 -0.734888 -0.671137 0.000000
-0.099195 -0.007247 0.287000 0.385739 -0.808883 -0.443749 0.000000
-0.092768 -0.007273 0.288000 -0.034338 -0.725950 -0.686890 0.000000
-0.101805 -0.006481 0.283000 0.667628 -0.655869 0.352291 0.000000
-0.096495 -0.006572 0.287000 0.078130 -0.733073 -0.675648 0.000000
-0.089747 -0.006572 0.287000 -0.038636 -0.567337 -0.822579 0.000000
-0.103195 -0.005857 0.285000 0.835147 -0.540438 0.102254 0.000000
-0.096493 -0.005857 0.285000 0.289506 -0.508992 -0.810625 0.000000
-0.090422 -0.005898 0.287000 -0.004939 -0.564722 -0.825267 0.000000
-0.039436 -0.006267 0.305000 -0.715959 0.698060 0.010691 0.000000
-0.102569 -0.005223 0.287000 0.828876 -0.545603 -0.123624 0.000000
-0.095153 -0.005186 0.285000 0.014377 -0.542324 -0.840046 0.000000
-0.089072 -0.005223 0.287000 -0.038615 -0.538019 -0.842048 0.000000
-0.039363 -0.005441 0.299000 -0.623762 0.760104 0.182107 0.000000
-0.032116 -0.005405 0.297000 -0.859530 0.481133 0.172390 0.000000
-0.099174 -0.004516 0.285000 0.488013 -0.262435 -0.832449 0.000000
-0.092472 -0.004516 0.285000 0.020037 -0.547786 -0.836378 0.000000
-0.086072 -0.004532 0.286000 -0.134904 -0.467479 -0.873650 0.000000
-0.038143 -0.004675 0.295000 -0.648034 0.697207 0.306520 0.000000
-0.031312 -0.004691 0.296000 -0.925258 0.335090 0.177801 0.000000
-0.100895 -0.003887 0.288000 0.571589 -0.627138 -0.529135 0.000000
-0.092816 -0.003833 0.284000 0.000956 -0.553688 -0.832724 0.000000
-0.086744 -0.003860 0.286000 -0.113530 -0.492617 -0.862809 0.000000
-0.042507 -0.003873 0.287000 0.411622 -0.830447 -0.375400 0.000000
-0.036382 -0.003941 0.292000 -0.664162 0.642648 0.381959 0.000000
-0.108988 -0.003354 0.301000 0.857684 0.248105 0.450358 0.000000
-0.094485 -0.003154 0.283000 -0.030976 -0.532196 -0.846054 0.000000
-0.088451 -0.003176 0.285000 0.039206 -0.577561 -0.815406 0.000000
-0.080889 -0.003142 0.282000 0.567565 0.121500 0.814314 0.000000
-0.072942 -0.003087 0.277000 -0.204717 -0.336413 -0.919194 0.000000
-0.049757 -0.003187 0.286000 0.359701 -0.708272 -0.607426 0.000000
-0.041915 -0.003154 0.283000 0.368775 -0.849259 -0.377841 0.000000
-0.036133 -0.003232 0.290000 -0.728801 0.462538 0.504885 0.000000
-0.109712 -0.002664 0.303000 0.836805 0.260739 0.481427 0.000000
-0.095487 -0.002497 0.284000 -0.127826 -0.320554 -0.938566 0.000000
-0.088809 -0.002497 0.284000 0.087313 -0.549943 -0.830626 0.000000
-0.081842 -0.002488 0.283000 0.465432 0.206984 0.860541 0.000000
-0.073593 -0.002435 0.277000 -0.245367 -0.353513 -0.902676 0.000000
-0.066838 -0.002427 0.276000 0.156202 -0.507282 -0.847506 0.000000
-0.061222 -0.002462 0.280000 0.423559 -0.207503 -0.881782 0.000000
-0.055029 -0.002479 0.282000 0.395234 -0.495092 -0.773741 0.000000
-0.048913 -0.002506 0.285000 0.202214 -0.767830 -0.607903 0.000000
-0.041471 -0.002462 0.280000 0.081571 -0.960655 -0.265497 0.000000
-0.035573 -0.002559 0.291000 -0.797587 0.301508 0.522445 0.000000
-0.109000 -0.001952 0.303000 0.836805 0.260739 0.481427 0.000000
-0.095487 -0.001829 0.284000 -0.300697 -0.325766 -0.896358 0.000000
-0.088809 -0.001829 0.284000 0.099217 -0.560229 -0.822374 0.000000
-0.081842 -0.001823 0.283000 -0.387169 -0.244571 -0.888980 0.000000
-0.073327 -0.001778 0.276000 -0.262474 -0.378167 -0.887749 0.000000
-0.066595 -0.001771 0.275000 0.042606 -0.529952 -0.846956 0.000000
-0.061004 -0.001797 0.279000 0.415826 -0.327965 -0.848249 0.000000
-0.054834 -0.001810 0.281000 0.283011 -0.517585 -0.807472 0.000000
-0.048569 -0.001823 0.283000 0.167936 -0.698169 -0.695958 0.000000
-0.041026 -0.001784 0.277000 -0.147974 -0.921549 -0.358959 0.000000
-0.036133 -0.001868 0.290000 -0.840585 0.072569 0.536797 0.000000
-0.110798 -0.001251 0.306000 0.834528 0.305975 0.458195 0.000000
-0.095487 -0.001161 0.284000 -0.345609 -0.311266 -0.885250 0.000000
-0.088496 -0.001157 0.283000 0.058418 -0.542389 -0.838094 0.000000
-0.081842 -0.001157 0.283000 -0.312123 -0.230623 -0.921625 0.000000
-0.073062 -0.001125 0.275000 -0.209911 -0.402978 -0.890812 0.000000
-0.066353 -0.001120 0.274000 0.107656 -0.555707 -0.824379 0.000000
-0.061004 -0.001141 0.279000 0.407662 -0.400552 -0.820591 0.000000
-0.054834 -0.001149 0.281000 0.273087 -0.546550 -0.791648 0.000000
-0.048226 -0.001149 0.281000 -0.022055 -0.809328 -0.586943 0.000000
-0.040730 -0.001125 0.275000 -0.297572 -0.890507 -0.344163 0.000000
-0.035573 -0.001190 0.291000 -0.856419 -0.022802 0.515778 0.000000
-0.107930 -0.000525 0.302000 0.824742 0.202670 0.527944 0.000000
-0.094485 -0.000492 0.283000 -0.217624 -0.328443 -0.919111 0.000000
-0.087831 -0.000492 0.283000 0.077685 -0.512433 -0.855206 0.000000
-0.080889 -0.000490 0.282000 0.457423 0.161667 0.874430 0.000000
-0.072152 -0.000476 0.274000 -0.268160 -0.473699 -0.838868 0.000000
-0.065709 -0.000476 0.274000 0.285931 -0.599038 -0.747928 0.000000
-0.060348 -0.000485 0.279000 0.369294 -0.476532 -0.797834 0.000000
-0.053980 -0.000487 0.280000 0.249648 -0.615403 -0.747633 0.000000
-0.043484 -0.000473 0.272000 -0.433349 -0.685543 -0.585013 0.000000
-0.038324 -0.000497 0.286000 -0.797226 0.251886 0.548620 0.000000
-0.032594 -0.000513 0.295000 -0.878673 -0.200154 0.433443 0.000000
-0.100232 0.000178 0.290000 0.681047 -0.115606 0.723056 0.000000
-0.090514 0.000172 0.281000 -0.089020 -0.372961 -0.923567 0.000000
-0.084802 0.000174 0.284000 -0.056342 -0.320168 -0.945684 0.000000
-0.076198 0.000170 0.277000 0.614889 0.223168 0.756378 0.000000
-0.068679 0.000167 0.273000 -0.130905 -0.576796 -0.806331 0.000000
-0.062716 0.000169 0.275000 0.470774 -0.624387 -0.623308 0.000000
-0.056863 0.000171 0.278000 0.233433 -0.601126 -0.764302 0.000000
-0.050030 0.000172 0.280000 0.064399 -0.779156 -0.623513 0.000000
-0.040775 0.000166 0.271000 -0.566976 -0.680998 -0.463443 0.000000
-0.036941 0.000179 0.291000 -0.856419 -0.022802 0.515778 0.000000
-0.111160 0.000910 0.307000 0.803441 0.258760 0.536214 0.000000
-0.096493 0.000845 0.285000 0.512935 0.092388 0.853441 0.000000
-0.088531 0.000833 0.281000 0.135074 -0.295063 -0.945882 0.000000
-0.082507 0.000839 0.283000 -0.232591 -0.185332 -0.954753 0.000000
-0.073708 0.000815 0.275000 -0.392108 -0.433817 -0.811205 0.000000
-0.066508 0.000806 0.272000 0.061023 -0.497597 -0.865259 0.000000
-0.060997 0.000818 0.276000 0.408546 -0.615093 -0.674352 0.000000
-0.054902 0.000824 0.278000 0.148926 -0.670941 -0.726402 0.000000
-0.048365 0.000824 0.278000 -0.140884 -0.807678 -0.572546 0.000000
-0.040138 0.000803 0.271000 -0.647450 -0.730755 -0.216346 0.000000
-0.036382 0.000866 0.292000 -0.895519 -0.140577 0.422237 0.000000
-0.109359 0.001616 0.304000 0.854385 0.203714 0.478044 0.000000
-0.095487 0.001510 0.284000 0.494874 0.107533 0.862286 0.000000
-0.087871 0.001494 0.281000 0.092788 -0.210564 -0.973167 0.000000
-0.081842 0.001504 0.283000 0.143245 -0.047723 0.988536 0.000000
-0.072796 0.001457 0.274000 -0.348626 -0.433608 -0.830930 0.000000
-0.065627 0.001441 0.271000 0.150201 -0.436991 -0.886836 0.000000
-0.060566 0.001473 0.277000 0.379444 -0.526666 -0.760687 0.000000
-0.053594 0.001478 0.278000 0.144003 -0.699054 -0.700419 0.000000
-0.046380 0.001457 0.274000 -0.412775 -0.671928 -0.614922 0.000000
-0.039293 0.001457 0.274000 -0.757427 -0.632146 -0.163387 0.000000
-0.034557 0.001563 0.294000 -0.904426 -0.199556 0.377083 0.000000
-0.106155 0.002293 0.299000 0.824718 0.137748 0.548512 0.000000
-0.093488 0.002162 0.282000 0.293090 0.174303 0.940062 0.000000
-0.086857 0.002162 0.282000 0.078517 -0.231617 -0.969633 0.000000
-0.079657 0.002147 0.280000 0.564915 0.233044 0.791557 0.000000
-0.070986 0.002086 0.272000 -0.270314 -0.427972 -0.862421 0.000000
-0.064352 0.002078 0.271000 -0.348656 0.352281 0.868526 0.000000
-0.059264 0.002124 0.277000 0.115567 -0.624260 -0.772621 0.000000
-0.051819 0.002139 0.279000 0.034435 -0.789515 -0.612764 0.000000
-0.043799 0.002070 0.270000 -0.456603 -0.689995 -0.561623 0.000000
-0.038726 0.002216 0.289000 -0.824418 0.005880 0.565951 0.000000
-0.032815 0.002277 0.297000 -0.908763 -0.202852 0.364694 0.000000
-0.099540 0.002885 0.288000 0.609385 -0.166711 0.775150 0.000000
-0.090191 0.002805 0.280000 0.020841 -0.143504 -0.989430 0.000000
-0.084503 0.002835 0.283000 0.173125 0.040136 -0.984082 0.000000
-0.075648 0.002755 0.275000 0.633371 0.265707 0.726802 0.000000
-0.068427 0.002725 0.272000 -0.132713 -0.376543 -0.916844 0.000000
-0.062031 0.002725 0.272000 0.353639 -0.496699 -0.792610 0.000000
-0.056454 0.002765 0.276000 0.145590 -0.677426 -0.721039 0.000000
-0.050326 0.002785 0.278000 0.059043 -0.698007 -0.713652 0.000000
-0.041584 0.002685 0.268000 -0.542384 -0.766537 -0.343861 0.000000
-0.035368 0.002956 0.295000 -0.858724 -0.277644 0.430706 0.000000
-0.108287 0.003748 0.303000 0.831947 0.145170 0.535528 0.000000
-0.094151 0.003488 0.282000 0.381279 -0.013221 0.924365 0.000000
-0.087210 0.003476 0.281000 0.127903 -0.007596 -0.991758 0.000000
-0.080602 0.003476 0.281000 0.543348 0.029963 0.838973 0.000000
-0.071625 0.003365 0.272000 0.352640 0.271335 0.895557 0.000000
-0.064750 0.003340 0.270000 -0.248228 0.257816 0.933763 0.000000
-0.059482 0.003402 0.275000 0.257564 -0.573826 -0.777422 0.000000
-0.053209 0.003414 0.276000 -0.021953 -0.723301 -0.690184 0.000000
-0.045873 0.003352 0.271000 -0.436377 -0.731013 -0.524590 0.000000
-0.038860 0.003587 0.290000 -0.882002 -0.169519 0.439699 0.000000
-0.033257 0.003723 0.301000 -0.884407 -0.221959 0.410559 0.000000
-0.098177 0.004210 0.286000 0.605051 -0.265131 0.750746 0.000000
-0.089533 0.004122 0.280000 -0.064304 -0.017733 0.997773 0.000000
-0.083838 0.004166 0.283000 -0.222579 -0.182162 0.957745 0.000000
-0.074729 0.004034 0.274000 0.569813 0.188387 0.799890 0.000000
-0.067538 0.003990 0.271000 0.051803 0.204453 0.977505 0.000000
-0.061392 0.004004 0.272000 -0.359797 0.327159 0.873792 0.000000
-0.055400 0.004034 0.274000 0.153996 -0.667926 -0.728121 0.000000
-0.049136 0.004048 0.275000 -0.150691 -0.656123 -0.739456 0.000000
-0.041894 0.003975 0.270000 -0.568178 -0.696805 -0.437763 0.000000
-0.036756 0.004343 0.295000 -0.870074 -0.259979 0.418787 0.000000
-0.110798 0.005224 0.306000 0.812026 0.165707 0.559603 0.000000
-0.094814 0.004815 0.282000 0.473587 -0.286895 0.832710 0.000000
-0.087558 0.004780 0.280000 -0.118006 -0.132687 0.984108 0.000000
-0.081263 0.004798 0.281000 0.469057 -0.117085 0.875372 0.000000
-0.071999 0.004627 0.271000 0.338561 0.059234 0.939078 0.000000
-0.065385 0.004610 0.270000 -0.186533 0.111758 0.976072 0.000000
-0.059910 0.004678 0.274000 -0.478508 0.240966 0.844373 0.000000
-0.053468 0.004678 0.274000 0.039344 -0.604123 -0.795919 0.000000
-0.045873 0.004627 0.271000 -0.481971 -0.743128 -0.464183 0.000000
-0.039919 0.004832 0.283000 -0.907986 -0.174304 0.381025 0.000000
-0.034442 0.005105 0.299000 -0.842768 -0.297978 0.448275 0.000000
-0.098520 0.005575 0.287000 0.624880 -0.318907 0.712617 0.000000
-0.089533 0.005439 0.280000 -0.036432 -0.280220 0.959244 0.000000
-0.083838 0.005497 0.283000 -0.044301 -0.289059 0.956286 0.000000
-0.074456 0.005303 0.273000 0.479381 0.047714 0.876309 0.000000
-0.067289 0.005245 0.270000 -0.069787 -0.095859 0.992946 0.000000
-0.061392 0.005283 0.272000 -0.363992 0.143597 0.920266 0.000000
-0.055198 0.005303 0.273000 0.017945 -0.488600 -0.872323 0.000000
-0.047961 0.005283 0.272000 -0.352721 -0.376579 -0.856608 0.000000
-0.041174 0.005400 0.278000 -0.819759 -0.467573 0.330714 0.000000
-0.035608 0.005769 0.297000 -0.868128 -0.278701 0.410706 0.000000
-0.106157 0.006555 0.301000 0.825926 0.099617 0.554908 0.000000
-0.091174 0.006119 0.281000 0.050746 -0.413957 0.908881 0.000000
-0.085169 0.006163 0.283000 -0.132282 -0.486428 0.863649 0.000000
-0.076295 0.005988 0.275000 0.667878 -0.079826 0.739978 0.000000
-0.068559 0.005880 0.270000 0.147809 -0.040452 0.988188 0.000000
-0.062441 0.005901 0.271000 -0.294021 -0.095799 0.950986 0.000000
-0.056275 0.005923 0.272000 0.020308 -0.515490 -0.856655 0.000000
-0.049240 0.005923 0.272000 -0.252888 -0.376762 -0.891122 0.000000
-0.042687 0.005901 0.271000 -0.642961 -0.711103 0.284490 0.000000
-0.036880 0.006446 0.296000 -0.848106 -0.334548 0.410845 0.000000
-0.109719 0.007359 0.305000 0.822487 0.168188 0.543349 0.000000
-0.092825 0.006804 0.282000 0.379394 -0.407688 0.830572 0.000000
-0.086500 0.006828 0.283000 -0.202195 -0.558297 0.804625 0.000000
-0.078435 0.006707 0.278000 0.712541 -0.106287 0.693534 0.000000
-0.069829 0.006514 0.270000 0.211731 -0.153943 0.965128 0.000000
-0.063715 0.006539 0.271000 -0.341259 -0.199166 0.918627 0.000000
-0.057766 0.006587 0.273000 0.250974 -0.202557 0.946564 0.000000
-0.051159 0.006563 0.272000 -0.120152 -0.548343 -0.827577 0.000000
-0.044434 0.006514 0.270000 -0.389203 -0.641245 0.661306 0.000000
-0.040483 0.006925 0.287000 -0.880617 -0.263226 0.393987 0.000000
-0.035262 0.007238 0.300000 -0.854237 -0.289308 0.431950 0.000000
-0.098186 0.007626 0.288000 0.604548 -0.397342 0.690392 0.000000
-0.089827 0.007493 0.283000 -0.037020 -0.608059 0.793028 0.000000
-0.083466 0.007520 0.284000 0.188474 -0.467656 0.863583 0.000000
-0.073273 0.007176 0.271000 0.398746 -0.210865 0.892490 0.000000
-0.066901 0.007176 0.271000 -0.072130 -0.341218 0.937213 0.000000
-0.061199 0.007255 0.274000 -0.442527 -0.561837 0.698934 0.000000
-0.053322 0.007149 0.270000 0.190744 -0.169043 0.966975 0.000000
-0.046338 0.007149 0.270000 -0.040262 -0.391883 0.919134 0.000000
-0.041767 0.007467 0.282000 -0.800407 -0.379079 0.464379 0.000000
-0.036306 0.007864 0.297000 -0.843540 -0.333892 0.420662 0.000000
-0.100236 0.008418 0.292000 0.684403 -0.438091 0.582811 0.000000
-0.090812 0.008188 0.284000 0.029001 -0.623080 0.781620 0.000000
-0.084430 0.008217 0.285000 0.076384 -0.491671 0.867424 0.000000
-0.074729 0.007899 0.274000 0.517400 -0.272594 0.811166 0.000000
-0.067538 0.007813 0.271000 -0.072130 -0.341218 0.937213 0.000000
-0.061843 0.007899 0.274000 -0.450188 -0.600434 0.660916 0.000000
-0.053322 0.007784 0.270000 0.192107 -0.202705 0.960211 0.000000
-0.045873 0.007813 0.271000 -0.339050 -0.712578 0.614229 0.000000
-0.040624 0.008303 0.288000 -0.868446 -0.360887 0.339944 0.000000
-0.035262 0.008649 0.300000 -0.844381 -0.331453 0.420904 0.000000
-0.097847 0.009011 0.289000 0.578526 -0.428772 0.693875 0.000000
-0.090107 0.008918 0.286000 0.090673 -0.732711 0.674473 0.000000
-0.083090 0.008887 0.285000 0.316460 -0.380882 0.868782 0.000000
-0.072904 0.008481 0.272000 0.426187 -0.431464 0.795112 0.000000
-0.066508 0.008481 0.272000 -0.161143 -0.593364 0.788640 0.000000
-0.061218 0.008637 0.277000 -0.132890 -0.637676 0.758756 0.000000
-0.050519 0.008481 0.272000 0.063565 -0.582905 0.810050 0.000000
-0.044610 0.008575 0.275000 -0.509610 -0.730336 0.454870 0.000000
-0.040085 0.009011 0.289000 -0.863313 -0.341052 0.371986 0.000000
-0.034902 0.009448 0.303000 -0.882437 -0.246288 0.400807 0.000000
-0.098186 0.009725 0.290000 0.648979 -0.448123 0.614828 0.000000
-0.090422 0.009624 0.287000 0.158815 -0.737237 0.656704 0.000000
-0.083382 0.009590 0.286000 0.272225 -0.417735 0.866828 0.000000
-0.073172 0.009154 0.273000 0.453124 -0.451906 0.768413 0.000000
-0.066753 0.009154 0.273000 -0.208094 -0.723602 0.658101 0.000000
-0.061439 0.009322 0.278000 -0.112494 -0.650814 0.750857 0.000000
-0.051798 0.009121 0.272000 0.078070 -0.672623 0.735855 0.000000
-0.045903 0.009222 0.275000 -0.417798 -0.770528 0.481385 0.000000
-0.041014 0.009590 0.286000 -0.818320 -0.435219 0.375416 0.000000
-0.035848 0.010026 0.299000 -0.853904 -0.325801 0.405836 0.000000
-0.021191 0.010798 0.322000 -0.856512 -0.126612 0.500356 0.000000
-0.091414 0.010335 0.288000 0.224570 -0.753822 0.617511 0.000000
-0.084348 0.010299 0.287000 0.169325 -0.418936 0.892088 0.000000
-0.074625 0.009904 0.276000 0.530918 -0.494971 0.687844 0.000000
-0.067642 0.009832 0.274000 -0.137582 -0.775277 0.616455 0.000000
-0.062316 0.010012 0.279000 -0.121781 -0.648424 0.751476 0.000000
-0.053914 0.009796 0.273000 0.073998 -0.587561 0.805790 0.000000
-0.047843 0.009868 0.275000 -0.186287 -0.776235 0.602292 0.000000
-0.042580 0.010155 0.283000 -0.768011 -0.348473 0.537332 0.000000
-0.037703 0.010658 0.297000 -0.844080 -0.338288 0.416041 0.000000
-0.023608 0.011627 0.324000 -0.856512 -0.126612 0.500356 0.000000
-0.087654 0.011050 0.289000 0.116640 -0.728870 0.674643 0.000000
-0.079180 0.010821 0.283000 0.505866 -0.366176 0.781034 0.000000
-0.070219 0.010477 0.274000 0.173289 -0.654671 0.735784 0.000000
-0.064707 0.010630 0.278000 -0.147420 -0.763556 0.628689 0.000000
-0.057961 0.010591 0.277000 0.203814 -0.611125 0.764844 0.000000
-0.050430 0.010515 0.275000 -0.033379 -0.759144 0.650067 0.000000
-0.044763 0.010706 0.280000 -0.621490 -0.649073 0.438695 0.000000
-0.039815 0.011165 0.292000 -0.857250 -0.358947 0.369161 0.000000
-0.034303 0.011624 0.304000 -0.882437 -0.246288 0.400807 0.000000
-0.019554 0.012235 0.320000 -0.856512 -0.126612 0.500356 0.000000
-0.076365 0.011364 0.280000 0.561581 -0.566737 0.602857 0.000000
-0.068785 0.011202 0.276000 -0.067061 -0.859420 0.506852 0.000000
-0.063197 0.011364 0.280000 -0.123406 -0.707031 0.696332 0.000000
-0.054309 0.011161 0.275000 0.089056 -0.716743 0.691627 0.000000
-0.048539 0.011324 0.279000 -0.369070 -0.772930 0.516107 0.000000
-0.042881 0.011567 0.285000 -0.757313 -0.515859 0.400457 0.000000
-0.037703 0.012054 0.297000 -0.853442 -0.323115 0.408943 0.000000
-0.024069 0.012988 0.320000 -0.856512 -0.126612 0.500356 0.000000
-0.077574 0.012109 0.282000 0.600427 -0.484124 0.636483 0.000000
-0.069685 0.011894 0.277000 0.016061 -0.872890 0.487653 0.000000
-0.064084 0.012066 0.281000 -0.100250 -0.768726 0.631672 0.000000
-0.056863 0.011937 0.278000 0.125127 -0.706338 0.696728 0.000000
-0.049851 0.011980 0.279000 -0.314129 -0.717088 0.622180 0.000000
-0.044222 0.012237 0.285000 -0.697980 -0.555552 0.451869 0.000000
-0.038968 0.012710 0.296000 -0.850234 -0.329933 0.410178 0.000000
-0.033089 0.013139 0.306000 -0.792142 -0.354616 0.496747 0.000000
-0.068876 0.012636 0.279000 0.029231 -0.897781 0.439471 0.000000
-0.062986 0.012772 0.282000 -0.108390 -0.577693 0.809026 0.000000
-0.055556 0.012591 0.278000 0.124629 -0.758573 0.639558 0.000000
-0.049371 0.012681 0.280000 -0.344066 -0.768662 0.539238 0.000000
-0.043704 0.012953 0.286000 -0.725616 -0.571359 0.383444 0.000000
-0.038402 0.013451 0.297000 -0.850212 -0.333618 0.407232 0.000000
-0.063649 0.013435 0.282000 -0.052926 -0.761626 0.645852 0.000000
-0.056411 0.013292 0.279000 0.124629 -0.758573 0.639558 0.000000
-0.050030 0.013340 0.280000 -0.344066 -0.768662 0.539238 0.000000
-0.044532 0.013673 0.287000 -0.725616 -0.571359 0.383444 0.000000
-0.057723 0.013948 0.279000 0.107251 -0.721732 0.683813 0.000000
-0.051346 0.013998 0.280000 -0.240041 -0.792181 0.561097 0.000000
-0.045562 0.014248 0.285000 -0.496450 -0.798945 0.339448 0.000000
