-0.008673 -0.033216 0.284000 0.619040 0.404512 0.673172 0.000000
-0.001995 -0.033216 0.284000 0.122943 0.634313 0.763238 0.000000
0.022793 -0.033333 0.285000 -0.158183 0.584078 0.796135 0.000000
-0.006670 -0.032548 0.284000 0.608520 0.411222 0.678675 0.000000
0.000008 -0.032548 0.284000 -0.009207 0.712600 0.701510 0.000000
0.018904 -0.032892 0.287000 -0.095981 0.621779 0.777289 0.000000
-0.017979 -0.034350 0.306000 0.921327 -0.174245 0.347557 0.000000
-0.010185 -0.032441 0.289000 0.699603 0.414398 0.582091 0.000000
-0.003331 -0.031880 0.284000 0.151470 0.630964 0.760882 0.000000
0.016261 -0.032329 0.288000 -0.045527 0.633507 0.772396 0.000000
0.022793 -0.031992 0.285000 -0.147756 0.590027 0.793748 0.000000
0.030012 -0.032554 0.290000 -0.201804 0.543543 0.814761 0.000000
-0.016432 -0.033410 0.304000 0.910873 -0.150759 0.384163 0.000000
-0.008795 -0.031652 0.288000 0.712522 0.312788 0.628073 0.000000
-0.001995 -0.031212 0.284000 0.122943 0.634313 0.763238 0.000000
0.020856 -0.031432 0.286000 -0.113147 0.619319 0.776943 0.000000
0.027870 -0.031762 0.289000 -0.213051 0.553678 0.805015 0.000000
0.038877 -0.031872 0.290000 -0.172554 0.590773 0.788171 0.000000
-0.015666 -0.032588 0.303000 0.911783 -0.116003 0.393948 0.000000
-0.008090 -0.030867 0.287000 0.681268 0.278297 0.677071 0.000000
-0.001323 -0.030437 0.283000 0.051224 0.669252 0.741267 0.000000
0.020254 -0.030867 0.287000 -0.090242 0.604786 0.791259 0.000000
0.027190 -0.031082 0.289000 -0.227459 0.573658 0.786879 0.000000
0.034104 -0.031190 0.290000 -0.224729 0.654133 0.722223 0.000000
0.041205 -0.031405 0.292000 -0.131604 0.560798 0.817426 0.000000
0.047906 -0.031297 0.291000 -0.210133 0.570269 0.794127 0.000000
-0.015666 -0.031875 0.303000 0.911766 -0.146841 0.383563 0.000000
-0.008090 -0.030192 0.287000 0.681268 0.278297 0.677071 0.000000
-0.001323 -0.029771 0.283000 0.059380 0.635480 0.769831 0.000000
0.005407 -0.030192 0.287000 -0.147537 0.665066 0.732066 0.000000
0.015584 -0.030297 0.288000 -0.013215 0.627103 0.778824 0.000000
0.022123 -0.029982 0.285000 -0.150416 0.604049 0.782624 0.000000
0.029229 -0.030403 0.289000 -0.217115 0.572692 0.790497 0.000000
0.036149 -0.030508 0.290000 -0.257662 0.632650 0.730318 0.000000
0.043709 -0.031034 0.295000 -0.132143 0.594389 0.793246 0.000000
0.049787 -0.030508 0.290000 -0.208982 0.578849 0.788201 0.000000
-0.018038 -0.031574 0.307000 0.926470 -0.163008 0.339237 0.000000
-0.010291 -0.030032 0.292000 0.815729 0.319329 0.482301 0.000000
-0.002654 -0.029106 0.283000 0.295602 0.560666 0.773481 0.000000
0.004029 -0.029312 0.285000 -0.166198 0.662090 0.730764 0.000000
0.010768 -0.029415 0.286000 -0.038594 0.739119 0.672468 0.000000
0.017493 -0.029415 0.286000 -0.052973 0.605883 0.793788 0.000000
0.024218 -0.029415 0.286000 -0.197454 0.583189 0.787974 0.000000
0.031268 -0.029723 0.289000 -0.160257 0.622137 0.766331 0.000000
0.038063 -0.029723 0.289000 -0.245550 0.595829 0.764652 0.000000
0.045480 -0.030134 0.293000 -0.154461 0.555181 0.817261 0.000000
0.051833 -0.029826 0.290000 -0.369113 0.520851 0.769720 0.000000
-0.018097 -0.030953 0.308000 0.916330 -0.165025 0.364838 0.000000
-0.010326 -0.029445 0.293000 0.835724 0.291650 0.465302 0.000000
-0.002644 -0.028340 0.282000 0.147533 0.560606 0.814834 0.000000
0.004029 -0.028642 0.285000 -0.184405 0.668216 0.720751 0.000000
0.014751 -0.028642 0.285000 0.015203 0.676685 0.736116 0.000000
0.021528 -0.028742 0.286000 -0.150416 0.604049 0.782624 0.000000
0.028352 -0.028843 0.287000 -0.225372 0.623814 0.748374 0.000000
0.035345 -0.029043 0.289000 -0.236720 0.621371 0.746901 0.000000
0.043015 -0.029646 0.295000 -0.112468 0.544538 0.831161 0.000000
0.049105 -0.029144 0.290000 -0.169464 0.565414 0.807211 0.000000
-0.020467 -0.030523 0.311000 0.920836 -0.127481 0.368525 0.000000
-0.012647 -0.029345 0.299000 0.917565 -0.016672 0.397235 0.000000
-0.005334 -0.027873 0.284000 0.533390 0.447764 0.717637 0.000000
0.001339 -0.027775 0.283000 -0.169792 0.549473 0.818077 0.000000
0.012786 -0.028070 0.286000 0.003467 0.715546 0.698557 0.000000
0.019442 -0.027971 0.285000 -0.038694 0.610225 0.791282 0.000000
0.026327 -0.028168 0.287000 -0.235505 0.629334 0.740591 0.000000
0.033306 -0.028364 0.289000 -0.176964 0.641400 0.746519 0.000000
0.040518 -0.028658 0.292000 -0.164615 0.540150 0.825312 0.000000
0.047222 -0.028560 0.291000 -0.073080 0.532880 0.843029 0.000000
0.054436 -0.028757 0.293000 -0.687858 0.478011 0.546221 0.000000
-0.015003 -0.029121 0.304000 0.924427 -0.143471 0.353343 0.000000
-0.007415 -0.027493 0.287000 0.664622 0.410286 0.624454 0.000000
-0.000653 -0.026918 0.281000 -0.077081 0.541789 0.836973 0.000000
0.018039 -0.027205 0.284000 -0.038694 0.610225 0.791282 0.000000
0.024978 -0.027493 0.287000 -0.194080 0.599582 0.776424 0.000000
0.031837 -0.027589 0.288000 -0.133667 0.637827 0.758492 0.000000
0.046538 -0.027876 0.291000 -0.009689 0.527723 0.849361 0.000000
0.053747 -0.028068 0.293000 -0.656144 0.453002 0.603544 0.000000
-0.015769 -0.028500 0.305000 0.927719 -0.147281 0.342997 0.000000
-0.008118 -0.026911 0.288000 0.710122 0.369927 0.599067 0.000000
-0.001309 -0.026164 0.280000 0.017030 0.489936 0.871592 0.000000
0.005369 -0.026631 0.285000 -0.147060 0.633769 0.759414 0.000000
0.017310 -0.026444 0.283000 -0.084987 0.676023 0.731963 0.000000
0.024218 -0.026725 0.286000 -0.186245 0.622666 0.760000 0.000000
0.030943 -0.026725 0.286000 -0.136954 0.638711 0.757161 0.000000
0.038063 -0.027005 0.289000 -0.286093 0.558426 0.778660 0.000000
0.045696 -0.027098 0.290000 -0.012875 0.522684 0.852429 0.000000
0.052877 -0.027285 0.292000 -0.592732 0.448790 0.668772 0.000000
-0.016540 -0.027874 0.306000 0.936223 -0.147972 0.318734 0.000000
-0.008795 -0.026234 0.288000 0.753844 0.288357 0.590398 0.000000
-0.001960 -0.025414 0.279000 0.142691 0.484420 0.863120 0.000000
0.005313 -0.025688 0.282000 -0.051050 0.678125 0.733172 0.000000
0.016585 -0.025688 0.282000 -0.128835 0.749128 0.649776 0.000000
0.023463 -0.025961 0.285000 -0.159619 0.617546 0.770168 0.000000
0.030165 -0.025961 0.285000 -0.168806 0.678475 0.714966 0.000000
0.036996 -0.026052 0.286000 -0.323241 0.545875 0.773005 0.000000
0.044179 -0.026325 0.289000 -0.080504 0.490487 0.867722 0.000000
0.051327 -0.026507 0.291000 -0.200477 0.486653 0.850281 0.000000
-0.018038 -0.027243 0.307000 0.943160 -0.115033 0.311796 0.000000
-0.010220 -0.025734 0.290000 0.857607 0.026286 0.513633 0.000000
-0.003272 -0.024758 0.279000 0.254155 0.421179 0.870640 0.000000
0.003288 -0.024758 0.279000 0.029567 0.632803 0.773748 0.000000
0.009919 -0.024936 0.281000 0.015115 0.765614 0.643123 0.000000
0.018509 -0.024936 0.281000 -0.183804 0.738816 0.648357 0.000000
0.025295 -0.025113 0.283000 -0.141611 0.668071 0.730498 0.000000
0.032062 -0.025202 0.284000 -0.288006 0.571381 0.768489 0.000000
0.039149 -0.025468 0.287000 -0.308934 0.481151 0.820399 0.000000
0.046058 -0.025557 0.288000 -0.054339 0.333696 0.941113 0.000000
0.054114 -0.026178 0.295000 -0.775042 0.162411 0.610682 0.000000
-0.015666 -0.026176 0.303000 0.923207 -0.119863 0.365133 0.000000
-0.008005 -0.024534 0.284000 0.733640 0.300976 0.609250 0.000000
-0.001304 -0.024102 0.279000 0.102286 0.346778 0.932353 0.000000
0.005256 -0.024102 0.279000 0.065302 0.546483 0.834920 0.000000
0.011774 -0.024016 0.278000 -0.041562 0.632493 0.773450 0.000000
0.018443 -0.024189 0.280000 -0.222942 0.703970 0.674332 0.000000
0.025206 -0.024361 0.282000 -0.171528 0.670389 0.721912 0.000000
0.031949 -0.024448 0.283000 -0.318492 0.544974 0.775607 0.000000
0.039149 -0.024793 0.287000 -0.334620 0.447472 0.829336 0.000000
0.046735 -0.024880 0.288000 -0.083628 0.278916 0.956667 0.000000
0.054993 -0.025571 0.296000 -0.782002 0.155781 0.603494 0.000000
-0.014805 -0.025211 0.300000 0.927962 -0.108258 0.356604 0.000000
-0.007260 -0.023614 0.281000 0.633452 0.372997 0.677947 0.000000
-0.000646 -0.023362 0.278000 0.187854 0.260417 0.947045 0.000000
0.005891 -0.023362 0.278000 0.164809 0.528352 0.832876 0.000000
0.013686 -0.023278 0.277000 -0.128399 0.623524 0.771189 0.000000
0.020491 -0.023614 0.281000 -0.176658 0.702097 0.689820 0.000000
0.027098 -0.023614 0.281000 -0.154086 0.653307 0.741247 0.000000
0.033946 -0.023782 0.283000 -0.374749 0.471837 0.798081 0.000000
0.041318 -0.024203 0.288000 -0.180046 0.370185 0.911343 0.000000
0.048090 -0.024203 0.288000 -0.119535 0.234728 0.964684 0.000000
0.056957 -0.025127 0.299000 -0.799082 0.145549 0.583338 0.000000
-0.013126 -0.024016 0.294000 0.920168 -0.091607 0.380655 0.000000
-0.005896 -0.022790 0.279000 0.398605 0.119909 0.909250 0.000000
0.000659 -0.022627 0.277000 0.159585 0.280247 0.946570 0.000000
0.007199 -0.022709 0.278000 0.182689 0.297954 0.936935 0.000000
0.013637 -0.022545 0.276000 -0.111354 0.524059 0.844371 0.000000
0.020491 -0.022954 0.281000 -0.193079 0.706184 0.681193 0.000000
0.027002 -0.022872 0.280000 -0.176973 0.581351 0.794173 0.000000
0.033946 -0.023117 0.283000 -0.377439 0.440999 0.814285 0.000000
0.041318 -0.023525 0.288000 -0.199363 0.339244 0.919330 0.000000
0.048090 -0.023525 0.288000 -0.130351 0.214716 0.967939 0.000000
0.057338 -0.024587 0.301000 -0.799082 0.145549 0.583338 0.000000
-0.013037 -0.023166 0.292000 0.914670 -0.116628 0.387011 0.000000
-0.005875 -0.022055 0.278000 0.389013 0.039142 0.920400 0.000000
0.000662 -0.022055 0.278000 0.226751 -0.054381 0.972434 0.000000
0.007147 -0.021896 0.276000 0.182689 0.297954 0.936935 0.000000
0.013637 -0.021896 0.276000 -0.079140 0.456322 0.886288 0.000000
0.020418 -0.022214 0.280000 -0.191520 0.680677 0.707106 0.000000
0.027002 -0.022214 0.280000 -0.232619 0.518802 0.822638 0.000000
0.033946 -0.022452 0.283000 -0.388210 0.393938 0.833130 0.000000
0.041174 -0.022769 0.287000 -0.280180 0.264709 0.922729 0.000000
0.048090 -0.022848 0.288000 -0.151730 0.212010 0.965417 0.000000
-0.019863 -0.024096 0.313000 0.920836 -0.127481 0.368525 0.000000
-0.011464 -0.022094 0.287000 0.959958 -0.124889 0.250767 0.000000
-0.004568 -0.021401 0.278000 0.224028 -0.130795 0.965766 0.000000
0.001962 -0.021324 0.277000 0.187590 0.163177 0.968599 0.000000
0.008445 -0.021247 0.276000 0.177430 0.134490 0.974901 0.000000
0.014935 -0.021247 0.276000 -0.145313 0.356680 0.922856 0.000000
0.021657 -0.021478 0.279000 -0.237773 0.592601 0.769602 0.000000
0.028319 -0.021555 0.280000 -0.379440 0.392712 0.837736 0.000000
0.035277 -0.021786 0.283000 -0.400230 0.368403 0.839104 0.000000
0.043349 -0.022171 0.288000 -0.254221 0.238194 0.937355 0.000000
0.050798 -0.022171 0.288000 -0.341358 0.209184 0.916360 0.000000
-0.016486 -0.022763 0.305000 0.946740 -0.092389 0.308459 0.000000
-0.007864 -0.020822 0.279000 0.426633 -0.214379 0.878650 0.000000
-0.001304 -0.020822 0.279000 -0.006962 -0.376343 0.926454 0.000000
0.005181 -0.020524 0.275000 0.290815 -0.217085 0.931826 0.000000
0.011647 -0.020524 0.275000 0.101428 0.047208 0.993722 0.000000
0.018179 -0.020598 0.276000 -0.152225 0.505710 0.849167 0.000000
0.024848 -0.020747 0.278000 -0.272370 0.535372 0.799495 0.000000
0.031837 -0.021046 0.282000 -0.360838 0.481674 0.798615 0.000000
0.038877 -0.021270 0.285000 -0.412528 0.275667 0.868233 0.000000
0.047248 -0.021419 0.287000 -0.159149 0.214215 0.963734 0.000000
-0.025799 -0.024792 0.343000 0.952493 -0.100293 0.287574 0.000000
-0.010601 -0.020383 0.282000 0.852363 -0.125398 0.507694 0.000000
-0.003928 -0.020166 0.279000 0.104775 -0.457209 0.883166 0.000000
0.002613 -0.020022 0.277000 0.412910 -0.406376 0.815085 0.000000
0.009028 -0.019805 0.274000 0.162282 -0.060998 0.984857 0.000000
0.015527 -0.019877 0.275000 -0.076348 0.286886 0.954917 0.000000
0.022153 -0.020022 0.277000 -0.278114 0.535208 0.797625 0.000000
0.028977 -0.020238 0.280000 -0.367204 0.388528 0.845108 0.000000
0.035942 -0.020455 0.283000 -0.426405 0.378367 0.821594 0.000000
0.044026 -0.020817 0.288000 -0.226281 0.193811 0.954586 0.000000
0.050622 -0.020744 0.287000 -0.234004 0.193606 0.952764 0.000000
-0.018391 -0.021888 0.313000 0.940223 -0.099164 0.325802 0.000000
-0.007864 -0.019510 0.279000 0.253500 -0.584880 0.770489 0.000000
-0.001313 -0.019650 0.281000 -0.058926 0.550966 -0.832444 0.000000
0.005200 -0.019300 0.276000 0.348028 -0.325983 0.878983 0.000000
0.011647 -0.019230 0.275000 0.152569 -0.077805 0.985225 0.000000
0.018114 -0.019230 0.275000 -0.088949 0.415509 0.905229 0.000000
0.024848 -0.019440 0.278000 -0.269421 0.519397 0.810950 0.000000
0.031949 -0.019790 0.283000 -0.381496 0.425515 0.820608 0.000000
0.038877 -0.019930 0.285000 -0.407950 0.292979 0.864720 0.000000
0.046058 -0.020139 0.288000 -0.179474 0.178297 0.967470 0.000000
0.057528 -0.021118 0.302000 -0.814817 0.095052 0.571873 0.000000
-0.015924 -0.020814 0.308000 0.958946 -0.060516 0.277058 0.000000
-0.006552 -0.018854 0.279000 0.138268 -0.586398 0.798135 0.000000
0.000008 -0.018989 0.281000 -0.213093 0.561230 -0.799758 0.000000
0.006498 -0.018651 0.276000 0.352543 -0.349339 0.868145 0.000000
0.012941 -0.018584 0.275000 0.058676 0.108230 0.992393 0.000000
0.019477 -0.018651 0.276000 -0.151823 0.535023 0.831084 0.000000
0.026155 -0.018786 0.278000 -0.290590 0.515613 0.806040 0.000000
0.033398 -0.019192 0.284000 -0.411089 0.420465 0.808836 0.000000
0.040358 -0.019327 0.286000 -0.395679 0.322956 0.859731 0.000000
0.047412 -0.019462 0.288000 -0.139076 0.170819 0.975438 0.000000
0.057338 -0.020341 0.301000 -0.825895 0.034269 0.562782 0.000000
-0.015151 -0.020024 0.307000 0.960558 -0.058717 0.271809 0.000000
-0.004634 -0.018394 0.282000 -0.210372 0.625675 -0.751182 0.000000
0.001983 -0.018263 0.280000 0.431323 -0.458837 0.776807 0.000000
0.008445 -0.018002 0.276000 0.266844 -0.214763 0.939506 0.000000
0.014880 -0.017937 0.275000 0.067309 0.159946 0.984828 0.000000
0.021424 -0.018002 0.276000 -0.277893 0.544469 0.791409 0.000000
0.028319 -0.018263 0.280000 -0.383041 0.514374 0.767268 0.000000
0.035277 -0.018459 0.283000 -0.428456 0.500424 0.752330 0.000000
0.042672 -0.018785 0.288000 -0.265632 0.213922 0.940041 0.000000
0.049444 -0.018785 0.288000 -0.418890 0.075390 0.904902 0.000000
-0.024337 -0.021000 0.334000 0.956068 -0.086719 0.280025 0.000000
-0.007260 -0.017668 0.281000 0.342577 -0.670115 0.658473 0.000000
-0.000657 -0.017793 0.283000 -0.256250 0.610597 -0.749338 0.000000
0.005891 -0.017479 0.278000 0.424167 -0.378813 0.822547 0.000000
0.012339 -0.017353 0.276000 0.197490 0.044446 0.979297 0.000000
0.018760 -0.017290 0.275000 -0.070272 0.471881 0.878857 0.000000
0.025502 -0.017479 0.278000 -0.273200 0.496519 0.823912 0.000000
0.032615 -0.017793 0.283000 -0.379364 0.441003 0.813387 0.000000
0.039547 -0.017919 0.285000 -0.400081 0.436902 0.805637 0.000000
0.046735 -0.018108 0.288000 -0.206013 0.155481 0.966118 0.000000
0.055878 -0.018674 0.297000 -0.805341 0.022211 0.592396 0.000000
-0.018684 -0.019246 0.318000 0.951579 -0.077139 0.297569 0.000000
-0.006646 -0.017128 0.283000 0.394445 -0.708360 0.585354 0.000000
0.000008 -0.017128 0.283000 0.368993 -0.599681 0.710090 0.000000
0.006545 -0.016825 0.278000 0.375087 -0.406112 0.833296 0.000000
0.012988 -0.016704 0.276000 0.207311 0.049511 0.977021 0.000000
0.019407 -0.016644 0.275000 -0.094845 0.594391 0.798563 0.000000
0.026155 -0.016825 0.278000 -0.289279 0.479917 0.828249 0.000000
0.033163 -0.017067 0.282000 -0.347102 0.500374 0.793187 0.000000
0.040217 -0.017249 0.285000 -0.429569 0.439624 0.788797 0.000000
0.047412 -0.017431 0.288000 -0.258930 0.131688 0.956877 0.000000
0.056957 -0.018096 0.299000 -0.817060 0.048820 0.574482 0.000000
-0.017880 -0.018440 0.317000 0.951579 -0.077139 0.297569 0.000000
-0.006023 -0.016579 0.285000 -0.330132 0.703553 -0.629306 0.000000
0.000674 -0.016463 0.283000 0.457811 -0.517875 0.722645 0.000000
0.007199 -0.016172 0.278000 0.407370 -0.384816 0.828231 0.000000
0.013637 -0.016055 0.276000 0.226233 0.090525 0.969858 0.000000
0.019981 -0.015939 0.274000 -0.182873 0.649217 0.738292 0.000000
0.026809 -0.016172 0.278000 -0.293273 0.496372 0.817071 0.000000
0.033586 -0.016288 0.280000 -0.265748 0.584434 0.766691 0.000000
0.040887 -0.016579 0.285000 -0.465726 0.457216 0.757663 0.000000
0.048090 -0.016753 0.288000 -0.340462 0.155936 0.927237 0.000000
0.056766 -0.017335 0.298000 -0.810560 0.044620 0.583954 0.000000
-0.017027 -0.017583 0.315000 0.946287 -0.077247 0.313966 0.000000
-0.005372 -0.015965 0.286000 -0.288786 0.695590 -0.657842 0.000000
0.001339 -0.015797 0.283000 0.515512 -0.399207 0.758209 0.000000
0.007880 -0.015574 0.279000 0.383501 -0.405552 0.829732 0.000000
0.014286 -0.015406 0.276000 0.203377 0.089230 0.975026 0.000000
0.020625 -0.015295 0.274000 -0.228108 0.649388 0.725439 0.000000
0.027463 -0.015518 0.278000 -0.312621 0.516061 0.797464 0.000000
0.034122 -0.015574 0.279000 -0.206708 0.643557 0.736958 0.000000
0.041557 -0.015909 0.285000 -0.463326 0.456092 0.759808 0.000000
0.048767 -0.016076 0.288000 -0.450204 0.138476 0.882123 0.000000
-0.023900 -0.017538 0.328000 0.959697 -0.069364 0.272341 0.000000
-0.015348 -0.016629 0.311000 0.960621 -0.053695 0.272625 0.000000
-0.004716 -0.015346 0.287000 0.461482 -0.455313 0.761396 0.000000
0.001997 -0.015078 0.282000 0.486613 -0.272784 0.829938 0.000000
0.008536 -0.014918 0.279000 0.476161 -0.304567 0.824930 0.000000
0.014880 -0.014704 0.275000 0.132445 0.371831 0.918803 0.000000
0.021269 -0.014650 0.274000 -0.256057 0.621065 0.740752 0.000000
0.028015 -0.014811 0.277000 -0.261345 0.524686 0.810187 0.000000
0.034653 -0.014864 0.278000 -0.185759 0.679816 0.709468 0.000000
0.042227 -0.015239 0.285000 -0.456333 0.459067 0.762245 0.000000
0.049444 -0.015399 0.288000 -0.467854 0.137099 0.873108 0.000000
-0.022705 -0.016460 0.322000 0.959697 -0.069364 0.272341 0.000000
-0.014476 -0.015744 0.308000 0.951591 -0.065649 0.300276 0.000000
-0.006787 -0.014773 0.289000 0.603352 -0.313388 0.733318 0.000000
0.000008 -0.014517 0.284000 0.514824 -0.241907 0.822458 0.000000
0.006592 -0.014313 0.280000 0.487079 -0.345057 0.802302 0.000000
0.013035 -0.014159 0.277000 0.391966 0.088710 0.915693 0.000000
0.019195 -0.013904 0.272000 -0.057916 0.647365 0.759977 0.000000
0.025873 -0.014057 0.275000 -0.308003 0.505267 0.806126 0.000000
0.032575 -0.014159 0.277000 -0.171013 0.630359 0.757233 0.000000
0.039653 -0.014364 0.281000 -0.456840 0.653078 0.603975 0.000000
0.047248 -0.014671 0.287000 -0.401714 0.237031 0.884558 0.000000
0.055689 -0.015131 0.296000 -0.787138 0.135792 0.601643 0.000000
-0.015249 -0.015069 0.309000 0.951591 -0.065649 0.300276 0.000000
-0.007519 -0.014191 0.291000 0.664539 -0.167947 0.728136 0.000000
-0.000662 -0.013898 0.285000 0.565830 -0.221194 0.794298 0.000000
0.005934 -0.013654 0.280000 0.570219 -0.159594 0.805841 0.000000
0.012339 -0.013459 0.276000 0.557162 0.419860 0.716441 0.000000
0.018419 -0.013167 0.270000 0.029473 0.657728 0.752678 0.000000
0.025227 -0.013411 0.275000 -0.322265 0.441146 0.837577 0.000000
0.031923 -0.013508 0.277000 -0.158101 0.628049 0.761944 0.000000
0.038714 -0.013606 0.279000 -0.427349 0.661754 0.615999 0.000000
0.046411 -0.013947 0.286000 -0.415576 0.289951 0.862105 0.000000
0.054808 -0.014386 0.295000 -0.785960 0.133906 0.603602 0.000000
-0.016757 -0.014388 0.310000 0.951591 -0.065649 0.300276 0.000000
-0.006834 -0.013507 0.291000 0.698983 -0.090307 0.709414 0.000000
0.000008 -0.013182 0.284000 0.546134 -0.137104 0.826402 0.000000
0.006615 -0.013042 0.281000 0.562410 -0.031857 0.826244 0.000000
0.012893 -0.012718 0.274000 0.326706 0.417878 0.847727 0.000000
0.018983 -0.012486 0.269000 -0.113600 0.661356 0.741420 0.000000
0.025779 -0.012718 0.274000 -0.324597 0.394941 0.859452 0.000000
0.032457 -0.012810 0.276000 -0.188921 0.552008 0.812155 0.000000
0.039370 -0.012950 0.279000 -0.479178 0.632718 0.608323 0.000000
0.047083 -0.013275 0.286000 -0.453448 0.260741 0.852291 0.000000
0.055501 -0.013692 0.295000 -0.782070 0.143034 0.606555 0.000000
-0.015873 -0.013527 0.307000 0.940243 -0.062826 0.334659 0.000000
-0.008259 -0.012910 0.293000 0.647753 0.079549 0.757686 0.000000
-0.001337 -0.012602 0.286000 0.616034 0.087501 0.782845 0.000000
0.005313 -0.012426 0.282000 0.569874 0.172738 0.803371 0.000000
0.011605 -0.012073 0.274000 0.454229 0.391827 0.800092 0.000000
0.017653 -0.011809 0.268000 0.138860 0.717828 0.682232 0.000000
0.024401 -0.012029 0.273000 -0.438744 0.468968 0.766533 0.000000
0.031159 -0.012161 0.276000 -0.116060 0.427048 0.896750 0.000000
0.037649 -0.012161 0.276000 -0.356825 0.460678 0.812682 0.000000
0.045738 -0.012602 0.286000 -0.499678 0.376759 0.779984 0.000000
0.053747 -0.012910 0.293000 -0.741633 0.157935 0.651949 0.000000
-0.017429 -0.012889 0.309000 0.954270 -0.107760 0.278850 0.000000
-0.009670 -0.012263 0.294000 0.801897 -0.039478 0.596157 0.000000
-0.002701 -0.012013 0.288000 0.694353 0.212189 0.687641 0.000000
0.003987 -0.011763 0.282000 0.539544 0.142047 0.829889 0.000000
0.010354 -0.011471 0.275000 0.485584 0.451098 0.748812 0.000000
0.016392 -0.011179 0.268000 0.261125 0.733782 0.627199 0.000000
0.022948 -0.011304 0.271000 -0.470723 0.361212 0.804951 0.000000
0.029753 -0.011471 0.275000 -0.007280 0.307231 0.951607 0.000000
0.036088 -0.011429 0.274000 -0.196870 0.383884 0.902150 0.000000
0.043927 -0.011804 0.283000 -0.580651 0.420302 0.697274 0.000000
0.051833 -0.012096 0.290000 -0.734145 0.161919 0.659404 0.000000
-0.018156 -0.012162 0.309000 0.955265 -0.134280 0.263510 0.000000
-0.006129 -0.011414 0.290000 0.674717 0.334912 0.657716 0.000000
0.000676 -0.011178 0.284000 0.583941 0.202440 0.786149 0.000000
0.007224 -0.010982 0.279000 0.657277 0.306143 0.688668 0.000000
0.013291 -0.010588 0.269000 0.421226 0.658237 0.623933 0.000000
0.019470 -0.010509 0.267000 -0.280718 0.347479 0.894682 0.000000
0.026327 -0.010745 0.273000 -0.363285 0.260858 0.894414 0.000000
0.032866 -0.010785 0.274000 -0.112715 0.200568 0.973174 0.000000
0.039739 -0.010903 0.277000 -0.471105 0.348572 0.810283 0.000000
0.047756 -0.011257 0.286000 -0.624697 0.229279 0.746449 0.000000
0.056385 -0.011651 0.296000 -0.849128 -0.026721 0.527511 0.000000
-0.009604 -0.010807 0.292000 0.805323 0.134553 0.577365 0.000000
-0.002701 -0.010659 0.288000 0.662906 0.261697 0.701477 0.000000
0.003972 -0.010400 0.281000 0.573233 0.283800 0.768675 0.000000
0.010203 -0.010029 0.271000 0.576993 0.599036 0.555189 0.000000
0.016331 -0.009881 0.267000 0.254065 0.727399 0.637450 0.000000
0.022863 -0.009992 0.270000 -0.527116 0.093783 0.844603 0.000000
0.029645 -0.010140 0.274000 -0.027206 -0.032587 0.999099 0.000000
0.035956 -0.010103 0.273000 -0.169543 0.154689 0.973307 0.000000
0.043617 -0.010400 0.281000 -0.665860 0.332097 0.668088 0.000000
0.051833 -0.010733 0.290000 -0.749486 0.102651 0.654013 0.000000
-0.012477 -0.010224 0.295000 0.845701 0.346396 0.405954 0.000000
-0.004732 -0.009981 0.288000 0.639514 0.303694 0.706252 0.000000
0.001990 -0.009739 0.281000 0.565227 0.229943 0.792240 0.000000
0.008353 -0.009461 0.273000 0.806662 0.218570 0.549112 0.000000
0.014448 -0.009254 0.267000 0.260164 0.947141 0.187721 0.000000
0.020803 -0.009288 0.268000 -0.485985 0.074360 0.870798 0.000000
0.027611 -0.009461 0.273000 -0.180645 -0.159418 0.970543 0.000000
0.034030 -0.009461 0.273000 -0.116111 -0.004884 0.993224 0.000000
0.041042 -0.009600 0.277000 -0.606192 -0.091301 0.790060 0.000000
0.049101 -0.009912 0.286000 -0.701911 0.184240 0.688023 0.000000
-0.016486 -0.009853 0.305000 0.938107 -0.186814 0.291643 0.000000
-0.006065 -0.009272 0.287000 0.574778 0.330041 0.748801 0.000000
0.000669 -0.009078 0.281000 0.491082 0.165896 0.855171 0.000000
0.007683 -0.008787 0.272000 0.758772 0.330190 0.561463 0.000000
0.013820 -0.008626 0.267000 0.306787 0.935147 0.177150 0.000000
0.020248 -0.008690 0.269000 -0.431280 -0.529883 0.730220 0.000000
0.026969 -0.008820 0.273000 -0.352628 -0.455159 0.817609 0.000000
0.033510 -0.008852 0.274000 -0.027392 -0.178891 0.983487 0.000000
0.040099 -0.008884 0.275000 -0.539207 -0.042398 0.841106 0.000000
0.048259 -0.009207 0.285000 -0.697631 0.177365 0.694156 0.000000
-0.014707 -0.008927 0.298000 0.923742 0.094401 0.371200 0.000000
-0.006717 -0.008567 0.286000 0.202402 0.552224 0.808754 0.000000
0.000008 -0.008417 0.281000 0.625875 0.203955 0.752783 0.000000
0.006451 -0.008208 0.274000 0.731533 0.188559 0.655214 0.000000
0.012517 -0.007968 0.266000 0.416712 0.768210 0.486008 0.000000
0.019054 -0.008088 0.270000 -0.407341 -0.694195 0.593437 0.000000
0.025779 -0.008208 0.274000 -0.261099 -0.608549 0.749330 0.000000
0.032340 -0.008238 0.275000 -0.026203 -0.423950 0.905306 0.000000
0.038665 -0.008208 0.274000 -0.256266 -0.119956 0.959134 0.000000
0.046589 -0.008477 0.283000 -0.734394 -0.031759 0.677980 0.000000
-0.016378 -0.008364 0.303000 0.964472 -0.142069 0.222732 0.000000
-0.008034 -0.007867 0.285000 0.339821 0.556347 0.758287 0.000000
-0.001318 -0.007784 0.282000 0.386466 0.323913 0.863554 0.000000
0.005181 -0.007591 0.275000 0.749051 -0.023627 0.662091 0.000000
0.011351 -0.007398 0.268000 0.121743 -0.791657 0.598713 0.000000
0.017850 -0.007481 0.271000 -0.221641 -0.808812 0.544701 0.000000
0.024580 -0.007591 0.275000 -0.250289 -0.664493 0.704134 0.000000
0.031046 -0.007591 0.275000 -0.027731 -0.487486 0.872690 0.000000
0.037376 -0.007563 0.274000 -0.201480 -0.305044 0.930781 0.000000
0.044779 -0.007729 0.280000 -0.702439 0.021747 0.711411 0.000000
0.053013 -0.007977 0.289000 -0.776555 -0.035772 0.629033 0.000000
-0.008673 -0.007172 0.284000 0.226908 0.776655 0.587639 0.000000
-0.001981 -0.007121 0.282000 0.439851 0.172822 0.881285 0.000000
0.004551 -0.006970 0.276000 0.730951 -0.103165 0.674587 0.000000
0.010801 -0.006818 0.270000 0.257856 -0.742011 0.618814 0.000000
0.017276 -0.006869 0.272000 -0.243797 -0.812038 0.530243 0.000000
0.024020 -0.006970 0.276000 -0.014491 -0.655965 0.754652 0.000000
0.030510 -0.006970 0.276000 -0.041337 -0.571636 0.819466 0.000000
0.036732 -0.006919 0.274000 -0.092961 -0.417640 0.903845 0.000000
0.043963 -0.007045 0.279000 -0.651506 -0.180535 0.736850 0.000000
0.052153 -0.007273 0.288000 -0.763727 -0.034322 0.644627 0.000000
-0.011424 -0.006550 0.286000 0.301789 0.766497 0.566927 0.000000
-0.004650 -0.006481 0.283000 0.270340 0.567787 0.777518 0.000000
0.001976 -0.006389 0.279000 0.511442 -0.176813 0.840931 0.000000
0.008322 -0.006229 0.272000 0.450462 -0.678725 0.580014 0.000000
0.014772 -0.006252 0.273000 0.187397 -0.834913 0.517496 0.000000
0.021502 -0.006343 0.277000 -0.224802 -0.689658 0.688357 0.000000
0.028015 -0.006343 0.277000 -0.050840 -0.602265 0.796675 0.000000
0.034529 -0.006343 0.277000 0.055429 -0.544278 0.837072 0.000000
0.041042 -0.006343 0.277000 -0.469644 -0.424193 0.774270 0.000000
0.048929 -0.006527 0.285000 -0.718971 -0.098450 0.688032 0.000000
-0.011344 -0.005836 0.284000 0.303287 0.785078 0.540064 0.000000
-0.004650 -0.005815 0.283000 0.310039 0.608768 0.730258 0.000000
0.001983 -0.005754 0.280000 0.484360 -0.297313 0.822801 0.000000
0.008383 -0.005630 0.274000 0.431989 -0.596088 0.676804 0.000000
0.014826 -0.005630 0.274000 -0.027473 -0.598901 0.800352 0.000000
0.021580 -0.005713 0.278000 -0.177850 -0.558088 0.810498 0.000000
0.028117 -0.005713 0.278000 0.022818 -0.619688 0.784516 0.000000
0.034653 -0.005713 0.278000 0.055586 -0.595706 0.801277 0.000000
0.041042 -0.005692 0.277000 -0.406413 -0.508644 0.759019 0.000000
0.048929 -0.005857 0.285000 -0.702658 -0.129698 0.699607 0.000000
-0.014890 -0.005241 0.288000 0.502842 0.726717 0.468009 0.000000
-0.007286 -0.005132 0.282000 0.248873 0.884644 0.394294 0.000000
-0.000655 -0.005132 0.282000 0.386863 -0.302553 0.871091 0.000000
0.005870 -0.005041 0.277000 0.623659 -0.472085 0.623045 0.000000
0.012294 -0.005004 0.275000 0.112060 -0.605096 0.788227 0.000000
0.018897 -0.005041 0.277000 -0.300898 -0.617774 0.726509 0.000000
0.025593 -0.005077 0.279000 0.066356 -0.586218 0.807431 0.000000
0.032039 -0.005059 0.278000 0.166617 -0.536273 0.827436 0.000000
0.038437 -0.005041 0.277000 -0.254227 -0.600864 0.757847 0.000000
0.045761 -0.005132 0.282000 -0.695908 -0.357755 0.622675 0.000000
0.053879 -0.005277 0.290000 -0.791064 -0.144956 0.594312 0.000000
-0.010564 -0.004453 0.281000 0.383094 0.845933 0.370994 0.000000
-0.003999 -0.004500 0.284000 0.074375 -0.721169 0.688756 0.000000
0.003958 -0.004437 0.280000 0.560498 -0.430197 0.707653 0.000000
0.010429 -0.004389 0.277000 0.220422 -0.554541 0.802433 0.000000
0.016943 -0.004389 0.277000 -0.247697 -0.552614 0.795779 0.000000
0.023710 -0.004437 0.280000 -0.071710 -0.222979 0.972182 0.000000
0.030186 -0.004421 0.279000 0.038407 -0.348382 0.936566 0.000000
0.036746 -0.004421 0.279000 -0.187392 -0.594839 0.781697 0.000000
0.043617 -0.004453 0.281000 -0.582466 -0.503299 0.638297 0.000000
0.051833 -0.004595 0.290000 -0.780507 -0.246073 0.574679 0.000000
-0.009903 -0.003792 0.281000 0.367857 0.910698 0.187912 0.000000
0.009160 -0.003752 0.278000 0.252781 -0.519091 0.816484 0.000000
0.015696 -0.003752 0.278000 -0.146340 -0.326208 0.933902 0.000000
0.022473 -0.003792 0.281000 -0.063386 -0.230317 0.971049 0.000000
0.028977 -0.003779 0.280000 0.094500 -0.277993 0.955923 0.000000
0.035434 -0.003765 0.279000 -0.097993 -0.541234 0.835143 0.000000
0.042295 -0.003792 0.281000 -0.527910 -0.508585 0.680186 0.000000
0.050295 -0.003900 0.289000 -0.696998 -0.473491 0.538517 0.000000
-0.015297 -0.003154 0.283000 0.550371 0.667542 0.501478 0.000000
-0.008582 -0.003131 0.281000 0.312538 0.926211 0.210837 0.000000
0.020491 -0.003131 0.281000 -0.129746 0.088148 0.987621 0.000000
0.027002 -0.003120 0.280000 0.065537 -0.209267 0.975660 0.000000
0.033466 -0.003109 0.279000 -0.011016 -0.468976 0.883142 0.000000
0.040313 -0.003131 0.281000 -0.481515 -0.517440 0.707389 0.000000
0.048257 -0.003220 0.289000 -0.694514 -0.502481 0.514939 0.000000
-0.020308 -0.002532 0.288000 0.860330 0.485474 0.155391 0.000000
-0.012457 -0.002453 0.279000 0.417206 0.695848 0.584581 0.000000
-0.006044 -0.002515 0.286000 0.030977 0.753308 -0.656938 0.000000
0.041931 -0.002488 0.283000 -0.564044 -0.561307 0.605631 0.000000
0.050302 -0.002576 0.293000 -0.637150 -0.543474 0.546513 0.000000
-0.019494 -0.001842 0.286000 0.697167 0.125508 0.705837 0.000000
-0.012501 -0.001803 0.280000 0.457545 0.705506 0.541216 0.000000
0.044026 -0.001855 0.288000 -0.640023 -0.594656 0.486574 0.000000
0.052209 -0.001906 0.296000 -0.520168 -0.576122 0.630483 0.000000
-0.019358 -0.001161 0.284000 0.697167 0.125508 0.705837 0.000000
-0.012546 -0.001149 0.281000 0.457545 0.705506 0.541216 0.000000
0.048033 -0.001210 0.296000 -0.496630 -0.668439 0.553668 0.000000
0.055365 -0.001219 0.298000 -0.397333 0.814769 -0.422229 0.000000
-0.017895 -0.000490 0.282000 0.684700 0.264662 0.679072 0.000000
-0.011464 -0.000499 0.287000 0.420523 0.820972 -0.386220 0.000000
0.050968 -0.000523 0.301000 -0.066567 0.919625 -0.387115 0.000000
0.057274 -0.000516 0.297000 -0.379168 0.819540 -0.429635 0.000000
-0.015793 0.000172 0.280000 0.654846 0.582305 0.481766 0.000000
0.046956 0.000183 0.298000 -0.351043 -0.875234 0.332767 0.000000
0.054869 0.000186 0.303000 -0.426641 0.850254 -0.308296 0.000000
-0.022417 0.000857 0.289000 0.827941 0.458003 -0.323646 0.000000
-0.014632 0.000839 0.283000 0.654846 0.582305 0.481766 0.000000
0.049494 0.000904 0.305000 -0.053535 0.888301 -0.456131 0.000000
0.056294 0.000898 0.303000 -0.426641 0.850254 -0.308296 0.000000
-0.018690 0.001510 0.284000 0.631525 -0.061721 0.772895 0.000000
-0.011984 0.001595 0.300000 0.687911 0.226587 -0.689519 0.000000
0.052323 0.001643 0.309000 -0.246935 0.819176 -0.517661 0.000000
0.057853 0.001595 0.300000 -0.556286 0.790665 -0.255725 0.000000
-0.018022 0.002178 0.284000 0.631525 -0.061721 0.772895 0.000000
-0.012143 0.002331 0.304000 0.668672 0.655917 -0.350216 0.000000
0.050143 0.002369 0.309000 -0.087220 0.849208 -0.520806 0.000000
0.056851 0.002346 0.306000 -0.615761 0.652067 -0.442320 0.000000
-0.020237 0.002875 0.287000 0.895110 0.400073 -0.196774 0.000000
-0.013394 0.003006 0.300000 0.641778 0.639158 -0.423790 0.000000
-0.006509 0.003086 0.308000 0.465167 -0.615088 0.636622 0.000000
0.053950 0.003106 0.310000 -0.485630 0.645507 -0.589478 0.000000
0.059264 0.003006 0.300000 -0.804532 0.495428 -0.327535 0.000000
-0.017355 0.003513 0.284000 0.476876 -0.306984 0.823620 0.000000
-0.011729 0.003860 0.312000 0.728330 0.483329 0.485725 0.000000
-0.004294 0.003773 0.305000 0.638955 -0.508089 0.577566 0.000000
0.053393 0.003847 0.311000 -0.486544 0.665737 -0.565747 0.000000
0.058753 0.003723 0.301000 -0.804532 0.495428 -0.327535 0.000000
-0.018086 0.004196 0.285000 0.393821 -0.534890 0.747528 0.000000
-0.012423 0.004578 0.311000 0.728330 0.483329 0.485725 0.000000
-0.005044 0.004520 0.307000 0.608561 -0.447476 0.655301 0.000000
0.002089 0.004343 0.295000 0.825151 -0.369295 0.427489 0.000000
0.049416 0.004549 0.309000 -0.245859 0.739618 -0.626513 0.000000
0.056682 0.004549 0.309000 -0.631262 0.578097 -0.517023 0.000000
-0.021813 0.004951 0.290000 0.896919 0.249243 -0.365260 0.000000
-0.015304 0.005054 0.296000 0.764445 0.294374 -0.573557 0.000000
-0.008795 0.005327 0.312000 0.728330 0.483329 0.485725 0.000000
0.000009 0.005122 0.300000 0.780138 -0.092626 0.618712 0.000000
0.006710 0.004866 0.285000 0.748644 -0.421082 0.512075 0.000000
0.049576 0.005293 0.310000 -0.267047 0.639503 -0.720917 0.000000
0.056682 0.005276 0.309000 -0.614499 0.567887 -0.547626 0.000000
-0.021888 0.005653 0.291000 0.988931 -0.142470 -0.041440 0.000000
-0.015356 0.005769 0.297000 0.789411 0.258173 -0.556936 0.000000
-0.005061 0.005983 0.308000 0.646739 0.279144 0.709793 0.000000
0.002118 0.005808 0.299000 0.754475 -0.118830 0.645482 0.000000
0.008598 0.005458 0.281000 0.517299 -0.468911 0.715908 0.000000
0.015097 0.005419 0.279000 0.133001 -0.464764 0.875388 0.000000
0.055032 0.006060 0.312000 -0.508304 0.642854 -0.573033 0.000000
0.060169 0.005847 0.301000 -0.893147 0.348644 -0.284141 0.000000
-0.017599 0.006271 0.288000 0.971304 0.133955 -0.196534 0.000000
-0.011692 0.006772 0.311000 0.581089 0.573035 0.577898 0.000000
0.001419 0.006533 0.300000 0.754928 0.221909 0.617122 0.000000
0.008022 0.006184 0.284000 0.584843 -0.502517 0.636738 0.000000
0.014441 0.006075 0.279000 0.267937 -0.575950 0.772329 0.000000
0.020851 0.006032 0.277000 -0.092311 -0.297558 0.950230 0.000000
0.049736 0.006772 0.311000 -0.239168 0.698002 -0.674975 0.000000
0.056866 0.006751 0.310000 -0.635941 0.489618 -0.596535 0.000000
0.062085 0.006533 0.300000 -0.945411 0.224967 -0.235772 0.000000
-0.016000 0.007142 0.296000 0.841470 -0.110846 -0.528812 0.000000
-0.002136 0.007335 0.304000 0.641310 0.358761 0.678242 0.000000
0.004864 0.007118 0.295000 0.911272 -0.092251 0.401340 0.000000
0.011241 0.006780 0.281000 0.344987 -0.593313 0.727299 0.000000
0.017721 0.006732 0.279000 0.108891 -0.504351 0.856605 0.000000
0.047237 0.007455 0.309000 0.247528 0.692702 -0.677416 0.000000
0.055032 0.007528 0.312000 -0.532467 0.611528 -0.585245 0.000000
0.060369 0.007286 0.302000 -0.945411 0.224967 -0.235772 0.000000
-0.017660 0.007652 0.289000 0.975412 0.028717 -0.218511 0.000000
-0.011654 0.008208 0.310000 -0.505244 -0.600743 -0.619546 0.000000
0.004881 0.007838 0.296000 0.893673 0.118255 0.432857 0.000000
0.011281 0.007467 0.282000 0.370371 -0.564707 0.737517 0.000000
0.017785 0.007414 0.280000 0.083617 -0.561988 0.822908 0.000000
0.040229 0.008235 0.311000 -0.359219 -0.780017 0.512382 0.000000
0.048584 0.008288 0.313000 0.083941 0.702113 -0.707101 0.000000
0.055765 0.008261 0.312000 -0.570238 0.538680 -0.620204 0.000000
0.061079 0.007997 0.302000 -0.940701 0.194896 -0.277664 0.000000
-0.017157 0.008418 0.292000 0.956081 -0.139208 -0.257935 0.000000
-0.010890 0.008909 0.309000 -0.505244 -0.600743 -0.619546 0.000000
0.006827 0.008361 0.290000 0.820197 -0.022580 0.571635 0.000000
0.013223 0.008101 0.281000 0.315498 -0.538432 0.781378 0.000000
0.032289 0.008995 0.312000 0.172970 -0.979251 -0.105592 0.000000
0.040006 0.009081 0.315000 -0.190009 -0.976416 0.102511 0.000000
0.049950 0.009139 0.317000 -0.120856 0.836449 -0.534554 0.000000
0.056318 0.008966 0.311000 -0.674841 0.555352 -0.485976 0.000000
0.061789 0.008707 0.302000 -0.950835 0.117339 -0.286607 0.000000
-0.016108 0.009292 0.298000 0.870093 -0.109570 -0.480554 0.000000
0.003512 0.009292 0.298000 0.705784 0.484274 0.517057 0.000000
0.010025 0.008856 0.284000 0.490097 -0.312190 0.813844 0.000000
0.016527 0.008762 0.281000 0.217704 -0.527805 0.820992 0.000000
0.031809 0.010040 0.322000 0.243588 -0.964404 -0.102910 0.000000
0.038769 0.009885 0.317000 0.119399 -0.992527 -0.025168 0.000000
0.047244 0.010103 0.324000 -0.045932 0.824416 -0.564117 0.000000
0.053339 0.009822 0.315000 -0.603525 0.598014 -0.527387 0.000000
0.059010 0.009542 0.306000 -0.903869 0.158454 -0.397384 0.000000
-0.019019 0.009691 0.289000 0.987515 -0.143187 -0.065659 0.000000
-0.013027 0.010328 0.308000 -0.303508 -0.758609 -0.576538 0.000000
0.008751 0.009590 0.286000 0.485304 -0.163372 0.858947 0.000000
0.015313 0.009490 0.283000 0.295176 -0.454885 0.840209 0.000000
0.030180 0.011032 0.329000 0.333706 -0.940767 -0.059979 0.000000
0.036649 0.010663 0.318000 0.214135 -0.971294 -0.103605 0.000000
0.044820 0.010831 0.323000 0.094450 0.787310 -0.609280 0.000000
0.052680 0.010731 0.320000 -0.502176 0.663870 -0.554162 0.000000
0.058135 0.010362 0.309000 -0.889692 0.114599 -0.441945 0.000000
-0.019767 0.010406 0.290000 0.942762 -0.333096 0.015726 0.000000
-0.013707 0.011016 0.307000 -0.426140 -0.711255 -0.559036 0.000000
0.010060 0.010227 0.285000 0.452477 -0.211999 0.866211 0.000000
0.016644 0.010155 0.283000 0.090246 -0.352595 0.931414 0.000000
0.029138 0.011698 0.326000 0.312680 -0.943477 -0.109920 0.000000
0.035788 0.011375 0.317000 0.185203 -0.972655 -0.140152 0.000000
0.045720 0.011627 0.324000 0.521841 -0.369081 -0.769066 0.000000
0.054016 0.011447 0.319000 -0.601520 0.587318 -0.541508 0.000000
0.059203 0.011016 0.307000 -0.896305 -0.007137 -0.443381 0.000000
-0.017843 0.011165 0.292000 0.811729 -0.186118 -0.553585 0.000000
0.008106 0.010974 0.287000 0.514558 -0.116569 0.849495 0.000000
0.014700 0.010859 0.284000 0.275344 -0.308390 0.910539 0.000000
0.021453 0.010897 0.285000 -0.510923 0.273860 0.814836 0.000000
0.034297 0.012121 0.317000 0.283123 -0.956445 -0.071092 0.000000
0.041751 0.012121 0.317000 0.306444 -0.951327 -0.032690 0.000000
0.052739 0.012427 0.325000 -0.503071 0.727911 -0.465903 0.000000
0.058671 0.011777 0.308000 -0.907215 -0.030437 -0.419564 0.000000
-0.019217 0.011851 0.292000 0.928755 -0.278100 -0.245102 0.000000
-0.012858 0.012338 0.304000 -0.244624 -0.839205 -0.485689 0.000000
0.015313 0.011486 0.283000 0.214648 -0.301936 0.928849 0.000000
0.022511 0.011770 0.290000 0.412472 -0.478432 -0.775222 0.000000
0.033864 0.012704 0.313000 0.285770 -0.954000 -0.090662 0.000000
0.045579 0.013110 0.323000 0.521841 -0.369081 -0.769066 0.000000
0.053504 0.013191 0.325000 -0.503071 0.727911 -0.465903 0.000000
0.058323 0.012582 0.310000 -0.925741 -0.063792 -0.372740 0.000000
-0.019348 0.012624 0.294000 0.911772 -0.187653 -0.365318 0.000000
-0.012816 0.013010 0.303000 -0.396989 -0.799767 -0.450302 0.000000
0.022278 0.012323 0.287000 0.470743 -0.376783 -0.797769 0.000000
0.034048 0.013225 0.308000 0.542040 -0.796654 -0.267459 0.000000
0.048599 0.014084 0.328000 0.264752 -0.761780 -0.591268 0.000000
0.055281 0.013826 0.322000 -0.755527 -0.103167 -0.646944 0.000000
0.060569 0.013010 0.303000 -0.920008 -0.115698 -0.374433 0.000000
-0.016639 0.013361 0.295000 0.778377 -0.150940 -0.609382 0.000000
-0.009900 0.013632 0.301000 -0.397854 -0.747976 -0.531266 0.000000
0.032282 0.013813 0.305000 0.708406 -0.654021 -0.265364 0.000000
0.047390 0.014719 0.325000 0.264752 -0.761780 -0.591268 0.000000
0.055032 0.014719 0.325000 -0.755527 -0.103167 -0.646944 0.000000
0.060054 0.013768 0.304000 -0.900078 -0.164921 -0.403312 0.000000
-0.016583 0.014007 0.294000 0.533012 0.000012 -0.846108 0.000000
-0.009834 0.014245 0.299000 -0.177327 -0.840013 -0.512770 0.000000
0.033274 0.014340 0.301000 -0.805531 0.499396 0.318940 0.000000
0.049219 0.015579 0.327000 0.264752 -0.761780 -0.591268 0.000000
0.055864 0.015293 0.321000 -0.839689 -0.083824 -0.536559 0.000000
0.059856 0.014435 0.303000 -0.883889 -0.277498 -0.376478 0.000000
-0.016583 0.014698 0.294000 0.615031 -0.033168 -0.787805 0.000000
-0.009802 0.014898 0.298000 -0.241598 -0.874090 -0.421424 0.000000
0.050757 0.016348 0.327000 -0.111767 -0.733534 -0.670400 0.000000
0.056659 0.015848 0.317000 -0.911390 -0.320439 -0.258237 0.000000
0.060877 0.015048 0.301000 -0.926850 -0.223404 -0.301728 0.000000
-0.015149 0.015337 0.293000 0.496841 -0.628704 0.598231 0.000000
-0.008344 0.015494 0.296000 -0.147897 -0.810355 -0.566967 0.000000
0.050602 0.017064 0.326000 -0.111767 -0.733534 -0.670400 0.000000
0.056480 0.016541 0.316000 -0.914821 -0.312857 -0.255388 0.000000
0.060877 0.015756 0.301000 -0.926850 -0.223404 -0.301728 0.000000
-0.015149 0.016026 0.293000 0.546213 -0.665011 0.509325 0.000000
-0.008287 0.016080 0.294000 -0.252147 -0.751733 -0.609360 0.000000
0.049682 0.017776 0.325000 -0.111767 -0.733534 -0.670400 0.000000
0.055913 0.017338 0.317000 -0.900987 -0.346586 -0.260963 0.000000
0.060169 0.016463 0.301000 -0.886217 -0.304457 -0.349178 0.000000
-0.015149 0.016715 0.293000 0.546213 -0.665011 0.509325 0.000000
-0.008259 0.016715 0.293000 -0.360628 -0.662391 -0.656647 0.000000
0.046661 0.018255 0.320000 0.451154 -0.728116 -0.516049 0.000000
0.054524 0.018369 0.322000 -0.515514 -0.652935 -0.554906 0.000000
0.058431 0.017285 0.303000 -0.873560 -0.344600 -0.343719 0.000000
-0.017392 0.017582 0.296000 0.454435 -0.692309 0.560533 0.000000
-0.010291 0.017344 0.292000 -0.304723 -0.412315 -0.858569 0.000000
-0.003401 0.017225 0.290000 -0.333256 -0.561015 -0.757762 0.000000
0.049224 0.019126 0.322000 -0.084488 -0.772298 -0.629617 0.000000
0.055384 0.018651 0.314000 -0.805834 -0.500031 -0.317177 0.000000
0.059969 0.017819 0.300000 -0.886217 -0.304457 -0.349178 0.000000
-0.015252 0.018216 0.295000 0.583276 -0.591756 0.556431 0.000000
-0.008175 0.017907 0.290000 0.331489 0.386273 0.860760 0.000000
-0.001351 0.017846 0.289000 -0.271817 -0.401960 -0.874382 0.000000
0.044168 0.019328 0.313000 0.549575 -0.799173 -0.243496 0.000000
0.052845 0.019822 0.321000 -0.194810 -0.794462 -0.575222 0.000000
0.057195 0.018772 0.304000 -0.792576 -0.452271 -0.408992 0.000000
-0.019228 0.019423 0.303000 0.923144 0.384124 0.015944 0.000000
-0.011704 0.018782 0.293000 0.580878 -0.044724 0.812761 0.000000
-0.004749 0.018525 0.289000 0.362825 0.401078 0.841127 0.000000
0.002040 0.018461 0.288000 -0.322355 -0.396236 -0.859700 0.000000
0.008720 0.018269 0.285000 -0.201639 -0.286743 -0.936547 0.000000
0.049671 0.020512 0.320000 -0.147084 -0.866609 -0.476818 0.000000
0.055229 0.019807 0.309000 -0.777951 -0.561061 -0.282847 0.000000
0.060270 0.019102 0.298000 -0.886217 -0.304457 -0.349178 0.000000
-0.014657 0.019736 0.297000 0.660589 -0.457587 0.595178 0.000000
-0.007467 0.019205 0.289000 0.496841 0.286502 0.819186 0.000000
-0.000669 0.019138 0.288000 -0.302956 -0.403013 -0.863596 0.000000
0.006061 0.019005 0.286000 -0.303935 -0.442352 -0.843770 0.000000
0.012696 0.018872 0.284000 0.170863 0.054422 0.983791 0.000000
0.048612 0.021132 0.318000 -0.022422 -0.947717 -0.318323 0.000000
0.054502 0.020534 0.309000 -0.705510 -0.649372 -0.283852 0.000000
0.059569 0.019803 0.298000 -0.875880 -0.473546 -0.092675 0.000000
-0.015511 0.020641 0.300000 0.956130 0.046575 0.289216 0.000000
-0.008175 0.019953 0.290000 0.480305 0.172942 0.859882 0.000000
-0.001346 0.019815 0.288000 -0.284386 -0.386713 -0.877256 0.000000
0.005388 0.019678 0.286000 -0.331038 -0.450481 -0.829145 0.000000
0.012028 0.019540 0.284000 0.156269 0.118387 0.980594 0.000000
0.039249 0.020504 0.298000 0.530632 -0.770923 -0.352290 0.000000
0.049205 0.021811 0.317000 0.023450 -0.949220 -0.313739 0.000000
0.054871 0.021123 0.307000 -0.759124 -0.593470 -0.267440 0.000000
-0.021859 0.022058 0.310000 0.916154 0.381206 0.123871 0.000000
-0.014053 0.021275 0.299000 0.742546 -0.327931 0.584027 0.000000
-0.006764 0.020493 0.288000 0.503173 0.232030 0.832453 0.000000
0.000008 0.020422 0.287000 -0.309596 -0.414175 -0.855926 0.000000
0.006710 0.020279 0.285000 -0.215141 -0.492330 -0.843401 0.000000
0.013364 0.020208 0.284000 0.098800 0.041941 0.994223 0.000000
0.020042 0.020208 0.284000 0.006470 -0.145271 0.989371 0.000000
0.033306 0.020564 0.289000 0.414935 -0.651937 -0.634671 0.000000
0.041906 0.021489 0.302000 0.360705 -0.903992 -0.229545 0.000000
0.050792 0.022272 0.313000 -0.007879 -0.970266 -0.241913 0.000000
0.056108 0.021489 0.302000 -0.708658 -0.593507 -0.381515 0.000000
-0.019482 0.022567 0.307000 0.912163 0.399167 0.092863 0.000000
-0.011864 0.021831 0.297000 0.736270 -0.356706 0.575037 0.000000
-0.004716 0.021096 0.287000 0.373721 0.357330 0.855948 0.000000
0.002026 0.021023 0.286000 -0.343333 -0.454000 -0.822196 0.000000
0.008689 0.020876 0.284000 -0.069843 -0.463234 -0.883480 0.000000
0.015367 0.020876 0.284000 0.019245 0.023407 0.999541 0.000000
0.022045 0.020876 0.284000 -0.076158 -0.125793 0.989129 0.000000
0.028926 0.021023 0.286000 0.395194 -0.371979 -0.839913 0.000000
0.036274 0.021390 0.291000 0.345506 -0.758698 -0.552270 0.000000
0.046931 0.022567 0.307000 0.239227 -0.940102 -0.242855 0.000000
0.054150 0.022567 0.307000 -0.656083 -0.704115 -0.271619 0.000000
-0.022000 0.023668 0.312000 0.884204 0.424922 0.193972 0.000000
-0.014147 0.022833 0.301000 0.904750 0.114065 0.410385 0.000000
-0.006787 0.021923 0.289000 0.512473 0.180741 0.839466 0.000000
0.000008 0.021771 0.287000 -0.315526 -0.413182 -0.854239 0.000000
0.006686 0.021544 0.284000 -0.185144 -0.531060 -0.826860 0.000000
0.013364 0.021544 0.284000 -0.020282 0.172053 0.984879 0.000000
0.020042 0.021544 0.284000 0.002588 -0.044896 0.998988 0.000000
0.026814 0.021620 0.285000 -0.133041 0.031629 0.990606 0.000000
0.033986 0.021923 0.289000 0.251406 -0.770446 -0.585839 0.000000
0.041205 0.022151 0.292000 0.527161 -0.775853 -0.346631 0.000000
0.050046 0.023061 0.304000 -0.252595 -0.939640 -0.230809 0.000000
0.056254 0.022682 0.299000 -0.702204 -0.697351 -0.143568 0.000000
-0.017203 0.023854 0.305000 0.888023 0.301818 0.346873 0.000000
-0.009670 0.022994 0.294000 0.735988 -0.245015 0.631102 0.000000
-0.002691 0.022446 0.287000 0.401712 0.319821 0.858104 0.000000
0.004015 0.022211 0.284000 -0.374222 -0.487971 -0.788570 0.000000
0.010655 0.022133 0.283000 0.027594 -0.446471 -0.894372 0.000000
0.017371 0.022211 0.284000 -0.020493 0.083391 0.996306 0.000000
0.024049 0.022211 0.284000 -0.082834 -0.035381 0.995935 0.000000
0.031051 0.022446 0.287000 0.331546 -0.513404 -0.791514 0.000000
0.037668 0.022368 0.286000 0.248607 -0.845928 -0.471805 0.000000
0.045324 0.022837 0.292000 0.438970 -0.780541 -0.445041 0.000000
0.055737 0.023463 0.300000 -0.763231 -0.642036 -0.072580 0.000000
-0.015717 0.024490 0.304000 0.877191 0.293647 0.379878 0.000000
-0.008231 0.023524 0.292000 0.606450 0.057417 0.793046 0.000000
-0.001342 0.023121 0.287000 0.374449 0.365908 0.851997 0.000000
0.005313 0.022718 0.282000 -0.260259 -0.487853 -0.833225 0.000000
0.011986 0.022799 0.283000 0.088022 -0.394909 -0.914494 0.000000
0.018706 0.022879 0.284000 -0.030585 0.065468 0.997386 0.000000
0.025384 0.022879 0.284000 -0.141913 0.121503 0.982394 0.000000
0.032288 0.023040 0.286000 0.120107 -0.715792 -0.687907 0.000000
0.038195 0.022557 0.280000 0.226003 -0.944940 -0.236668 0.000000
0.046538 0.023443 0.291000 0.527360 -0.730282 -0.434258 0.000000
-0.013484 0.025039 0.302000 0.851496 0.208091 0.481304 0.000000
-0.006108 0.023962 0.289000 0.531755 0.151953 0.833155 0.000000
0.000678 0.023630 0.285000 -0.403652 -0.458172 -0.791924 0.000000
0.007276 0.023298 0.281000 -0.061044 -0.492665 -0.868076 0.000000
0.013982 0.023464 0.283000 0.189026 -0.325231 -0.926550 0.000000
0.020710 0.023547 0.284000 -0.085988 0.153874 0.984342 0.000000
0.027484 0.023630 0.285000 0.259415 -0.228504 -0.938344 0.000000
0.033586 0.023215 0.280000 -0.303521 -0.747697 -0.590613 0.000000
0.039452 0.022801 0.275000 -0.793887 -0.203905 0.572858 0.000000
-0.015717 0.025920 0.304000 0.868633 0.228195 0.439777 0.000000
-0.008287 0.025067 0.294000 0.732896 -0.107901 0.671730 0.000000
-0.001337 0.024385 0.286000 0.432472 0.389005 0.813415 0.000000
0.005294 0.023959 0.281000 -0.208145 -0.470164 -0.857684 0.000000
0.011944 0.024044 0.282000 0.177323 -0.421849 -0.889157 0.000000
0.018706 0.024215 0.284000 0.042571 -0.179722 -0.982796 0.000000
0.025384 0.024215 0.284000 -0.158527 0.198957 0.967102 0.000000
0.031611 0.023874 0.280000 -0.300326 -0.704982 -0.642499 0.000000
0.038665 0.023362 0.274000 -0.633558 -0.495743 0.594006 0.000000
0.046918 0.024300 0.285000 -0.814090 0.558228 0.160123 0.000000
-0.006129 0.025408 0.290000 0.595097 0.106331 0.796588 0.000000
0.000676 0.024883 0.284000 -0.402605 -0.459704 -0.791569 0.000000
0.007250 0.024532 0.280000 -0.077910 -0.504076 -0.860138 0.000000
0.013982 0.024795 0.283000 0.226479 -0.388612 -0.893134 0.000000
0.020710 0.024883 0.284000 0.034120 -0.264803 -0.963699 0.000000
0.027484 0.024970 0.285000 0.010135 -0.523005 -0.852269 0.000000
0.035693 0.023744 0.271000 -0.641717 -0.571676 0.511260 0.000000
0.042996 0.024269 0.277000 -0.827184 0.090498 0.554597 0.000000
-0.004732 0.025910 0.288000 0.526808 0.226977 0.819118 0.000000
0.002004 0.025460 0.283000 -0.411236 -0.475333 -0.777781 0.000000
0.008567 0.025191 0.280000 -0.001475 -0.485727 -0.874109 0.000000
0.015313 0.025460 0.283000 0.186956 -0.424117 -0.886099 0.000000
0.022045 0.025550 0.284000 0.059691 -0.336082 -0.939939 0.000000
0.028723 0.025550 0.284000 0.035767 -0.556547 -0.830046 0.000000
0.035429 0.024201 0.269000 -0.627224 -0.655361 0.420822 0.000000
0.042996 0.024921 0.277000 -0.813308 -0.168885 0.556783 0.000000
-0.002002 0.026311 0.285000 0.448122 0.343409 0.825383 0.000000
0.004633 0.025941 0.281000 -0.258165 -0.434594 -0.862832 0.000000
0.011241 0.025941 0.281000 0.111797 -0.430123 -0.895821 0.000000
0.017975 0.026126 0.283000 0.131168 -0.440181 -0.888277 0.000000
0.024630 0.026126 0.283000 0.000375 -0.500825 -0.865549 0.000000
0.031516 0.024741 0.268000 -0.418365 -0.887282 0.194169 0.000000
0.038100 0.024926 0.270000 -0.641717 -0.571676 0.511260 0.000000
0.047088 0.026034 0.282000 -0.884561 0.064193 0.461985 0.000000
0.002004 0.026791 0.283000 -0.411236 -0.475333 -0.777781 0.000000
0.008567 0.026507 0.280000 -0.001475 -0.485727 -0.874109 0.000000
0.015259 0.026697 0.282000 0.184701 -0.500843 -0.845601 0.000000
0.021968 0.026791 0.283000 -0.005497 -0.528771 -0.848747 0.000000
0.032532 0.025182 0.266000 -0.418365 -0.887282 0.194169 0.000000
0.039953 0.025939 0.274000 -0.667634 -0.400833 0.627373 0.000000
-0.000660 0.027554 0.284000 0.473003 0.335552 0.814661 0.000000
0.005955 0.027263 0.281000 -0.170648 -0.459688 -0.871531 0.000000
0.012562 0.027263 0.281000 0.167264 -0.500945 -0.849162 0.000000
0.019238 0.027360 0.282000 0.037614 -0.565896 -0.823618 0.000000
0.025869 0.027360 0.282000 -0.170476 -0.669474 -0.723009 0.000000
0.037604 0.026293 0.271000 -0.641717 -0.571676 0.511260 0.000000
0.046086 0.027554 0.284000 -0.889906 0.245595 0.384384 0.000000
0.005955 0.027924 0.281000 -0.194143 -0.435735 -0.878888 0.000000
0.012517 0.027824 0.280000 0.123022 -0.481412 -0.867818 0.000000
0.019238 0.028023 0.282000 0.034862 -0.611822 -0.790227 0.000000
0.025777 0.027924 0.281000 -0.200028 -0.699563 -0.686003 0.000000
0.039309 0.027228 0.274000 -0.667890 -0.419315 0.614896 0.000000
0.004633 0.028584 0.281000 -0.258379 -0.408586 -0.875384 0.000000
0.011201 0.028483 0.280000 0.125514 -0.477663 -0.869531 0.000000
0.017912 0.028686 0.282000 0.094120 -0.602946 -0.792210 0.000000
0.024455 0.028584 0.281000 -0.122999 -0.743726 -0.657071 0.000000
0.036330 0.027567 0.271000 -0.606475 -0.530811 0.591969 0.000000
0.044593 0.028788 0.283000 -0.891639 -0.050348 0.449939 0.000000
0.012473 0.029037 0.279000 0.128882 -0.480209 -0.867634 0.000000
0.019170 0.029245 0.281000 0.035149 -0.668786 -0.742624 0.000000
0.025502 0.028933 0.278000 -0.304361 -0.828973 -0.469220 0.000000
0.033656 0.028100 0.270000 -0.418365 -0.887282 0.194169 0.000000
0.041338 0.029037 0.279000 -0.776598 -0.213405 0.592751 0.000000
0.011161 0.029693 0.279000 0.128882 -0.480209 -0.867634 0.000000
0.017785 0.029799 0.280000 0.034907 -0.683792 -0.728841 0.000000
0.024281 0.029693 0.279000 -0.207727 -0.805169 -0.555474 0.000000
0.029957 0.028841 0.271000 -0.195047 -0.907447 0.372152 0.000000
0.036732 0.029161 0.274000 -0.627396 -0.430233 0.649056 0.000000
0.044908 0.030331 0.285000 -0.915751 0.116063 0.384616 0.000000
0.017065 0.030349 0.279000 0.039349 -0.767495 -0.639846 0.000000
0.023541 0.030240 0.278000 -0.242097 -0.847802 -0.471827 0.000000
0.029320 0.029479 0.271000 -0.143115 -0.951114 0.273678 0.000000
0.036088 0.029805 0.274000 -0.627396 -0.430233 0.649056 0.000000
0.044083 0.030893 0.284000 -0.876025 -0.079736 0.475628 0.000000
0.018311 0.030894 0.278000 0.018415 -0.796251 -0.604685 0.000000
0.024580 0.030560 0.275000 -0.186461 -0.878105 -0.440640 0.000000
0.030595 0.030116 0.271000 -0.149604 -0.833213 0.532329 0.000000
0.037649 0.030672 0.276000 -0.631462 -0.421340 0.650944 0.000000
0.046378 0.032227 0.290000 -0.883335 0.357271 0.303442 0.000000
0.022722 0.031321 0.276000 -0.199945 -0.868183 -0.454182 0.000000
0.028683 0.030753 0.271000 -0.053462 -0.924229 0.378079 0.000000
0.035573 0.031207 0.275000 -0.613863 -0.448066 0.649929 0.000000
0.043262 0.032115 0.283000 -0.841097 -0.175268 0.511700 0.000000
0.023202 0.031738 0.274000 -0.120444 -0.914429 -0.386409 0.000000
0.029320 0.031390 0.271000 -0.053462 -0.924229 0.378079 0.000000
0.036351 0.031970 0.276000 -0.568122 -0.457955 0.683751 0.000000
0.044393 0.033128 0.286000 -0.879004 -0.084857 0.469203 0.000000
0.026771 0.032028 0.271000 -0.020488 -0.962186 0.271621 0.000000
0.033388 0.032264 0.273000 -0.271616 -0.738716 0.616866 0.000000
0.040974 0.033209 0.281000 -0.762430 -0.292941 0.576963 0.000000
0.050968 0.035573 0.301000 -0.883805 -0.116411 0.453142 0.000000
0.034279 0.033147 0.275000 -0.306608 -0.735119 0.604642 0.000000
0.041931 0.034111 0.283000 -0.787439 -0.145265 0.599030 0.000000
0.052191 0.036642 0.304000 -0.850712 -0.519266 -0.081562 0.000000
0.039131 0.034654 0.282000 -0.751671 -0.062256 0.656594 0.000000
0.048196 0.036497 0.297000 -0.905769 0.080868 0.415984 0.000000
0.041557 0.035693 0.285000 -0.833013 -0.205789 0.513556 0.000000
0.051137 0.037822 0.302000 -0.892407 -0.058336 0.447445 0.000000
0.051137 0.039242 0.302000 -0.905169 -0.185274 0.382547 0.000000
-0.007984 0.006729 0.309000 0.617054 0.523879 0.587193 2.000000
-0.006488 0.007407 0.307000 -0.509249 -0.591116 -0.625498 2.000000
-0.007210 0.008129 0.307000 -0.509249 -0.591116 -0.625498 2.000000
-0.009376 0.008851 0.307000 -0.505190 -0.609874 -0.610604 2.000000
-0.002129 0.008736 0.303000 -0.579765 -0.472688 -0.663655 2.000000
-0.006425 0.009479 0.304000 -0.505630 -0.648782 -0.568701 2.000000
0.000714 0.009354 0.300000 -0.583962 -0.548479 -0.598465 2.000000
-0.004962 0.010127 0.302000 -0.459409 -0.665331 -0.588454 2.000000
0.002111 0.009993 0.298000 0.701098 0.509142 0.499236 2.000000
-0.006382 0.010837 0.302000 -0.442001 -0.721160 -0.533444 2.000000
0.000707 0.010658 0.297000 0.701098 0.509142 0.499236 2.000000
-0.011466 0.011662 0.305000 -0.135413 -0.819518 -0.556824 2.000000
-0.004210 0.011432 0.299000 -0.460137 -0.724369 -0.513385 2.000000
0.002774 0.011241 0.294000 0.663594 0.533223 0.524706 2.000000
-0.012143 0.012338 0.304000 -0.342461 -0.767580 -0.541795 2.000000
-0.004913 0.012136 0.299000 -0.405885 -0.779249 -0.477524 2.000000
0.002075 0.011892 0.293000 0.588008 0.599215 0.543312 2.000000
0.008751 0.011608 0.286000 0.480573 -0.058277 0.875016 2.000000
-0.007046 0.012882 0.300000 -0.272903 -0.830465 -0.485645 2.000000
0.000008 0.012538 0.292000 -0.508946 -0.654017 -0.559674 2.000000
0.006780 0.012366 0.288000 0.604653 0.122773 0.786970 2.000000
0.013317 0.012152 0.283000 0.363609 -0.152637 0.918962 2.000000
0.044265 0.013697 0.319000 0.610858 -0.619637 -0.492851 2.000000
-0.003460 0.013361 0.295000 -0.366131 -0.810856 -0.456576 2.000000
0.003406 0.013089 0.289000 0.491707 0.441766 0.750378 2.000000
0.010060 0.012908 0.285000 0.394341 0.002924 0.918960 2.000000
0.016644 0.012817 0.283000 0.038681 -0.119226 0.992113 2.000000
0.039841 0.013949 0.308000 0.460082 -0.789447 -0.406323 2.000000
-0.004864 0.014102 0.296000 -0.363279 -0.799084 -0.479054 2.000000
0.002047 0.013768 0.289000 0.472788 0.474227 0.742684 2.000000
0.008751 0.013625 0.286000 0.434138 0.155690 0.887291 2.000000
0.015313 0.013482 0.283000 0.133547 -0.072976 0.988352 2.000000
0.022045 0.013530 0.284000 0.447532 -0.399011 -0.800316 2.000000
0.041692 0.014816 0.311000 0.526008 -0.611549 -0.591036 2.000000
-0.001360 0.014548 0.291000 -0.341282 -0.673267 -0.655925 2.000000
0.005426 0.014398 0.288000 0.498231 0.364482 0.786714 2.000000
0.012028 0.014198 0.284000 0.335361 0.020982 0.941856 2.000000
0.018641 0.014148 0.283000 -0.010152 -0.001576 0.999947 2.000000
0.026010 0.014548 0.291000 0.534441 -0.466242 -0.704976 2.000000
0.033530 0.014848 0.297000 0.725179 -0.531636 -0.437582 2.000000
0.042560 0.015598 0.312000 0.607455 -0.650621 -0.455731 2.000000
0.000008 0.015180 0.290000 -0.406664 -0.591026 -0.696644 2.000000
0.006733 0.014970 0.286000 0.422199 0.151887 0.893688 2.000000
0.013317 0.014813 0.283000 0.294707 -0.001304 0.955587 2.000000
0.019901 0.014761 0.282000 -0.066130 0.016323 0.997678 2.000000
0.027190 0.015127 0.289000 0.464027 -0.394852 -0.792950 2.000000
0.034691 0.015442 0.295000 -0.809812 0.324332 0.488890 2.000000
0.044733 0.016593 0.317000 0.683450 -0.577501 -0.446529 2.000000
0.002717 0.015752 0.288000 -0.400683 -0.456419 -0.794440 2.000000
0.009390 0.015588 0.285000 0.346812 0.134675 0.928216 2.000000
0.015979 0.015479 0.283000 0.102136 -0.067777 0.992459 2.000000
0.022633 0.015479 0.283000 -0.306083 0.319371 0.896837 2.000000
0.029909 0.015807 0.289000 0.554928 -0.574138 -0.602014 2.000000
0.037847 0.016299 0.298000 0.676079 -0.656498 -0.334555 2.000000
-0.000671 0.016487 0.289000 -0.278813 -0.553386 -0.784874 2.000000
0.006061 0.016315 0.286000 0.374915 0.259864 0.889893 2.000000
0.012696 0.016201 0.284000 0.273790 0.047686 0.960607 2.000000
0.019238 0.016087 0.282000 -0.018946 -0.002203 0.999818 2.000000
0.025960 0.016144 0.283000 -0.376164 0.180257 0.908850 2.000000
0.033422 0.016544 0.290000 0.543974 -0.623151 -0.561939 2.000000
0.043293 0.017799 0.312000 0.581373 -0.750576 -0.314072 2.000000
0.005388 0.016988 0.286000 0.387041 0.348191 0.853793 2.000000
0.012028 0.016869 0.284000 0.278017 0.064297 0.958422 2.000000
0.018575 0.016750 0.282000 0.067337 -0.117728 0.990760 2.000000
0.025295 0.016810 0.283000 -0.376164 0.180257 0.908850 2.000000
0.032514 0.017107 0.288000 0.549616 -0.493501 -0.674076 2.000000
0.042014 0.018295 0.308000 0.550003 -0.775106 -0.310978 2.000000
0.009390 0.017599 0.285000 0.273399 0.171633 0.946464 2.000000
0.015979 0.017475 0.283000 0.111103 -0.114003 0.987248 2.000000
0.022633 0.017475 0.283000 -0.109265 -0.004227 0.994004 2.000000
0.029598 0.017660 0.286000 -0.516352 0.267482 0.813532 2.000000
0.037593 0.018278 0.296000 0.538761 -0.720322 -0.436890 2.000000
0.012696 0.018205 0.284000 0.208731 0.058738 0.976208 2.000000
0.019306 0.018141 0.283000 0.043390 -0.142011 0.988914 2.000000
0.025960 0.018141 0.283000 -0.364130 0.040766 0.930456 2.000000
0.033306 0.018525 0.289000 0.482277 -0.621864 -0.617004 2.000000
0.014700 0.018872 0.284000 0.109316 0.010928 0.993947 2.000000
0.021302 0.018806 0.283000 -0.032978 -0.159747 0.986607 2.000000
0.028056 0.018872 0.284000 -0.434280 0.251112 0.865069 2.000000
0.035590 0.019338 0.291000 0.422754 -0.713809 -0.558351 2.000000
0.021302 0.019471 0.283000 -0.037019 -0.146533 0.988513 2.000000
0.028154 0.019609 0.285000 -0.449475 0.251357 0.857200 2.000000
0.035590 0.020022 0.291000 0.445207 -0.629952 -0.636358 2.000000
0.026720 0.020208 0.284000 -0.244296 0.170643 0.954568 2.000000
0.000676 -0.003833 0.284000 0.430502 -0.563901 0.704758 1.000000
0.007224 -0.003765 0.279000 0.475779 -0.454546 0.753009 1.000000
0.000678 -0.003176 0.285000 0.488547 -0.572621 0.658351 1.000000
0.007250 -0.003120 0.280000 0.477062 -0.408836 0.777988 1.000000
0.013735 -0.003098 0.278000 0.009247 -0.254087 0.967137 1.000000
-0.002701 -0.002532 0.288000 0.351598 -0.642311 0.681040 1.000000
0.004001 -0.002488 0.283000 0.608569 -0.503518 0.613281 1.000000
0.010542 -0.002462 0.280000 0.306349 -0.166474 0.937249 1.000000
0.017065 -0.002453 0.279000 -0.240907 -0.025140 0.970223 1.000000
0.023710 -0.002462 0.280000 -0.073346 -0.067153 0.995043 1.000000
0.030294 -0.002462 0.280000 0.021152 -0.219039 0.975487 1.000000
-0.004749 -0.001861 0.289000 0.158125 -0.655887 0.738112 1.000000
0.002026 -0.001842 0.286000 0.475388 -0.668561 0.571867 1.000000
0.008567 -0.001803 0.280000 0.347562 -0.307799 0.885698 1.000000
0.015043 -0.001791 0.278000 -0.053488 -0.178627 0.982462 1.000000
0.021735 -0.001803 0.280000 -0.138577 0.086113 0.986601 1.000000
0.028319 -0.001803 0.280000 0.053031 -0.064475 0.996509 1.000000
0.034903 -0.001803 0.280000 -0.164283 -0.375325 0.912218 1.000000
0.042079 -0.001829 0.284000 -0.564044 -0.561307 0.605631 1.000000
-0.001351 -0.001182 0.289000 0.528947 -0.670874 0.519752 1.000000
0.005313 -0.001153 0.282000 0.574979 -0.450072 0.683253 1.000000
0.011774 -0.001137 0.278000 0.219030 0.014415 0.975612 1.000000
0.018377 -0.001141 0.279000 -0.139315 0.202253 0.969373 1.000000
0.024937 -0.001141 0.279000 -0.113145 0.130958 0.984910 1.000000
0.031611 -0.001145 0.280000 -0.030872 -0.228726 0.973001 1.000000
0.038331 -0.001149 0.281000 -0.370641 -0.520218 0.769414 1.000000
-0.007596 -0.000511 0.294000 0.355410 -0.749596 0.558381 1.000000
-0.000671 -0.000502 0.289000 0.594118 -0.619830 0.512674 1.000000
0.005955 -0.000488 0.281000 0.565475 -0.419314 0.710221 1.000000
0.012428 -0.000483 0.278000 0.178900 -0.021624 0.983630 1.000000
0.019033 -0.000485 0.279000 -0.162387 0.262792 0.951089 1.000000
0.025593 -0.000485 0.279000 -0.105109 0.165799 0.980542 1.000000
0.032154 -0.000485 0.279000 -0.054310 -0.230253 0.971614 1.000000
0.039131 -0.000490 0.282000 -0.438163 -0.568503 0.696288 1.000000
-0.006999 0.000183 0.298000 -0.070883 0.875007 -0.478893 1.000000
0.000008 0.000177 0.289000 0.508265 -0.709037 0.488808 1.000000
0.006592 0.000172 0.280000 0.536747 -0.383117 0.751747 1.000000
0.013035 0.000170 0.277000 0.101078 -0.133223 0.985918 1.000000
0.019689 0.000171 0.279000 -0.167336 0.253037 0.952875 1.000000
0.026250 0.000171 0.279000 -0.124008 0.137792 0.982667 1.000000
0.032810 0.000171 0.279000 -0.089467 -0.236856 0.967417 1.000000
0.039935 0.000174 0.283000 -0.468208 -0.641014 0.608180 1.000000
-0.006340 0.000889 0.300000 0.278136 -0.868631 0.410024 1.000000
0.000688 0.000857 0.289000 0.541888 -0.719454 0.434446 1.000000
0.007224 0.000827 0.279000 0.552048 -0.322184 0.769052 1.000000
0.013686 0.000821 0.277000 0.050920 -0.046472 0.997621 1.000000
0.020272 0.000824 0.278000 -0.159671 0.234450 0.958926 1.000000
0.026906 0.000827 0.279000 -0.110622 0.191761 0.975187 1.000000
0.033466 0.000827 0.279000 -0.133441 -0.253235 0.958157 1.000000
0.040887 0.000845 0.285000 -0.527861 -0.652008 0.544287 1.000000
-0.005672 0.001605 0.302000 0.551813 -0.662122 0.507046 1.000000
0.001372 0.001542 0.290000 0.577946 -0.692654 0.431520 1.000000
0.007880 0.001483 0.279000 0.511694 -0.307124 0.802399 1.000000
0.014286 0.001467 0.276000 0.034876 -0.001457 0.999391 1.000000
0.020926 0.001478 0.278000 -0.080616 0.323769 0.942695 1.000000
0.027562 0.001483 0.279000 -0.158114 0.118201 0.980321 1.000000
0.034122 0.001483 0.279000 -0.171290 -0.223405 0.959557 1.000000
0.041849 0.001526 0.287000 -0.529019 -0.719409 0.450100 1.000000
-0.002804 0.002293 0.299000 0.630589 -0.557946 0.539494 1.000000
0.004043 0.002193 0.286000 0.695757 -0.529118 0.485754 1.000000
0.010467 0.002132 0.278000 0.355386 -0.208511 0.911166 1.000000
0.016943 0.002124 0.277000 0.045522 -0.009346 0.998920 1.000000
0.023456 0.002124 0.277000 -0.169680 0.318803 0.932509 1.000000
0.030294 0.002147 0.280000 -0.141269 -0.084674 0.986344 1.000000
0.037010 0.002155 0.281000 -0.379020 -0.553889 0.741317 1.000000
0.046411 0.002293 0.299000 -0.315728 -0.895816 0.312778 1.000000
0.002061 0.002916 0.291000 0.762353 -0.508474 0.400340 1.000000
0.008536 0.002795 0.279000 0.511641 -0.348273 0.785449 1.000000
0.014989 0.002775 0.277000 0.004523 0.009495 0.999945 1.000000
0.021502 0.002775 0.277000 -0.053206 0.210514 0.976142 1.000000
0.028319 0.002805 0.280000 -0.185924 0.042851 0.981629 1.000000
0.034903 0.002805 0.280000 -0.298420 -0.453921 0.839584 1.000000
0.042968 0.002906 0.290000 -0.550564 -0.743079 0.380411 1.000000
0.002745 0.003600 0.291000 0.802324 -0.476535 0.359431 1.000000
0.009160 0.003439 0.278000 0.511641 -0.348273 0.785449 1.000000
0.015640 0.003427 0.277000 0.072905 -0.080102 0.994117 1.000000
0.022073 0.003414 0.276000 -0.115312 0.124479 0.985499 1.000000
0.028977 0.003464 0.280000 -0.184171 0.037791 0.982167 1.000000
0.035688 0.003476 0.281000 -0.363251 -0.520282 0.772888 1.000000
0.044252 0.003637 0.294000 -0.454693 -0.836410 0.306060 1.000000
0.012428 0.004093 0.278000 0.264784 -0.324143 0.908196 1.000000
0.018897 0.004078 0.277000 0.014775 -0.043388 0.998949 1.000000
0.025502 0.004093 0.278000 -0.191760 0.148695 0.970112 1.000000
0.032500 0.004152 0.282000 -0.300109 -0.383324 0.873497 1.000000
0.039686 0.004210 0.286000 -0.438035 -0.733223 0.520105 1.000000
0.013735 0.004746 0.278000 0.224049 -0.416228 0.881224 1.000000
0.020126 0.004712 0.276000 -0.059898 -0.066085 0.996015 1.000000
0.027002 0.004780 0.280000 -0.179848 0.180227 0.967043 1.000000
0.034545 0.004917 0.288000 -0.349690 -0.830060 0.434417 1.000000
0.041748 0.004968 0.291000 -0.544369 -0.738932 0.397040 1.000000
0.018897 0.005381 0.277000 0.071491 -0.411293 0.908695 1.000000
0.025502 0.005400 0.278000 -0.176191 0.085376 0.980647 1.000000
0.033652 0.005672 0.292000 -0.571261 -0.666675 0.478754 1.000000
0.040796 0.005711 0.294000 -0.634845 -0.656678 0.407119 1.000000
0.028159 0.006359 0.292000 -0.618487 -0.564162 0.546988 1.000000
0.034920 0.007311 0.303000 -0.713726 -0.681430 0.162016 1.000000
0.033826 0.008102 0.306000 -0.898751 0.413802 0.144964 1.000000
