0.015275 -0.012458 0.191000 -0.586737 0.098217 0.803799 1.000000
0.014302 -0.011946 0.190000 -0.611013 0.152811 0.776732 1.000000
0.008315 -0.011257 0.186000 -0.220136 -0.196580 0.955456 1.000000
0.012893 -0.011439 0.189000 -0.607801 0.095295 0.788351 1.000000
0.017704 -0.011681 0.193000 -0.557094 0.009336 0.830397 1.000000
-0.000425 -0.010645 0.183000 -0.067674 -0.640552 0.764927 1.000000
0.003920 -0.010762 0.185000 -0.337089 -0.302752 0.891466 1.000000
0.008360 -0.010878 0.187000 -0.216259 -0.124135 0.968412 1.000000
0.012893 -0.010994 0.189000 -0.578725 0.124365 0.805984 1.000000
0.017704 -0.011227 0.193000 -0.573741 0.038987 0.818108 1.000000
-0.005619 -0.010271 0.184000 0.191277 -0.475580 0.858625 1.000000
-0.001293 -0.010271 0.184000 0.078623 -0.604399 0.792793 1.000000
0.003067 -0.010383 0.186000 -0.299329 -0.264486 0.916760 1.000000
0.007480 -0.010438 0.187000 -0.139110 -0.073524 0.987544 1.000000
0.012005 -0.010550 0.189000 -0.531663 0.114757 0.839146 1.000000
0.016710 -0.010717 0.192000 -0.614971 0.137309 0.776503 1.000000
0.021667 -0.010941 0.196000 -0.521781 -0.268107 0.809854 1.000000
-0.004321 -0.009838 0.184000 0.070561 -0.599333 0.797384 1.000000
0.000005 -0.009892 0.185000 -0.185077 -0.493692 0.849715 1.000000
0.004402 -0.009999 0.187000 -0.314946 -0.197388 0.928357 1.000000
0.008800 -0.009999 0.187000 -0.276015 -0.051832 0.959755 1.000000
0.013338 -0.010106 0.189000 -0.569247 0.134036 0.811167 1.000000
0.018158 -0.010319 0.193000 -0.631217 0.030860 0.774992 1.000000
0.023167 -0.010533 0.197000 -0.677511 -0.278762 0.680640 1.000000
-0.005215 -0.009457 0.185000 0.106123 -0.441171 0.891126 1.000000
-0.000865 -0.009457 0.185000 -0.095328 -0.385106 0.917936 1.000000
0.003523 -0.009559 0.187000 -0.288139 -0.036910 0.956877 1.000000
0.007920 -0.009559 0.187000 -0.078723 -0.063234 0.994889 1.000000
0.012449 -0.009661 0.189000 -0.504206 0.163883 0.847891 1.000000
0.017161 -0.009815 0.192000 -0.649253 0.097128 0.754345 1.000000
0.022240 -0.010070 0.197000 -0.597984 -0.237694 0.765452 1.000000
-0.009327 -0.009217 0.189000 0.410717 0.400122 0.819277 1.000000
-0.004780 -0.009022 0.185000 0.072999 -0.444540 0.892779 1.000000
-0.000430 -0.009022 0.185000 -0.150311 -0.166599 0.974501 1.000000
0.003963 -0.009119 0.187000 -0.307340 -0.029675 0.951137 1.000000
0.008360 -0.009119 0.187000 -0.196813 0.053814 0.978963 1.000000
0.012893 -0.009217 0.189000 -0.512156 0.186908 0.838309 1.000000
0.017613 -0.009363 0.192000 -0.655199 0.099323 0.748899 1.000000
0.022704 -0.009607 0.197000 -0.676245 -0.299920 0.672860 1.000000
-0.011610 -0.008819 0.190000 0.547617 0.345321 0.762148 1.000000
-0.007030 -0.008680 0.187000 0.516965 0.268041 0.812958 1.000000
-0.002605 -0.008587 0.185000 0.115517 -0.210144 0.970822 1.000000
0.001745 -0.008587 0.185000 -0.246180 -0.084325 0.965549 1.000000
0.006161 -0.008680 0.187000 -0.202403 0.128342 0.970856 1.000000
0.010615 -0.008726 0.188000 -0.369790 0.145011 0.917729 1.000000
0.015195 -0.008819 0.190000 -0.635849 0.111716 0.763686 1.000000
0.020077 -0.009004 0.194000 -0.660643 -0.027232 0.750207 1.000000
0.025401 -0.009283 0.200000 -0.646184 -0.267078 0.714923 1.000000
-0.011994 -0.008328 0.189000 0.547117 0.322660 0.772368 1.000000
-0.007470 -0.008240 0.187000 0.486876 0.299398 0.820556 1.000000
-0.003040 -0.008152 0.185000 0.137184 -0.143412 0.980109 1.000000
0.001310 -0.008152 0.185000 -0.183176 0.036459 0.982404 1.000000
0.005722 -0.008240 0.187000 -0.187926 0.124707 0.974234 1.000000
0.010119 -0.008240 0.187000 -0.356813 0.145491 0.922777 1.000000
0.014671 -0.008328 0.189000 -0.588905 0.121349 0.799040 1.000000
0.019621 -0.008548 0.194000 -0.676091 -0.062455 0.734166 1.000000
0.024930 -0.008813 0.200000 -0.657666 -0.263847 0.705592 1.000000
0.030522 -0.009077 0.206000 -0.587386 -0.226134 0.777073 1.000000
-0.010661 -0.007884 0.189000 0.429300 0.357188 0.829529 1.000000
-0.006118 -0.007758 0.186000 0.392043 0.109762 0.913375 1.000000
-0.001735 -0.007717 0.185000 -0.060800 -0.025847 0.997815 1.000000
0.002615 -0.007717 0.185000 -0.248292 0.212739 0.945036 1.000000
0.007003 -0.007758 0.186000 -0.184566 0.109529 0.976698 1.000000
0.011438 -0.007800 0.187000 -0.401072 0.152978 0.903183 1.000000
0.016174 -0.007967 0.191000 -0.621771 0.098473 0.776984 1.000000
0.021206 -0.008175 0.196000 -0.691463 -0.122350 0.711975 1.000000
0.026605 -0.008426 0.202000 -0.696907 -0.201356 0.688314 1.000000
-0.015344 -0.007557 0.192000 0.533040 -0.177655 0.827229 1.000000
-0.010604 -0.007400 0.188000 0.397368 0.341714 0.851663 1.000000
-0.006118 -0.007321 0.186000 0.302642 0.081836 0.949585 1.000000
-0.001735 -0.007282 0.185000 0.026607 0.058151 0.997953 1.000000
0.002615 -0.007282 0.185000 -0.240753 0.310356 0.919629 1.000000
0.007003 -0.007321 0.186000 -0.157110 0.115853 0.980762 1.000000
0.011438 -0.007360 0.187000 -0.385906 0.167301 0.907241 1.000000
0.016174 -0.007518 0.191000 -0.621771 0.098473 0.776984 1.000000
0.021206 -0.007715 0.196000 -0.689124 -0.152806 0.708349 1.000000
0.026605 -0.007951 0.202000 -0.678618 -0.188262 0.709954 1.000000
-0.015796 -0.007106 0.192000 0.571444 -0.188469 0.798706 1.000000
-0.011046 -0.006958 0.188000 0.447414 0.302718 0.841536 1.000000
-0.006555 -0.006884 0.186000 0.338128 0.178215 0.924072 1.000000
-0.002170 -0.006847 0.185000 0.099692 0.125366 0.987089 1.000000
0.002180 -0.006847 0.185000 -0.183127 0.287844 0.940006 1.000000
0.006566 -0.006884 0.186000 -0.190522 0.164153 0.967861 1.000000
0.010998 -0.006921 0.187000 -0.336692 0.135886 0.931758 1.000000
0.015642 -0.007032 0.190000 -0.639787 0.098839 0.762171 1.000000
0.020639 -0.007217 0.195000 -0.682970 -0.170577 0.710251 1.000000
0.026000 -0.007439 0.201000 -0.648873 -0.195421 0.735374 1.000000
-0.016332 -0.006689 0.193000 0.662361 -0.207620 0.719842 1.000000
-0.011488 -0.006516 0.188000 0.498949 0.283475 0.818958 1.000000
-0.006992 -0.006446 0.186000 0.411262 0.192710 0.890913 1.000000
-0.002605 -0.006412 0.185000 0.189014 0.118101 0.974847 1.000000
0.001736 -0.006377 0.184000 -0.056033 0.235463 0.970267 1.000000
0.006128 -0.006446 0.186000 -0.253297 0.180487 0.950403 1.000000
0.010558 -0.006481 0.187000 -0.311136 0.096012 0.945503 1.000000
0.015195 -0.006585 0.190000 -0.631770 0.094699 0.769350 1.000000
0.020181 -0.006758 0.195000 -0.695114 -0.184716 0.694764 1.000000
0.025528 -0.006966 0.201000 -0.673809 -0.152948 0.722902 1.000000
-0.018335 -0.006300 0.195000 0.690148 -0.287984 0.663899 1.000000
-0.013327 -0.006106 0.189000 0.650492 0.154934 0.743543 1.000000
-0.008742 -0.006009 0.186000 0.384555 0.319862 0.865913 1.000000
-0.004345 -0.005977 0.185000 0.253466 0.137335 0.957546 1.000000
0.000005 -0.005944 0.184000 0.011592 0.194457 0.980843 1.000000
0.004355 -0.005977 0.185000 -0.335328 0.217791 0.916582 1.000000
0.008752 -0.006009 0.186000 -0.189555 0.074745 0.979021 1.000000
0.013267 -0.006074 0.188000 -0.534691 0.082552 0.841006 1.000000
0.018158 -0.006235 0.193000 -0.725465 -0.074962 0.684165 1.000000
0.023284 -0.006397 0.198000 -0.707131 -0.214376 0.673802 1.000000
0.029069 -0.006655 0.206000 -0.566336 -0.191434 0.801633 1.000000
-0.015796 -0.005751 0.192000 0.600674 -0.095371 0.793785 1.000000
-0.010987 -0.005602 0.187000 0.478856 0.279264 0.832291 1.000000
-0.006555 -0.005572 0.186000 0.272254 0.188366 0.943608 1.000000
-0.002170 -0.005542 0.185000 0.138295 0.179200 0.974044 1.000000
0.002169 -0.005512 0.184000 -0.124544 0.211380 0.969437 1.000000
0.006566 -0.005572 0.186000 -0.277607 0.124561 0.952585 1.000000
0.010998 -0.005602 0.187000 -0.321882 0.090297 0.942464 1.000000
0.015642 -0.005691 0.190000 -0.632536 0.075177 0.770874 1.000000
0.020639 -0.005841 0.195000 -0.707492 -0.211230 0.674416 1.000000
0.026130 -0.006051 0.202000 -0.671226 -0.176362 0.719967 1.000000
-0.019913 -0.005438 0.197000 0.618321 -0.381478 0.687135 1.000000
-0.014815 -0.005272 0.191000 0.660086 0.065051 0.748368 1.000000
-0.010054 -0.005134 0.186000 0.433863 0.229683 0.871211 1.000000
-0.005650 -0.005107 0.185000 0.253256 0.194211 0.947704 1.000000
-0.001293 -0.005079 0.184000 0.036539 0.187052 0.981670 1.000000
0.003050 -0.005107 0.185000 -0.310208 0.169901 0.935363 1.000000
0.007440 -0.005134 0.186000 -0.214872 0.055823 0.975045 1.000000
0.011878 -0.005162 0.187000 -0.425732 0.051297 0.903394 1.000000
0.016710 -0.005300 0.192000 -0.719534 -0.044568 0.693026 1.000000
0.021777 -0.005438 0.197000 -0.696442 -0.231437 0.679269 1.000000
0.027214 -0.005603 0.203000 -0.561395 -0.167672 0.810384 1.000000
-0.019913 -0.004975 0.197000 0.636920 -0.431694 0.638728 1.000000
-0.014815 -0.004823 0.191000 0.693399 0.073535 0.716792 1.000000
-0.010054 -0.004697 0.186000 0.452441 0.192573 0.870754 1.000000
-0.005650 -0.004672 0.185000 0.218650 0.163792 0.961959 1.000000
-0.001293 -0.004646 0.184000 0.089154 0.149889 0.984675 1.000000
0.003034 -0.004646 0.184000 -0.267002 0.076838 0.960628 1.000000
0.007440 -0.004697 0.186000 -0.248555 0.055215 0.967043 1.000000
0.011878 -0.004722 0.187000 -0.423160 0.036360 0.905325 1.000000
0.016710 -0.004848 0.192000 -0.721932 -0.062004 0.689180 1.000000
0.021777 -0.004975 0.197000 -0.696442 -0.231437 0.679269 1.000000
0.027214 -0.005126 0.203000 -0.561395 -0.167672 0.810384 1.000000
-0.020480 -0.004534 0.198000 0.589581 -0.582432 0.559613 1.000000
-0.015265 -0.004374 0.191000 0.730736 0.021750 0.682314 1.000000
-0.010548 -0.004282 0.187000 0.455861 0.186245 0.870347 1.000000
-0.006085 -0.004237 0.185000 0.208879 0.205856 0.956030 1.000000
-0.001725 -0.004214 0.184000 0.122824 0.119047 0.985262 1.000000
0.002601 -0.004214 0.184000 -0.228598 0.081776 0.970080 1.000000
0.007003 -0.004260 0.186000 -0.284368 0.071510 0.956045 1.000000
0.011438 -0.004282 0.187000 -0.395595 0.006880 0.918399 1.000000
0.016174 -0.004374 0.191000 -0.687981 -0.023020 0.725364 1.000000
0.021314 -0.004511 0.197000 -0.706125 -0.250022 0.662477 1.000000
0.026605 -0.004626 0.202000 -0.603005 -0.112794 0.789723 1.000000
-0.021735 -0.004130 0.201000 -0.306615 0.734656 -0.605200 1.000000
-0.016247 -0.003945 0.192000 0.766634 -0.122241 0.630341 1.000000
-0.011427 -0.003843 0.187000 0.592008 0.097787 0.799977 1.000000
-0.006955 -0.003802 0.185000 0.274970 0.181279 0.944208 1.000000
-0.002591 -0.003781 0.184000 0.151535 0.125879 0.980404 1.000000
0.001736 -0.003781 0.184000 -0.157106 0.065528 0.985405 1.000000
0.006128 -0.003822 0.186000 -0.325455 0.093853 0.940888 1.000000
0.010558 -0.003843 0.187000 -0.272904 -0.038164 0.961284 1.000000
0.015195 -0.003904 0.190000 -0.649351 -0.111570 0.752260 1.000000
0.021422 -0.004069 0.198000 -0.689150 -0.242945 0.682678 1.000000
0.026605 -0.004151 0.202000 -0.603005 -0.112794 0.789723 1.000000
-0.020480 -0.003603 0.198000 0.587014 -0.617521 0.523529 1.000000
-0.015265 -0.003476 0.191000 0.734142 -0.003163 0.678988 1.000000
-0.010548 -0.003403 0.187000 0.456004 0.160903 0.875312 1.000000
-0.006085 -0.003367 0.185000 0.229856 0.177321 0.956934 1.000000
-0.001725 -0.003348 0.184000 0.119636 0.120529 0.985475 1.000000
0.002601 -0.003348 0.184000 -0.228503 0.079395 0.970300 1.000000
0.008360 -0.003403 0.187000 -0.230404 -0.018292 0.972923 1.000000
0.012825 -0.003421 0.188000 -0.522154 -0.027859 0.852396 1.000000
0.020388 -0.003585 0.197000 -0.705134 -0.238726 0.667680 1.000000
0.025528 -0.003658 0.201000 -0.680720 -0.116196 0.723269 1.000000
-0.022429 -0.003217 0.203000 0.427615 -0.791132 0.437327 1.000000
-0.016786 -0.003058 0.193000 0.762434 -0.144156 0.630804 1.000000
-0.011930 -0.002979 0.188000 0.623432 0.045824 0.780534 1.000000
-0.007390 -0.002932 0.185000 0.293469 0.141299 0.945468 1.000000
-0.003023 -0.002916 0.184000 0.153758 0.124416 0.980244 1.000000
0.001303 -0.002916 0.184000 -0.130971 0.015348 0.991267 1.000000
0.009679 -0.002963 0.187000 -0.272904 -0.038164 0.961284 1.000000
0.017888 -0.003090 0.195000 -0.736632 -0.194763 0.647642 1.000000
0.023520 -0.003169 0.200000 -0.675769 -0.153950 0.720858 1.000000
0.028646 -0.003217 0.203000 -0.593791 -0.160093 0.788532 1.000000
-0.016786 -0.002605 0.193000 0.769722 -0.166949 0.616162 1.000000
-0.011930 -0.002537 0.188000 0.623432 0.045824 0.780534 1.000000
-0.007390 -0.002497 0.185000 0.321292 0.114110 0.940080 1.000000
-0.003023 -0.002483 0.184000 0.144151 0.096980 0.984792 1.000000
0.001303 -0.002483 0.184000 -0.119102 0.026107 0.992539 1.000000
0.023049 -0.002699 0.200000 -0.667441 -0.158816 0.727530 1.000000
0.028030 -0.002726 0.202000 -0.603005 -0.112794 0.789723 1.000000
-0.016786 -0.002151 0.193000 0.773801 -0.142780 0.617128 1.000000
-0.011930 -0.002095 0.188000 0.615702 0.025373 0.787571 1.000000
-0.007390 -0.002062 0.185000 0.343304 0.077676 0.936007 1.000000
-0.003023 -0.002050 0.184000 0.156511 0.106599 0.981907 1.000000
-0.023358 -0.001820 0.207000 -0.272236 0.872930 -0.404822 1.000000
-0.015878 -0.001697 0.193000 0.776567 -0.140770 0.614107 1.000000
-0.010987 -0.001644 0.187000 0.557456 0.040873 0.829200 1.000000
-0.006520 -0.001627 0.185000 0.286899 0.131750 0.948858 1.000000
-0.016960 -0.001256 0.195000 0.783808 -0.252889 0.567179 1.000000
-0.011930 -0.001211 0.188000 0.636910 -0.055911 0.768908 1.000000
-0.007390 -0.001192 0.185000 0.369583 0.035524 0.928518 1.000000
-0.018987 -0.000806 0.197000 0.741032 -0.481392 0.468117 1.000000
-0.013917 -0.000781 0.191000 0.755924 -0.108159 0.645662 1.000000
-0.023470 -0.000362 0.208000 -0.163368 0.901561 -0.400623 1.000000
-0.016207 -0.000342 0.197000 0.769614 -0.453606 0.449372 1.000000
-0.021686 0.000126 0.205000 0.484930 -0.793142 0.368468 1.000000
-0.016454 0.000123 0.200000 0.748697 -0.529565 0.398766 1.000000
-0.019088 0.000602 0.203000 0.497647 -0.773425 0.392633 1.000000
-0.022600 0.001111 0.209000 -0.135674 0.912286 -0.386428 1.000000
-0.017347 0.001090 0.205000 0.615876 -0.680058 0.397767 1.000000
-0.018977 0.001587 0.207000 0.744186 -0.497775 0.445429 1.000000
-0.021227 0.002104 0.210000 -0.455864 0.511123 -0.728657 1.000000
-0.019934 0.002623 0.212000 -0.555468 0.242484 -0.795397 1.000000
0.019480 0.005349 0.202000 -0.699670 0.244557 0.671307 2.000000
0.014220 0.005622 0.195000 -0.602285 0.216088 0.768478 2.000000
0.019955 0.005824 0.202000 -0.600305 0.546408 0.584014 2.000000
0.011805 0.006018 0.193000 -0.566268 0.167279 0.807068 2.000000
0.016682 0.006143 0.197000 -0.631134 0.393603 0.668391 2.000000
0.022180 0.006392 0.205000 -0.532608 0.648810 0.543484 2.000000
0.010841 0.006438 0.192000 -0.490457 0.066034 0.868960 2.000000
0.015675 0.006572 0.196000 -0.620820 0.291552 0.727723 2.000000
0.020905 0.006774 0.202000 -0.600391 0.579749 0.550837 2.000000
0.026417 0.006975 0.208000 0.384236 -0.261050 -0.885560 2.000000
0.011805 0.006926 0.193000 -0.571890 0.137276 0.808762 2.000000
0.016682 0.007069 0.197000 -0.599885 0.456889 0.656804 2.000000
0.021963 0.007285 0.203000 -0.573153 0.626510 0.528186 2.000000
0.006260 0.007265 0.190000 -0.207543 -0.253250 0.944876 2.000000
0.010784 0.007303 0.191000 -0.490457 0.066034 0.868960 2.000000
0.015675 0.007494 0.196000 -0.598435 0.282734 0.749624 2.000000
0.020698 0.007647 0.200000 -0.547788 0.612930 0.569425 2.000000
0.026290 0.007915 0.207000 0.383261 -0.737077 -0.556622 2.000000
0.004920 0.007712 0.190000 -0.152199 -0.281805 0.947323 2.000000
0.009437 0.007752 0.191000 -0.395220 -0.035650 0.917894 2.000000
0.014220 0.007914 0.195000 -0.604890 0.274509 0.747498 2.000000
0.019094 0.008036 0.198000 -0.544752 0.555532 0.628195 2.000000
0.024590 0.008320 0.205000 0.452471 -0.712448 -0.536366 2.000000
0.000450 0.008115 0.189000 -0.022156 -0.301717 0.953140 2.000000
0.004920 0.008158 0.190000 -0.152199 -0.281805 0.947323 2.000000
0.009437 0.008201 0.191000 -0.371450 -0.055311 0.926804 2.000000
0.014220 0.008373 0.195000 -0.603330 0.274427 0.748788 2.000000
0.019094 0.008502 0.198000 -0.544752 0.555532 0.628195 2.000000
0.024470 0.008759 0.204000 0.452471 -0.712448 -0.536366 2.000000
0.029840 0.008931 0.208000 0.334843 -0.719820 -0.608062 2.000000
0.000005 0.008560 0.189000 0.015250 -0.288306 0.957417 2.000000
0.004473 0.008605 0.190000 -0.151167 -0.288500 0.945471 2.000000
0.008988 0.008650 0.191000 -0.371450 -0.055311 0.926804 2.000000
0.013691 0.008786 0.194000 -0.591995 0.364720 0.718694 2.000000
0.018629 0.008967 0.198000 -0.544752 0.555532 0.628195 2.000000
0.023872 0.009194 0.203000 0.477628 -0.705903 -0.523041 2.000000
0.029351 0.009420 0.208000 0.334843 -0.719820 -0.608062 2.000000
-0.002228 0.009052 0.190000 0.243627 -0.218605 0.944911 2.000000
0.002239 0.009052 0.190000 -0.048041 -0.312472 0.948711 2.000000
0.006707 0.009052 0.190000 -0.158448 -0.187696 0.969363 2.000000
0.011292 0.009147 0.192000 0.335364 -0.401740 -0.852136 2.000000
0.016218 0.009385 0.197000 -0.568731 0.381905 0.728487 2.000000
0.021168 0.009528 0.200000 -0.548460 0.628667 0.551334 2.000000
0.026518 0.009766 0.205000 0.383261 -0.737077 -0.556622 2.000000
0.031491 0.009814 0.206000 0.131773 -0.942378 -0.307506 2.000000
-0.002675 0.009499 0.190000 0.246318 -0.268615 0.931221 2.000000
0.001792 0.009499 0.190000 -0.037196 -0.291552 0.955832 2.000000
0.006260 0.009499 0.190000 -0.104777 -0.197612 0.974665 2.000000
0.010841 0.009599 0.192000 -0.335621 0.337133 0.879602 2.000000
0.015675 0.009799 0.196000 -0.591584 0.289505 0.752472 2.000000
0.020594 0.009949 0.199000 -0.547788 0.612930 0.569425 2.000000
0.025909 0.010198 0.204000 0.452471 -0.712448 -0.536366 2.000000
0.030856 0.010249 0.205000 0.131773 -0.942378 -0.307506 2.000000
-0.009118 0.010155 0.194000 0.593670 -0.106713 0.797601 2.000000
-0.004037 0.009998 0.191000 0.397538 -0.206822 0.893974 2.000000
0.000452 0.009945 0.190000 -0.013653 -0.259961 0.965523 2.000000
0.004920 0.009945 0.190000 -0.110848 -0.247825 0.962442 2.000000
0.009437 0.009998 0.191000 -0.174145 0.163670 0.971023 2.000000
0.014147 0.010155 0.194000 -0.586597 0.336654 0.736592 2.000000
0.018998 0.010312 0.197000 -0.544752 0.555532 0.628195 2.000000
0.024230 0.010573 0.202000 0.489176 -0.710531 -0.505819 2.000000
0.029410 0.010731 0.205000 0.270747 -0.805725 -0.526786 2.000000
-0.011055 0.010720 0.196000 0.641111 -0.094734 0.761579 2.000000
-0.006348 0.010556 0.193000 0.528913 -0.086392 0.844267 2.000000
-0.001782 0.010392 0.190000 0.228801 -0.237043 0.944172 2.000000
0.002686 0.010392 0.190000 -0.066970 -0.273172 0.959631 2.000000
0.007191 0.010447 0.191000 -0.204942 -0.116731 0.971788 2.000000
0.011744 0.010502 0.192000 -0.357254 0.334978 0.871871 2.000000
0.016597 0.010720 0.196000 -0.513025 0.464073 0.722109 2.000000
0.021530 0.010884 0.199000 -0.545038 0.604670 0.580782 2.000000
0.026868 0.011158 0.204000 0.322339 -0.812874 -0.485112 2.000000
-0.011575 0.011238 0.197000 0.653585 -0.090134 0.751467 2.000000
-0.006802 0.011010 0.193000 0.530802 -0.076305 0.844054 2.000000
-0.002228 0.010839 0.190000 0.228801 -0.237043 0.944172 2.000000
0.002239 0.010839 0.190000 -0.038170 -0.271714 0.961621 2.000000
0.006742 0.010896 0.191000 -0.158824 -0.147805 0.976181 2.000000
0.011292 0.010953 0.192000 0.305017 -0.368536 -0.878149 2.000000
0.016054 0.011124 0.195000 -0.585350 0.397420 0.706698 2.000000
0.021062 0.011352 0.199000 -0.539295 0.609281 0.581324 2.000000
-0.016064 0.011939 0.201000 0.784707 0.021144 0.619506 2.000000
-0.011112 0.011701 0.197000 0.658051 -0.091234 0.747426 2.000000
-0.006348 0.011464 0.193000 0.507852 -0.096962 0.855970 2.000000
-0.001791 0.011345 0.191000 0.196206 -0.270376 0.942550 2.000000
0.002700 0.011345 0.191000 -0.046912 -0.251387 0.966749 2.000000
0.007191 0.011345 0.191000 -0.150013 -0.025336 0.988359 2.000000
0.011744 0.011404 0.192000 -0.387898 0.371568 0.843488 2.000000
0.016343 0.011464 0.193000 -0.565845 0.343170 0.749702 2.000000
-0.019252 0.012967 0.210000 -0.526037 -0.369080 -0.766202 2.000000
-0.013564 0.012288 0.199000 0.710630 -0.106423 0.695470 2.000000
-0.008662 0.011979 0.194000 0.590058 -0.069624 0.804353 2.000000
-0.004058 0.011856 0.192000 0.385999 -0.165680 0.907499 2.000000
0.000455 0.011794 0.191000 0.025912 -0.275181 0.961043 2.000000
0.004946 0.011794 0.191000 0.005076 -0.170517 0.985342 2.000000
0.009437 0.011794 0.191000 0.046466 -0.247381 -0.967803 2.000000
0.013928 0.011794 0.191000 -0.463064 0.575984 0.673657 2.000000
-0.019160 0.013397 0.209000 -0.587674 -0.367837 -0.720649 2.000000
-0.013564 0.012756 0.199000 0.718075 -0.073871 0.692034 2.000000
-0.008662 0.012436 0.194000 0.590418 -0.074524 0.803649 2.000000
-0.004058 0.012307 0.192000 0.380134 -0.083996 0.921110 2.000000
0.000455 0.012243 0.191000 0.022820 -0.278520 0.960159 2.000000
0.004946 0.012243 0.191000 0.065093 -0.104181 0.992426 2.000000
0.009437 0.012243 0.191000 0.056775 -0.294097 -0.954088 2.000000
0.013782 0.012115 0.189000 0.114683 -0.837535 -0.534212 2.000000
-0.016701 0.013490 0.203000 0.830659 0.057562 0.553798 2.000000
-0.011575 0.013091 0.197000 0.668927 -0.126000 0.732571 2.000000
-0.006802 0.012825 0.193000 0.509195 -0.053739 0.858972 2.000000
-0.002240 0.012692 0.191000 0.298250 -0.166991 0.939767 2.000000
0.002251 0.012692 0.191000 -0.035830 -0.243644 0.969203 2.000000
0.006742 0.012692 0.191000 -0.007795 -0.087730 -0.996114 2.000000
0.011057 0.012493 0.188000 -0.091929 -0.859821 -0.502251 2.000000
-0.017916 0.014174 0.206000 0.757451 0.229223 0.611331 2.000000
-0.012565 0.013623 0.198000 0.677184 -0.113963 0.726934 2.000000
-0.007749 0.013348 0.194000 0.570299 -0.083765 0.817155 2.000000
-0.003155 0.013210 0.192000 0.334462 -0.095967 0.937510 2.000000
0.001353 0.013142 0.191000 -0.006419 -0.253747 0.967249 2.000000
0.005844 0.013142 0.191000 0.014352 -0.056406 0.998305 2.000000
-0.020733 0.014943 0.210000 -0.443236 -0.447135 -0.776925 2.000000
-0.015118 0.014302 0.201000 0.767684 0.061251 0.637894 2.000000
-0.010134 0.013946 0.196000 0.641544 -0.108779 0.759335 2.000000
-0.005440 0.013733 0.193000 0.466318 -0.062027 0.882440 2.000000
-0.000893 0.013591 0.191000 0.130858 -0.201704 0.970666 2.000000
0.003598 0.013591 0.191000 0.095304 -0.088162 0.991537 2.000000
0.008005 0.013448 0.189000 -0.054824 -0.232038 -0.971160 2.000000
-0.015669 0.014848 0.202000 0.775300 0.164128 0.609894 2.000000
-0.010649 0.014481 0.197000 0.667873 -0.125730 0.733579 2.000000
-0.005894 0.014187 0.193000 0.471745 -0.048558 0.880397 2.000000
-0.001342 0.014040 0.191000 0.141883 -0.192047 0.971075 2.000000
0.003149 0.014040 0.191000 0.082477 -0.060099 0.994779 2.000000
-0.020143 0.015854 0.209000 -0.533106 -0.410508 -0.739784 2.000000
-0.014573 0.015172 0.200000 0.708601 0.030803 0.704936 2.000000
-0.009673 0.014868 0.196000 0.635451 -0.131571 0.760849 2.000000
-0.004986 0.014641 0.193000 0.457028 -0.061689 0.887310 2.000000
-0.000444 0.014489 0.191000 0.119802 -0.202516 0.971923 2.000000
0.004047 0.014489 0.191000 0.068914 -0.100253 0.992573 2.000000
-0.016783 0.015955 0.204000 0.844037 0.221046 0.488610 2.000000
-0.011634 0.015485 0.198000 0.664612 -0.061019 0.744693 2.000000
-0.006802 0.015094 0.193000 0.523106 -0.077966 0.848694 2.000000
-0.002240 0.014938 0.191000 0.243140 -0.134219 0.960660 2.000000
-0.022215 0.016918 0.210000 -0.284939 -0.502558 -0.816239 2.000000
-0.016783 0.016434 0.204000 0.834972 0.186745 0.517637 2.000000
-0.011634 0.015951 0.198000 0.653861 -0.004066 0.756604 2.000000
-0.006802 0.015548 0.193000 0.543782 -0.086606 0.834746 2.000000
-0.002240 0.015387 0.191000 0.215616 -0.140088 0.966377 2.000000
-0.019558 0.017246 0.208000 -0.565615 -0.430309 -0.703501 2.000000
-0.014032 0.016500 0.199000 0.696577 0.031869 0.716774 2.000000
-0.009165 0.016168 0.195000 0.644881 -0.121084 0.754631 2.000000
-0.003606 0.015919 0.192000 0.363938 -0.058011 0.929615 2.000000
-0.009673 0.016712 0.196000 0.642634 -0.116454 0.757271 2.000000
0.016174 -0.036261 0.191000 -0.201663 0.078295 0.976321 0.000000
0.020893 -0.035437 0.189000 -0.226954 0.052272 0.972502 0.000000
0.020448 -0.034993 0.189000 -0.205735 0.055817 0.977015 0.000000
0.016174 -0.034914 0.191000 -0.200682 0.072100 0.977000 0.000000
0.022790 -0.034731 0.190000 -0.388751 -0.021692 0.921087 0.000000
0.020893 -0.034104 0.189000 -0.226954 0.052272 0.972502 0.000000
0.020448 -0.033660 0.189000 -0.205735 0.055817 0.977015 0.000000
0.013098 -0.033742 0.192000 0.124194 0.311183 0.942200 0.000000
0.021897 -0.033391 0.190000 -0.093720 0.005118 0.995585 0.000000
0.014528 -0.033464 0.193000 -0.200682 0.072100 0.977000 0.000000
-0.003188 -0.033181 0.194000 -0.278919 0.110086 0.953984 0.000000
0.021337 -0.032326 0.189000 -0.178597 0.031452 0.983419 0.000000
-0.003625 -0.032557 0.193000 -0.278919 0.110086 0.953984 0.000000
0.018770 -0.032051 0.190000 -0.205735 0.055817 0.977015 0.000000
-0.030544 -0.033766 0.203000 0.582334 0.306026 0.753150 0.000000
-0.010324 -0.031770 0.191000 -0.101738 0.038203 0.994077 0.000000
0.016343 -0.032103 0.193000 -0.200682 0.072100 0.977000 0.000000
-0.031498 -0.033289 0.203000 0.582334 0.306026 0.753150 0.000000
-0.012570 -0.031321 0.191000 -0.140695 0.105497 0.984416 0.000000
-0.004961 -0.031485 0.192000 -0.279978 0.097685 0.955023 0.000000
0.018419 -0.031321 0.191000 -0.205735 0.055817 0.977015 0.000000
-0.030393 -0.032650 0.202000 0.582334 0.306026 0.753150 0.000000
-0.012570 -0.030872 0.191000 -0.145666 0.143426 0.978882 0.000000
-0.008036 -0.030710 0.190000 -0.181973 0.110954 0.977024 0.000000
-0.003625 -0.031195 0.193000 -0.309876 0.091868 0.946328 0.000000
0.017970 -0.030872 0.191000 -0.205735 0.055817 0.977015 0.000000
-0.029770 -0.032016 0.201000 0.582334 0.306026 0.753150 0.000000
-0.016972 -0.030263 0.190000 -0.189175 0.239732 0.952230 0.000000
-0.012570 -0.030423 0.191000 -0.145666 0.143426 0.978882 0.000000
-0.008036 -0.030263 0.190000 -0.187910 0.096308 0.977453 0.000000
-0.003625 -0.030741 0.193000 -0.315728 0.078349 0.945609 0.000000
0.019216 -0.030263 0.190000 -0.205735 0.055817 0.977015 0.000000
-0.031976 -0.031857 0.203000 0.582334 0.306026 0.753150 0.000000
-0.019993 -0.029660 0.189000 -0.023037 0.755457 0.654793 0.000000
-0.014366 -0.029974 0.191000 -0.185986 0.253969 0.949162 0.000000
-0.009875 -0.029974 0.191000 -0.051152 0.008182 0.998657 0.000000
-0.005384 -0.029974 0.191000 -0.315728 0.078349 0.945609 0.000000
0.019317 -0.029974 0.191000 -0.178597 0.031452 0.983419 0.000000
-0.030243 -0.031070 0.201000 0.582334 0.306026 0.753150 0.000000
-0.018660 -0.029215 0.189000 -0.059507 0.788072 0.612700 0.000000
-0.014366 -0.029525 0.191000 -0.189175 0.239732 0.952230 0.000000
-0.009875 -0.029525 0.191000 -0.051152 0.008182 0.998657 0.000000
-0.005384 -0.029525 0.191000 -0.315728 0.078349 0.945609 0.000000
0.015835 -0.030607 0.198000 0.058525 0.008062 -0.998253 0.000000
-0.031818 -0.030750 0.202000 0.582334 0.306026 0.753150 0.000000
-0.026800 -0.030445 0.200000 0.582334 0.306026 0.753150 0.000000
-0.016525 -0.028923 0.190000 -0.175839 0.476220 0.861566 0.000000
-0.012121 -0.029075 0.191000 -0.147151 0.137054 0.979573 0.000000
-0.007630 -0.029075 0.191000 -0.194162 0.092026 0.976643 0.000000
-0.003171 -0.029380 0.193000 -0.315728 0.078349 0.945609 0.000000
-0.032930 -0.030425 0.203000 0.582334 0.306026 0.753150 0.000000
-0.027879 -0.030125 0.201000 0.582334 0.306026 0.753150 0.000000
-0.016882 -0.028327 0.189000 -0.128132 0.755154 0.642903 0.000000
-0.012570 -0.028626 0.191000 -0.166539 0.151511 0.974325 0.000000
-0.008079 -0.028626 0.191000 -0.173910 0.081905 0.981350 0.000000
-0.003625 -0.028926 0.193000 -0.315728 0.078349 0.945609 0.000000
0.021897 -0.028476 0.190000 0.041346 -0.020518 0.998934 0.000000
-0.028968 -0.029800 0.202000 0.582334 0.306026 0.753150 0.000000
-0.017771 -0.027882 0.189000 -0.140965 0.761735 0.632368 0.000000
-0.013468 -0.028177 0.191000 -0.190065 0.236940 0.952751 0.000000
-0.008977 -0.028177 0.191000 -0.051152 0.008182 0.998657 0.000000
-0.004509 -0.028325 0.192000 -0.315728 0.078349 0.945609 0.000000
0.021003 -0.028030 0.190000 -0.093720 0.005118 0.995585 0.000000
-0.029112 -0.029470 0.203000 0.582334 0.306026 0.753150 0.000000
-0.017677 -0.027293 0.188000 -0.055119 0.785326 0.616623 0.000000
-0.011672 -0.027728 0.191000 -0.127464 0.058483 0.990118 0.000000
-0.007180 -0.027728 0.191000 -0.247368 0.049408 0.967661 0.000000
-0.002717 -0.028018 0.193000 -0.280486 0.215328 0.935394 0.000000
-0.030544 -0.028993 0.203000 0.582334 0.306026 0.753150 0.000000
-0.018023 -0.026708 0.187000 0.023691 0.783170 0.621356 0.000000
-0.010324 -0.027279 0.191000 -0.049665 -0.017600 0.998611 0.000000
-0.005864 -0.027422 0.192000 -0.276102 0.057753 0.959392 0.000000
-0.032930 -0.028515 0.203000 0.582334 0.306026 0.753150 0.000000
-0.028296 -0.028656 0.204000 0.582334 0.306026 0.753150 0.000000
-0.007180 -0.026830 0.191000 -0.247368 0.049408 0.967661 0.000000
-0.002717 -0.027111 0.193000 -0.248985 0.267520 0.930827 0.000000
-0.029880 -0.028314 0.205000 0.582334 0.306026 0.753150 0.000000
-0.007630 -0.026381 0.191000 -0.213474 0.030907 0.976460 0.000000
-0.033243 -0.027425 0.202000 0.582334 0.306026 0.753150 0.000000
-0.028916 -0.027832 0.205000 0.582334 0.306026 0.753150 0.000000
-0.007630 -0.025932 0.191000 -0.213474 0.030907 0.976460 0.000000
-0.033408 -0.027083 0.203000 0.582334 0.306026 0.753150 0.000000
-0.018296 -0.024148 0.181000 0.562567 0.420736 0.711688 0.000000
-0.012405 -0.024282 0.182000 0.661987 0.179742 -0.727644 0.000000
-0.006315 -0.025616 0.192000 -0.201156 0.213284 0.956058 0.000000
-0.031976 -0.026606 0.203000 0.582334 0.306026 0.753150 0.000000
-0.016925 -0.023592 0.180000 0.348903 0.270296 0.897333 0.000000
-0.012763 -0.023723 0.181000 0.661987 0.179742 -0.727644 0.000000
-0.008483 -0.024902 0.190000 -0.238518 0.480122 0.844151 0.000000
-0.032453 -0.026129 0.203000 0.582334 0.306026 0.753150 0.000000
-0.016502 -0.023168 0.180000 0.348903 0.270296 0.897333 0.000000
-0.011978 -0.023426 0.182000 0.675469 0.183741 -0.714129 0.000000
-0.006731 -0.024584 0.191000 -0.260846 0.374091 0.889952 0.000000
-0.031498 -0.025651 0.203000 0.582334 0.306026 0.753150 0.000000
-0.015568 -0.022619 0.179000 -0.081543 -0.249897 0.964833 0.000000
-0.010870 -0.023377 0.185000 -0.795729 0.193968 0.573752 0.000000
-0.031976 -0.025174 0.203000 0.603078 0.304544 0.737258 0.000000
-0.015147 -0.022198 0.179000 -0.081543 -0.249897 0.964833 0.000000
-0.011183 -0.022694 0.183000 0.637617 0.295740 -0.711325 0.000000
-0.031976 -0.024697 0.203000 0.745873 0.318878 0.584799 0.000000
-0.014305 -0.021777 0.179000 -0.438618 -0.259778 0.860308 0.000000
0.010558 -0.022750 0.187000 -0.538589 -0.103838 0.836146 0.000000
-0.018195 -0.021475 0.180000 0.537944 -0.118641 0.834590 0.000000
-0.013885 -0.021356 0.179000 0.573843 0.284708 -0.767884 0.000000
0.010558 -0.022311 0.187000 -0.532849 -0.114732 0.838396 0.000000
-0.020537 -0.021286 0.182000 0.459489 -0.252512 0.851532 0.000000
-0.015989 -0.020935 0.179000 0.133857 -0.032435 0.990470 0.000000
-0.011912 -0.021169 0.181000 0.687670 0.320090 -0.651654 0.000000
-0.033572 -0.023379 0.204000 0.909600 0.057026 -0.411553 0.000000
-0.017348 -0.020629 0.180000 0.472511 -0.142755 0.869686 0.000000
-0.013116 -0.020629 0.180000 0.629896 0.378273 -0.678337 0.000000
0.011878 -0.021431 0.187000 -0.512434 -0.117143 0.850699 0.000000
-0.019253 -0.020430 0.182000 0.545194 -0.215742 0.810074 0.000000
-0.014644 -0.019981 0.178000 -0.218552 -0.353176 0.909671 0.000000
0.010065 -0.020879 0.186000 -0.549598 -0.109530 0.828218 0.000000
-0.032606 -0.022090 0.201000 0.972464 0.232495 0.016138 0.000000
-0.020219 -0.020112 0.183000 0.426800 -0.264197 0.864894 0.000000
-0.015568 -0.019672 0.179000 0.042501 -0.470602 0.881321 0.000000
-0.008742 -0.020442 0.186000 -0.559273 0.110761 0.821551 0.000000
0.010502 -0.020442 0.186000 -0.573484 -0.096221 0.813546 0.000000
-0.031973 -0.021510 0.200000 0.972464 0.232495 0.016138 0.000000
-0.019789 -0.019682 0.183000 0.419623 -0.324960 0.847536 0.000000
-0.015147 -0.019252 0.179000 -0.138286 -0.470109 0.871708 0.000000
-0.009179 -0.020004 0.186000 0.517456 0.112706 -0.848255 0.000000
-0.002217 -0.020327 0.189000 -0.483555 0.389544 0.783856 0.000000
0.031665 -0.021295 0.198000 -0.757891 -0.642647 0.112275 0.000000
-0.025089 -0.019357 0.184000 0.272768 -0.477708 0.835100 0.000000
-0.020649 -0.019251 0.183000 0.397884 -0.402616 0.824372 0.000000
-0.016078 -0.018936 0.180000 0.267871 -0.467937 0.842188 0.000000
-0.011305 -0.019462 0.185000 0.484362 0.424298 -0.765091 0.000000
-0.006555 -0.019567 0.186000 -0.483972 0.271224 0.831991 0.000000
-0.002217 -0.019883 0.189000 -0.483555 0.389544 0.783856 0.000000
0.008800 -0.019672 0.187000 -0.586446 -0.104118 0.803269 0.000000
-0.034325 -0.020570 0.200000 0.816798 -0.018508 -0.576627 0.000000
-0.025089 -0.018924 0.184000 0.272768 -0.477708 0.835100 0.000000
-0.020762 -0.018924 0.184000 0.346162 -0.440926 0.828104 0.000000
-0.016078 -0.018513 0.180000 0.263979 -0.487215 0.832428 0.000000
-0.012109 -0.018924 0.184000 0.564260 0.423128 -0.708924 0.000000
-0.006992 -0.019130 0.186000 -0.520919 0.127269 0.844066 0.000000
-0.002661 -0.019438 0.189000 -0.449516 0.459335 0.766124 0.000000
0.029953 -0.020467 0.199000 -0.670053 -0.640933 0.374479 0.000000
-0.033217 -0.019999 0.199000 0.436295 0.290631 0.851575 0.000000
-0.025660 -0.018592 0.185000 0.215537 -0.547016 0.808899 0.000000
-0.021195 -0.018491 0.184000 0.314435 -0.455225 0.833007 0.000000
-0.016593 -0.018190 0.181000 0.246973 -0.587221 0.770828 0.000000
-0.011305 -0.018592 0.185000 0.422106 0.321493 -0.847625 0.000000
-0.006590 -0.018793 0.187000 -0.483972 0.271224 0.831991 0.000000
-0.002228 -0.019094 0.190000 -0.458051 0.444165 0.770005 0.000000
0.030734 -0.019898 0.198000 -0.629498 -0.741885 0.230952 0.000000
-0.032119 -0.019433 0.198000 0.928933 -0.028465 0.369153 0.000000
-0.024224 -0.018059 0.184000 0.195161 -0.502309 0.842376 0.000000
-0.019897 -0.018059 0.184000 0.379454 -0.467013 0.798695 0.000000
-0.012974 -0.018059 0.184000 0.553308 0.510371 -0.658310 0.000000
-0.007470 -0.018353 0.187000 -0.483972 0.271224 0.831991 0.000000
-0.003106 -0.018549 0.189000 -0.439065 0.509946 0.739715 0.000000
0.029803 -0.019433 0.198000 -0.640421 -0.751195 0.159897 0.000000
-0.033981 -0.018967 0.198000 0.927675 -0.054596 0.369376 0.000000
-0.026095 -0.017722 0.185000 0.233694 -0.580551 0.779967 0.000000
-0.021628 -0.017626 0.184000 0.286262 -0.456589 0.842366 0.000000
-0.017019 -0.017339 0.181000 0.271535 -0.647997 0.711596 0.000000
-0.012610 -0.017722 0.185000 0.497797 0.490932 -0.714971 0.000000
-0.007867 -0.017818 0.186000 -0.448009 -0.127494 0.884892 0.000000
-0.003550 -0.018105 0.189000 -0.457749 0.545407 0.702137 0.000000
0.019767 -0.018297 0.191000 0.189278 0.640120 -0.744594 0.000000
-0.033516 -0.018502 0.198000 0.928318 -0.079855 0.363110 0.000000
-0.025660 -0.017287 0.185000 0.245415 -0.559930 0.791359 0.000000
-0.021195 -0.017193 0.184000 0.286262 -0.456589 0.842366 0.000000
-0.016593 -0.016913 0.181000 0.243075 -0.642748 0.726491 0.000000
-0.012610 -0.017287 0.185000 0.460632 0.568765 -0.681413 0.000000
-0.007030 -0.017474 0.187000 -0.411528 0.081856 0.907714 0.000000
-0.002675 -0.017754 0.190000 -0.489332 0.507392 0.709301 0.000000
0.020665 -0.017847 0.191000 -0.036209 0.703623 -0.709650 0.000000
-0.031813 -0.018127 0.199000 0.919700 -0.098513 0.380061 0.000000
-0.023920 -0.016852 0.185000 0.183561 -0.548830 0.815531 0.000000
-0.019359 -0.016670 0.183000 0.397564 -0.520428 0.755710 0.000000
-0.014272 -0.016761 0.184000 0.376299 0.642461 -0.667565 0.000000
-0.007825 -0.016852 0.185000 -0.294084 0.618870 0.728364 0.000000
0.018868 -0.017398 0.191000 0.216497 0.584256 -0.782160 0.000000
0.028262 -0.017945 0.197000 -0.640167 -0.663587 0.387090 0.000000
-0.027993 -0.016772 0.189000 0.354137 -0.684048 0.637704 0.000000
-0.023050 -0.016417 0.185000 0.257309 -0.567590 0.782070 0.000000
-0.018498 -0.016239 0.183000 0.316277 -0.576293 0.753562 0.000000
-0.012175 -0.016417 0.185000 0.381169 0.337266 -0.860791 0.000000
-0.003569 -0.016861 0.190000 -0.214877 0.413362 0.884850 0.000000
0.020665 -0.016949 0.191000 -0.036209 0.703623 -0.709650 0.000000
-0.032133 -0.017364 0.201000 0.867825 -0.049002 0.494448 0.000000
-0.023050 -0.015982 0.185000 0.257309 -0.567590 0.782070 0.000000
-0.018498 -0.015809 0.183000 0.309163 -0.574139 0.758144 0.000000
-0.014350 -0.015982 0.185000 0.286796 0.614669 -0.734799 0.000000
0.017970 -0.016500 0.191000 -0.387837 -0.445727 0.806790 0.000000
0.022579 -0.016587 0.192000 -0.252393 0.737197 -0.626768 0.000000
-0.032606 -0.016891 0.201000 0.868272 -0.027289 0.495338 0.000000
-0.024049 -0.015631 0.186000 0.257538 -0.612271 0.747528 0.000000
-0.019464 -0.015463 0.184000 0.357056 -0.562081 0.746040 0.000000
-0.015220 -0.015547 0.185000 0.270916 0.604998 -0.748721 0.000000
-0.004909 -0.015967 0.190000 -0.371948 0.066271 0.925885 0.000000
0.020773 -0.016135 0.192000 0.147218 0.591371 -0.792848 0.000000
0.030508 -0.015799 0.188000 -0.615066 0.708976 -0.345032 0.000000
-0.026236 -0.015193 0.186000 0.291875 -0.640434 0.710390 0.000000
-0.021863 -0.015193 0.186000 0.235862 -0.641265 0.730170 0.000000
-0.017207 -0.014948 0.183000 0.426317 -0.504928 0.750534 0.000000
-0.008636 -0.014295 0.175000 0.012929 -0.254401 0.967012 0.000000
0.013928 -0.015602 0.191000 -0.599257 -0.204434 0.774014 0.000000
0.019870 -0.015684 0.192000 0.193661 0.577350 -0.793197 0.000000
0.024893 -0.015439 0.189000 -0.386110 0.762247 -0.519517 0.000000
-0.033408 -0.016105 0.203000 0.926453 -0.005438 0.376372 0.000000
-0.024618 -0.014835 0.187000 0.316476 -0.642514 0.697867 0.000000
-0.020005 -0.014677 0.185000 0.293442 -0.627196 0.721469 0.000000
-0.015570 -0.014597 0.184000 0.261952 0.555937 -0.788870 0.000000
-0.006052 -0.014597 0.184000 -0.629096 0.562243 0.536769 0.000000
0.010502 -0.014756 0.186000 -0.548493 -0.092909 0.830977 0.000000
0.016797 -0.015311 0.193000 -0.431017 -0.355432 0.829393 0.000000
0.021335 -0.015311 0.193000 0.114704 0.591554 -0.798064 0.000000
0.026670 -0.014994 0.189000 -0.478979 0.684388 -0.549720 0.000000
0.030950 -0.014915 0.188000 -0.564265 0.625541 -0.538798 0.000000
-0.025498 -0.014396 0.187000 0.316476 -0.642514 0.697867 0.000000
-0.021101 -0.014396 0.187000 0.275539 -0.653177 0.705293 0.000000
-0.016436 -0.014165 0.184000 0.116250 -0.624902 0.772000 0.000000
0.000005 -0.013703 0.178000 0.019143 0.901775 -0.431781 0.000000
0.013408 -0.014627 0.190000 -0.632838 -0.040596 0.773219 0.000000
0.018158 -0.014858 0.193000 -0.368386 -0.382829 0.847192 0.000000
0.022696 -0.014858 0.193000 -0.144952 0.760752 -0.632649 0.000000
0.026670 -0.014550 0.189000 -0.487874 0.659650 -0.571700 0.000000
0.030950 -0.014473 0.188000 -0.564265 0.625541 -0.538798 0.000000
-0.026076 -0.014031 0.188000 0.367125 -0.699278 0.613375 0.000000
-0.021540 -0.013956 0.187000 -0.225414 0.674183 -0.703325 0.000000
-0.016960 -0.013807 0.185000 -0.044868 0.636994 -0.769562 0.000000
0.000842 -0.013284 0.178000 0.059228 0.856300 -0.513072 0.000000
0.010998 -0.013956 0.187000 -0.584879 -0.010970 0.811046 0.000000
0.015807 -0.014329 0.192000 -0.476287 -0.252510 0.842253 0.000000
0.020533 -0.014478 0.194000 0.228224 0.489409 -0.841661 0.000000
0.024836 -0.014329 0.192000 -0.373198 0.780630 -0.501339 0.000000
0.028739 -0.014031 0.188000 -0.556253 0.640867 -0.529029 0.000000
-0.027104 -0.013661 0.189000 0.369097 -0.739557 0.562870 0.000000
-0.022540 -0.013589 0.188000 -0.245930 0.709401 -0.660506 0.000000
-0.017926 -0.013444 0.186000 0.274446 -0.637809 0.719638 0.000000
-0.008272 -0.012721 0.176000 0.166922 -0.663654 0.729178 0.000000
-0.002990 -0.013155 0.182000 -0.163792 0.747645 -0.643583 0.000000
0.001268 -0.012938 0.179000 0.036705 0.837709 -0.544882 0.000000
0.008705 -0.013372 0.185000 -0.386284 -0.314636 0.867058 0.000000
0.014826 -0.013805 0.191000 -0.574907 -0.059658 0.816041 0.000000
0.019621 -0.014022 0.194000 -0.372061 -0.394002 0.840436 0.000000
0.024183 -0.014022 0.194000 -0.247801 0.801341 -0.544469 0.000000
0.028152 -0.013733 0.190000 -0.533920 0.703641 -0.468849 0.000000
-0.027247 -0.013286 0.190000 0.369097 -0.739557 0.562870 0.000000
-0.022540 -0.013147 0.188000 -0.227027 0.740054 -0.633071 0.000000
-0.017926 -0.013007 0.186000 0.292501 -0.629229 0.720079 0.000000
-0.005953 -0.012657 0.181000 -0.081011 0.850104 -0.520347 0.000000
-0.001697 -0.012657 0.181000 -0.101468 0.783540 -0.613001 0.000000
0.002545 -0.012587 0.180000 0.038913 0.757045 -0.652203 0.000000
0.009627 -0.013007 0.186000 -0.412750 -0.167050 0.895395 0.000000
0.014377 -0.013356 0.191000 -0.606719 0.081806 0.790696 0.000000
0.019165 -0.013566 0.194000 -0.415132 -0.337778 0.844731 0.000000
0.023849 -0.013636 0.195000 -0.424534 -0.593718 0.683571 0.000000
0.028152 -0.013286 0.190000 -0.546554 0.695527 -0.466391 0.000000
0.032276 -0.013147 0.188000 -0.620444 0.586512 -0.520627 0.000000
-0.023104 -0.012772 0.189000 -0.253726 0.790406 -0.557567 0.000000
-0.018463 -0.012637 0.187000 0.288825 -0.706181 0.646443 0.000000
-0.007947 -0.012029 0.178000 -0.049167 0.948091 -0.314175 0.000000
-0.003846 -0.012299 0.182000 -0.118057 0.783777 -0.609718 0.000000
0.000428 -0.012164 0.180000 0.032899 0.834024 -0.550747 0.000000
0.004739 -0.012367 0.183000 -0.384378 -0.695740 0.606794 0.000000
0.011941 -0.012704 0.188000 -0.577883 -0.016758 0.815947 0.000000
0.016797 -0.013042 0.193000 -0.457650 -0.166122 0.873476 0.000000
0.021556 -0.013178 0.195000 -0.369212 -0.461660 0.806568 0.000000
0.026141 -0.013178 0.195000 0.092647 0.892168 -0.442100 0.000000
0.030950 -0.012704 0.188000 -0.620444 0.586512 -0.520627 0.000000
-0.024567 -0.012393 0.190000 -0.314339 0.789577 -0.527028 0.000000
-0.019887 -0.012262 0.188000 -0.263421 0.782570 -0.564086 0.000000
-0.013729 -0.011545 0.177000 0.539457 -0.616813 0.573173 0.000000
-0.004702 -0.011871 0.182000 -0.063399 0.741010 -0.668495 0.000000
-0.000420 -0.011806 0.181000 0.021505 0.803772 -0.594549 0.000000
0.003878 -0.011936 0.183000 -0.344896 -0.718969 0.603432 0.000000
0.009627 -0.012132 0.186000 -0.323253 -0.154812 0.933564 0.000000
0.014826 -0.012458 0.191000 -0.586737 0.098217 0.803799 0.000000
0.021098 -0.012719 0.195000 -0.355743 -0.440939 0.824027 0.000000
0.025946 -0.012849 0.197000 -0.512369 -0.545084 0.663598 0.000000
0.031392 -0.012262 0.188000 -0.620444 0.586512 -0.520627 0.000000
-0.025145 -0.012009 0.191000 -0.306761 0.820710 -0.482010 0.000000
-0.020438 -0.011883 0.189000 -0.236769 0.811673 -0.533973 0.000000
-0.014385 -0.011317 0.180000 0.659061 -0.516161 0.547007 0.000000
-0.005558 -0.011443 0.182000 0.082738 -0.704076 0.705289 0.000000
-0.001279 -0.011443 0.182000 -0.086632 0.764640 -0.638608 0.000000
0.003017 -0.011506 0.183000 -0.345663 -0.705440 0.618767 0.000000
0.007878 -0.011695 0.186000 -0.288802 -0.303046 0.908161 0.000000
0.020181 -0.012260 0.195000 -0.489328 -0.272569 0.828411 0.000000
0.025147 -0.012449 0.198000 -0.560804 -0.508494 0.653401 0.000000
0.029624 -0.011820 0.188000 -0.610244 0.588465 -0.530387 0.000000
-0.027365 -0.011741 0.194000 -0.171946 0.766344 -0.618992 0.000000
-0.022215 -0.011439 0.189000 -0.234753 0.820559 -0.521128 0.000000
-0.014195 -0.011076 0.183000 0.551991 -0.630069 0.546185 0.000000
-0.003868 -0.011076 0.183000 0.170261 -0.599115 0.782351 0.000000
0.000433 -0.011015 0.182000 0.018272 0.771826 -0.635571 0.000000
0.004816 -0.011257 0.186000 -0.290089 -0.359092 0.887075 0.000000
0.021667 -0.011862 0.196000 -0.466423 -0.351864 0.811567 0.000000
0.026812 -0.012105 0.200000 -0.577665 -0.436454 0.689791 0.000000
0.031834 -0.011378 0.188000 -0.574753 0.525757 -0.627088 0.000000
-0.026452 -0.011285 0.194000 -0.199127 0.801942 -0.563238 0.000000
-0.021326 -0.010994 0.189000 -0.224424 0.827272 -0.515028 0.000000
-0.004298 -0.010645 0.183000 0.120087 -0.553610 0.824072 0.000000
0.024806 -0.011576 0.199000 -0.601340 -0.406540 0.687833 0.000000
0.029781 -0.011692 0.201000 -0.564330 -0.406142 0.718735 0.000000
0.034044 -0.010936 0.188000 -0.581326 0.476207 -0.659763 0.000000
-0.024628 -0.010829 0.194000 -0.234692 0.819818 -0.522319 0.000000
-0.019652 -0.010606 0.190000 -0.283301 0.799932 -0.529008 0.000000
-0.009327 -0.010550 0.189000 0.459512 0.356883 0.813316 0.000000
0.026473 -0.011220 0.201000 -0.646306 -0.374121 0.665072 0.000000
0.030950 -0.010494 0.188000 -0.574753 0.525757 -0.627088 0.000000
-0.032448 -0.011015 0.206000 0.473760 -0.087503 0.876296 0.000000
-0.024171 -0.010373 0.194000 -0.208956 0.821143 -0.531094 0.000000
-0.019408 -0.010266 0.192000 -0.331718 0.796668 -0.505256 0.000000
-0.014583 -0.010052 0.188000 0.331464 -0.773249 0.540571 0.000000
-0.009327 -0.010106 0.189000 0.459512 0.356883 0.813316 0.000000
0.028168 -0.010854 0.203000 -0.593381 -0.255509 0.763292 0.000000
0.032276 -0.010052 0.188000 -0.617241 0.465748 -0.634108 0.000000
-0.030393 -0.010326 0.202000 0.477543 0.072925 0.875577 0.000000
-0.023715 -0.009917 0.194000 -0.226797 0.812881 -0.536459 0.000000
-0.019055 -0.009866 0.193000 -0.341089 0.786823 -0.514361 0.000000
-0.014366 -0.009763 0.191000 0.437639 -0.074315 0.896074 0.000000
-0.009823 -0.009712 0.190000 0.425173 0.402000 0.810940 0.000000
0.030254 -0.010275 0.201000 -0.604309 -0.309788 0.734059 0.000000
0.034044 -0.009610 0.188000 -0.579693 0.435214 -0.688873 0.000000
-0.027325 -0.009607 0.197000 -0.232286 0.601165 -0.764620 0.000000
-0.021891 -0.009461 0.194000 -0.260545 0.812892 -0.520886 0.000000
-0.017240 -0.009412 0.193000 0.509243 -0.613146 0.603924 0.000000
-0.012504 -0.009266 0.190000 0.561966 0.296401 0.772231 0.000000
0.030226 -0.009948 0.204000 -0.595526 -0.228561 0.770136 0.000000
0.033781 -0.009217 0.189000 -0.581743 0.456438 -0.673230 0.000000
-0.028538 -0.009236 0.199000 -0.258211 0.515552 -0.817027 0.000000
-0.023499 -0.009097 0.196000 -0.223873 0.699042 -0.679133 0.000000
-0.018601 -0.008958 0.193000 0.440466 -0.685308 0.579950 0.000000
-0.013917 -0.008865 0.191000 0.514673 0.111373 0.850122 0.000000
0.031893 -0.008865 0.191000 -0.643054 0.467409 -0.606639 0.000000
0.035812 -0.008726 0.188000 -0.402649 0.276986 -0.872441 0.000000
-0.026861 -0.008680 0.197000 -0.049485 0.678072 -0.733327 0.000000
-0.022116 -0.008636 0.196000 -0.269159 0.690606 -0.671280 0.000000
-0.016332 -0.008504 0.193000 0.554567 -0.222064 0.801962 0.000000
0.032963 -0.008460 0.192000 -0.658799 0.497961 -0.563931 0.000000
-0.032606 -0.008384 0.201000 0.539728 0.185802 0.821079 0.000000
-0.026398 -0.008217 0.197000 -0.049485 0.678072 -0.733327 0.000000
-0.021655 -0.008175 0.196000 -0.258093 0.692642 -0.673524 0.000000
-0.016786 -0.008050 0.193000 0.633803 -0.271923 0.724122 0.000000
0.033866 -0.008009 0.192000 -0.425625 0.306249 -0.851502 0.000000
-0.032444 -0.007872 0.200000 0.419545 -0.039690 0.906866 0.000000
-0.026398 -0.007754 0.197000 -0.049485 0.678072 -0.733327 0.000000
-0.021766 -0.007754 0.197000 -0.241794 0.696259 -0.675840 0.000000
-0.016786 -0.007597 0.193000 0.639526 -0.230786 0.733310 0.000000
0.034670 -0.007439 0.189000 -0.402649 0.276986 -0.872441 0.000000
-0.030410 -0.007365 0.199000 0.323306 -0.098364 0.941168 0.000000
-0.025472 -0.007291 0.197000 -0.040062 0.702193 -0.710859 0.000000
-0.020839 -0.007291 0.197000 -0.292689 0.706511 -0.644340 0.000000
0.033254 -0.007476 0.202000 -0.622768 0.556593 -0.549877 0.000000
0.036501 -0.006921 0.187000 -0.204075 0.091891 -0.974633 0.000000
-0.032914 -0.006932 0.200000 0.431914 -0.041630 0.900954 0.000000
-0.026861 -0.006828 0.197000 0.020395 0.665312 -0.746287 0.000000
-0.022455 -0.006897 0.199000 -0.210918 0.724319 -0.656411 0.000000
0.033266 -0.007105 0.205000 -0.566336 -0.191434 0.801633 0.000000
0.036501 -0.006481 0.187000 -0.204075 0.091891 -0.974633 0.000000
-0.034024 -0.006494 0.201000 0.622931 0.168796 0.763849 0.000000
-0.028714 -0.006364 0.197000 -0.181827 0.415903 -0.891046 0.000000
-0.024327 -0.006429 0.199000 -0.119279 0.682157 -0.721411 0.000000
-0.019351 -0.006332 0.196000 0.677092 -0.346471 0.649233 0.000000
0.035622 -0.006041 0.187000 -0.204075 0.091891 -0.974633 0.000000
0.040233 -0.006074 0.188000 -0.224258 0.103765 -0.968990 0.000000
-0.030257 -0.005931 0.198000 0.323306 -0.098364 0.941168 0.000000
-0.025601 -0.005931 0.198000 -0.051779 0.585369 -0.809112 0.000000
-0.020480 -0.005931 0.198000 -0.316013 0.685011 -0.656427 0.000000
0.035812 -0.005631 0.188000 -0.204075 0.091891 -0.974633 0.000000
0.040447 -0.005661 0.189000 -0.224258 0.103765 -0.968990 0.000000
-0.031345 -0.005493 0.199000 0.399911 -0.024957 0.916214 0.000000
-0.026532 -0.005465 0.198000 0.054356 0.610616 -0.790059 0.000000
-0.021627 -0.005521 0.200000 -0.264125 0.659333 -0.703931 0.000000
0.038907 -0.005189 0.188000 -0.204075 0.091891 -0.974633 0.000000
-0.035143 -0.005101 0.202000 0.568770 -0.228450 0.790133 0.000000
-0.029791 -0.005000 0.198000 -0.212654 0.265783 -0.940286 0.000000
-0.025516 -0.005076 0.201000 0.028869 0.580488 -0.813757 0.000000
0.037139 -0.004747 0.188000 -0.204075 0.091891 -0.974633 0.000000
-0.038075 -0.004695 0.205000 0.628373 -0.129831 0.767001 0.000000
-0.031345 -0.004557 0.199000 0.286314 -0.325080 0.901303 0.000000
-0.026800 -0.004580 0.200000 0.106908 0.549674 -0.828510 0.000000
0.038023 -0.004305 0.188000 -0.204075 0.091891 -0.974633 0.000000
-0.038557 -0.004213 0.205000 0.414117 -0.418572 0.808272 0.000000
-0.032914 -0.004110 0.200000 0.434060 -0.202516 0.877826 0.000000
-0.027270 -0.004110 0.200000 0.157039 0.569031 -0.807182 0.000000
0.037581 -0.003863 0.188000 -0.204075 0.091891 -0.974633 0.000000
-0.038557 -0.003731 0.205000 0.414117 -0.418572 0.808272 0.000000
-0.032914 -0.003640 0.200000 0.417274 -0.321339 0.850073 0.000000
-0.027407 -0.003658 0.201000 0.153711 0.651613 -0.742815 0.000000
0.036254 -0.003421 0.188000 -0.204075 0.091891 -0.974633 0.000000
0.040891 -0.003439 0.189000 -0.100822 -0.078149 -0.991830 0.000000
-0.035143 -0.003201 0.202000 0.563596 -0.244695 0.788976 0.000000
-0.029942 -0.003153 0.199000 0.276620 -0.320606 0.905921 0.000000
-0.026532 -0.003312 0.209000 -0.151858 0.884969 -0.440192 0.000000
0.036254 -0.002979 0.188000 -0.204075 0.091891 -0.974633 0.000000
0.040891 -0.002995 0.189000 -0.138264 -0.083296 -0.986886 0.000000
-0.035794 -0.002739 0.203000 0.506468 -0.380219 0.773902 0.000000
-0.030410 -0.002685 0.199000 0.286314 -0.325080 0.901303 0.000000
-0.024566 -0.002820 0.209000 -0.099257 0.897215 -0.430294 0.000000
0.005691 -0.002510 0.186000 -0.334042 0.063129 0.940442 0.000000
0.010119 -0.002524 0.187000 -0.303091 -0.089639 0.948736 0.000000
0.014671 -0.002551 0.189000 -0.630247 -0.137421 0.764136 0.000000
0.038465 -0.002537 0.188000 0.085115 0.085471 0.992698 0.000000
-0.038557 -0.002284 0.205000 0.331178 -0.606677 0.722678 0.000000
-0.032914 -0.002229 0.200000 0.369344 -0.412830 0.832560 0.000000
-0.026290 -0.002351 0.211000 -0.148339 0.877583 -0.455899 0.000000
0.001303 -0.002050 0.184000 -0.119102 0.026107 0.992539 0.000000
0.005691 -0.002073 0.186000 -0.333470 0.011387 0.942692 0.000000
0.010119 -0.002084 0.187000 -0.303091 -0.089639 0.948736 0.000000
0.019560 -0.002206 0.198000 -0.682536 -0.333645 0.650251 0.000000
0.027555 -0.002251 0.202000 -0.605559 -0.125558 0.785833 0.000000
0.038465 -0.002095 0.188000 -0.138264 -0.083296 -0.986886 0.000000
-0.036930 -0.001794 0.204000 0.447101 -0.480656 0.754368 0.000000
-0.031033 -0.001758 0.200000 0.268788 -0.466627 0.842622 0.000000
-0.025297 -0.001855 0.211000 -0.067649 0.924419 -0.375331 0.000000
0.036254 -0.001653 0.188000 0.085115 0.085471 0.992698 0.000000
-0.038557 -0.001320 0.205000 0.412920 -0.519865 0.747822 0.000000
-0.033078 -0.001295 0.201000 0.366561 -0.456713 0.810584 0.000000
-0.027515 -0.001346 0.209000 0.097726 0.932320 -0.348180 0.000000
-0.003475 -0.001192 0.185000 0.156511 0.106599 0.981907 0.000000
0.037139 -0.001211 0.188000 -0.138264 -0.083296 -0.986886 0.000000
-0.036930 -0.000834 0.204000 0.446211 -0.507188 0.737330 0.000000
-0.032133 -0.000834 0.204000 0.052491 0.810517 -0.583358 0.000000
-0.024801 -0.000863 0.211000 -0.067649 0.924419 -0.375331 0.000000
-0.038075 -0.000356 0.205000 0.298426 -0.578808 0.758896 0.000000
-0.033255 -0.000356 0.205000 0.394462 -0.625404 0.673253 0.000000
-0.007390 -0.000322 0.185000 0.369583 0.035524 0.928518 0.000000
-0.037111 0.000126 0.205000 0.298426 -0.578808 0.758896 0.000000
-0.032763 0.000128 0.208000 0.470360 0.672722 -0.571145 0.000000
-0.025916 0.000130 0.212000 0.130858 0.920756 -0.367538 0.000000
-0.036147 0.000608 0.205000 0.298426 -0.578808 0.758896 0.000000
-0.031046 0.000632 0.213000 0.413491 0.678463 -0.607217 0.000000
-0.038075 0.001090 0.205000 0.032349 0.527306 -0.849060 0.000000
-0.033732 0.001122 0.211000 0.505908 0.582321 -0.636364 0.000000
-0.037776 0.001580 0.206000 0.447002 0.476316 -0.757174 0.000000
-0.033892 0.001626 0.212000 0.531549 0.563316 -0.632559 0.000000
-0.036323 0.002064 0.206000 0.468436 0.508330 -0.722612 0.000000
-0.037473 0.002561 0.207000 0.516899 0.491789 -0.700684 0.000000
-0.036986 0.003047 0.207000 0.551627 0.499033 -0.668337 0.000000
-0.036676 0.003551 0.208000 0.642714 0.437257 -0.629067 0.000000
-0.036361 0.004060 0.209000 0.672988 0.431849 -0.600494 0.000000
-0.036361 0.004551 0.209000 0.713764 0.395436 -0.578076 0.000000
-0.036361 0.005043 0.209000 0.713764 0.395436 -0.578076 0.000000
-0.036852 0.005534 0.209000 0.790852 0.318544 -0.522573 0.000000
-0.037344 0.006025 0.209000 0.850633 0.220930 -0.477090 0.000000
0.006227 0.005449 0.189000 -0.296622 -0.205828 0.932550 0.000000
0.011805 0.005564 0.193000 -0.584150 0.181422 0.791110 0.000000
-0.036213 0.006579 0.211000 0.798458 0.260715 -0.542672 0.000000
0.007116 0.005893 0.189000 -0.322774 -0.156408 0.933463 0.000000
-0.038632 0.006975 0.208000 0.900996 0.153697 -0.405690 0.000000
0.004450 0.006338 0.189000 -0.167939 -0.316436 0.933630 0.000000
-0.039610 0.007464 0.208000 0.906063 0.098929 -0.411415 0.000000
-0.035554 0.007643 0.213000 0.667244 -0.044829 -0.743489 0.000000
0.036511 0.007428 0.207000 0.067971 -0.009384 -0.997643 0.000000
-0.037028 0.008030 0.210000 0.881182 0.048312 -0.470303 0.000000
0.004894 0.007227 0.189000 -0.164478 -0.291588 0.942297 0.000000
-0.039801 0.008483 0.209000 0.904317 0.009111 -0.426765 0.000000
-0.035554 0.008645 0.213000 0.570460 -0.169894 -0.803562 0.000000
0.036501 0.007590 0.187000 -0.529751 -0.179748 -0.828888 0.000000
-0.037028 0.009017 0.210000 0.875393 -0.059980 -0.479677 0.000000
0.035023 0.008759 0.204000 -0.336258 0.056366 0.940082 0.000000
0.038260 0.008030 0.187000 -0.529751 -0.179748 -0.828888 0.000000
-0.035886 0.009601 0.212000 0.591215 -0.276617 -0.757594 0.000000
0.033863 0.008469 0.187000 -0.482586 -0.365381 -0.795995 0.000000
0.038260 0.008469 0.187000 -0.529751 -0.179748 -0.828888 0.000000
-0.035886 0.010100 0.212000 0.527488 -0.340919 -0.778159 0.000000
0.033245 0.008861 0.186000 -0.482586 -0.365381 -0.795995 0.000000
0.037618 0.008861 0.186000 -0.472676 -0.181612 -0.862319 0.000000
-0.036709 0.010548 0.211000 0.641291 -0.248437 -0.725965 0.000000
0.032850 0.009699 0.194000 -0.544347 -0.818578 -0.183347 0.000000
0.036306 0.009299 0.186000 -0.483210 -0.424671 -0.765613 0.000000
-0.038143 0.010888 0.208000 0.739949 -0.211594 -0.638517 0.000000
0.031032 0.010626 0.203000 0.104245 -0.940324 -0.323920 0.000000
0.034119 0.009736 0.186000 -0.483210 -0.424671 -0.765613 0.000000
-0.039907 0.011322 0.207000 0.688408 -0.165396 -0.706215 0.000000
0.027828 0.011158 0.204000 0.322339 -0.812874 -0.485112 0.000000
0.031726 0.010392 0.190000 -0.456644 -0.389388 -0.799908 0.000000
0.035431 0.010173 0.186000 -0.483210 -0.424671 -0.765613 0.000000
-0.038933 0.011809 0.207000 0.365542 -0.254883 -0.895217 0.000000
0.026736 0.011581 0.203000 0.322339 -0.812874 -0.485112 0.000000
0.031665 0.010668 0.187000 -0.273462 -0.079028 -0.958631 0.000000
0.035869 0.010611 0.186000 -0.504988 -0.437257 -0.744173 0.000000
-0.038446 0.012295 0.207000 0.370204 -0.247259 -0.895439 0.000000
0.022704 0.011701 0.197000 -0.518534 0.628938 0.579275 0.000000
0.028980 0.011998 0.202000 0.147369 -0.944968 -0.292094 0.000000
0.033682 0.011048 0.186000 -0.189569 -0.072051 -0.979220 0.000000
0.037851 0.010989 0.185000 -0.504988 -0.437257 -0.744173 0.000000
-0.036676 0.012844 0.208000 0.351254 -0.368716 -0.860622 0.000000
0.023049 0.012103 0.196000 0.344811 -0.886381 -0.308924 0.000000
0.030785 0.011547 0.187000 -0.237741 -0.144507 -0.960519 0.000000
0.034994 0.011485 0.186000 0.129680 0.074848 0.988727 0.000000
-0.039229 0.013205 0.206000 0.084640 -0.108875 -0.990446 0.000000
-0.033579 0.013269 0.207000 0.239497 -0.119145 -0.963559 0.000000
0.026341 0.012820 0.200000 0.430429 -0.752663 -0.498225 0.000000
0.032807 0.011923 0.186000 -0.222093 -0.091552 -0.970718 0.000000
0.037181 0.011923 0.186000 -0.504988 -0.437257 -0.744173 0.000000
-0.036986 0.013756 0.207000 0.184085 -0.171396 -0.967851 0.000000
-0.024420 0.014088 0.212000 -0.031161 -0.438439 -0.898221 0.000000
0.017551 0.012094 0.182000 -0.372835 0.660730 0.651482 0.000000
0.032370 0.012360 0.186000 -0.292695 -0.161644 -0.942444 0.000000
0.036743 0.012360 0.186000 -0.129680 -0.074848 -0.988727 0.000000
-0.036986 0.014242 0.207000 0.135301 -0.086163 -0.987051 0.000000
-0.032274 0.014311 0.208000 0.259588 -0.077947 -0.962569 0.000000
-0.024919 0.014586 0.212000 -0.031161 -0.438439 -0.898221 0.000000
0.013056 0.012729 0.185000 -0.147919 -0.941065 -0.304165 0.000000
0.017782 0.012385 0.180000 -0.344144 0.642635 0.684533 0.000000
0.032984 0.012866 0.187000 -0.292695 -0.161644 -0.942444 0.000000
0.037181 0.012798 0.186000 -0.129680 -0.074848 -0.988727 0.000000
-0.036013 0.014729 0.207000 0.111518 -0.037575 -0.993052 0.000000
-0.031446 0.014871 0.209000 0.293013 -0.131627 -0.947005 0.000000
-0.024305 0.015014 0.211000 -0.052521 -0.465896 -0.883279 0.000000
0.012844 0.012950 0.182000 0.043808 -0.932397 -0.358772 0.000000
0.016841 0.012737 0.179000 -0.279698 0.395708 0.874748 0.000000
0.027705 0.013519 0.190000 -0.376505 -0.726554 -0.574772 0.000000
0.035622 0.013306 0.187000 -0.129680 -0.074848 -0.988727 0.000000
-0.036986 0.015216 0.207000 0.090057 0.037716 -0.995222 0.000000
-0.032274 0.015289 0.208000 0.259588 -0.077947 -0.962569 0.000000
-0.027282 0.015510 0.211000 0.180203 -0.490714 -0.852483 0.000000
0.007041 0.013746 0.187000 -0.279485 -0.804951 -0.523395 0.000000
0.012279 0.013231 0.180000 0.086834 -0.795590 -0.599580 0.000000
0.016328 0.013084 0.178000 -0.278311 0.435486 0.856093 0.000000
0.028003 0.013893 0.189000 -0.061466 0.288357 0.955548 0.000000
0.034928 0.013819 0.188000 -0.129680 -0.074848 -0.988727 0.000000
-0.036499 0.015703 0.207000 0.090057 0.037716 -0.995222 0.000000
-0.031938 0.015854 0.209000 0.289584 -0.135797 -0.947470 0.000000
-0.026786 0.016006 0.211000 0.109705 -0.510712 -0.852724 0.000000
0.004497 0.014489 0.191000 0.067025 -0.067118 0.995491 0.000000
0.010887 0.013503 0.178000 -0.163587 0.630938 0.758391 0.000000
0.015073 0.013503 0.178000 -0.218758 0.493121 0.842007 0.000000
0.019150 0.013427 0.177000 -0.375703 0.015155 0.926616 0.000000
0.032892 0.014337 0.189000 -0.460399 -0.460398 -0.758990 0.000000
-0.038632 0.016268 0.208000 0.082385 -0.040477 -0.995778 0.000000
-0.033741 0.016268 0.208000 0.197905 -0.054779 -0.978689 0.000000
-0.029128 0.016424 0.210000 0.189589 -0.469943 -0.862096 0.000000
-0.023202 0.016424 0.210000 -0.161842 -0.515587 -0.841414 0.000000
0.006777 0.014078 0.180000 -0.400317 -0.852399 -0.336396 0.000000
0.011242 0.013843 0.177000 -0.169985 0.607783 0.775696 0.000000
0.015404 0.013843 0.177000 -0.173510 0.242454 0.954521 0.000000
0.027413 0.014703 0.188000 -0.276628 0.368450 0.887537 0.000000
0.034928 0.014703 0.188000 -0.197143 -0.165063 -0.966379 0.000000
-0.035039 0.016676 0.207000 0.100789 0.045963 -0.993846 0.000000
-0.030463 0.016837 0.209000 0.193599 -0.260204 -0.945946 0.000000
-0.025177 0.016918 0.210000 -0.016050 -0.590756 -0.806690 0.000000
0.007779 0.014018 0.174000 -0.624643 -0.082810 0.776508 0.000000
0.012007 0.014179 0.176000 -0.421556 0.050698 0.905384 0.000000
0.016237 0.014259 0.177000 -0.237098 -0.010106 0.971433 0.000000
0.025948 0.015065 0.187000 -0.433699 0.407845 0.803472 0.000000
-0.037654 0.017246 0.208000 0.050642 0.055297 -0.997185 0.000000
-0.032763 0.017246 0.208000 0.209880 -0.052452 -0.976319 0.000000
-0.028006 0.017329 0.209000 0.183502 -0.520003 -0.834221 0.000000
-0.022708 0.017412 0.210000 -0.161842 -0.515587 -0.841414 0.000000
0.009469 0.014510 0.175000 -0.510337 0.066686 0.857385 0.000000
0.013662 0.014593 0.176000 -0.324141 0.073706 0.943133 0.000000
0.017902 0.014675 0.177000 -0.445608 -0.010920 0.895161 0.000000
-0.039801 0.017820 0.209000 0.082385 -0.040477 -0.995778 0.000000
-0.034719 0.017735 0.208000 0.091458 0.027548 -0.995428 0.000000
-0.029972 0.017820 0.209000 0.149733 -0.451999 -0.879362 0.000000
-0.025058 0.017820 0.209000 -0.032511 -0.591160 -0.805899 0.000000
-0.020143 0.017820 0.209000 -0.443236 -0.447135 -0.776925 0.000000
-0.014573 0.017053 0.200000 0.693205 0.135747 0.707842 0.000000
0.007327 0.014751 0.173000 -0.624643 -0.082810 0.776508 0.000000
0.011593 0.015006 0.176000 -0.389404 0.022385 0.920795 0.000000
0.015821 0.015092 0.177000 -0.276511 -0.055373 0.959414 0.000000
0.024102 0.015603 0.183000 -0.502138 0.474452 0.723016 0.000000
0.029466 0.015944 0.187000 -0.175482 0.377345 0.909295 0.000000
-0.035698 0.018224 0.208000 0.071101 0.010840 -0.997410 0.000000
-0.030807 0.018224 0.208000 0.164381 -0.317964 -0.933744 0.000000
-0.026040 0.018312 0.209000 0.035444 -0.606697 -0.794143 0.000000
-0.021126 0.018312 0.209000 -0.360485 -0.551934 -0.751944 0.000000
-0.015669 0.017698 0.202000 0.781318 0.136635 0.608993 0.000000
-0.010649 0.017260 0.197000 0.637376 -0.006897 0.770522 0.000000
-0.005864 0.016822 0.192000 0.483001 -0.066381 0.873100 0.000000
0.006920 0.015157 0.173000 -0.653454 -0.003770 0.756957 0.000000
0.011179 0.015420 0.176000 -0.444150 -0.018076 0.895770 0.000000
0.015404 0.015508 0.177000 -0.215719 -0.188178 0.958152 0.000000
0.023543 0.015946 0.182000 -0.496846 0.268562 0.825238 0.000000
0.028871 0.016296 0.186000 -0.279716 0.465835 0.839498 0.000000
-0.036187 0.018713 0.208000 0.071101 0.010840 -0.997410 0.000000
-0.031296 0.018713 0.208000 0.164381 -0.317964 -0.933744 0.000000
-0.024449 0.018713 0.208000 -0.074097 -0.603731 -0.793737 0.000000
-0.018977 0.018623 0.207000 -0.606359 -0.457944 -0.650090 0.000000
-0.013632 0.017993 0.200000 -0.656402 -0.145212 -0.740304 0.000000
-0.008706 0.017543 0.195000 0.636642 -0.105747 0.763875 0.000000
-0.004037 0.017184 0.191000 0.373039 -0.075198 0.924763 0.000000
0.008597 0.015654 0.174000 -0.543007 -0.175729 0.821135 0.000000
0.012834 0.015834 0.176000 -0.391320 -0.156970 0.906768 0.000000
0.017166 0.016014 0.178000 -0.292453 -0.209457 0.933059 0.000000
0.024963 0.016464 0.183000 -0.516657 0.463394 0.719953 0.000000
0.029746 0.016734 0.186000 -0.185902 0.492308 0.850337 0.000000
-0.035209 0.019202 0.208000 0.091458 0.027548 -0.995428 0.000000
-0.030318 0.019202 0.208000 0.139104 -0.410669 -0.901111 0.000000
-0.024449 0.019202 0.208000 -0.076763 -0.587227 -0.805774 0.000000
-0.019464 0.019110 0.207000 -0.568822 -0.536287 -0.623569 0.000000
-0.014103 0.018464 0.200000 0.678416 0.126805 0.723652 0.000000
-0.009212 0.018094 0.196000 0.637091 -0.079341 0.766694 0.000000
0.005634 0.015786 0.171000 -0.616968 -0.155435 0.771486 0.000000
0.009881 0.016156 0.175000 -0.473179 -0.142782 0.869319 0.000000
0.014156 0.016340 0.177000 -0.264827 -0.194794 0.944416 0.000000
0.018421 0.016433 0.178000 -0.234757 -0.211898 0.948677 0.000000
0.026397 0.016986 0.184000 -0.524505 0.558779 0.642387 0.000000
-0.038143 0.019691 0.208000 0.049138 0.074574 -0.996004 0.000000
-0.033092 0.019597 0.207000 0.137889 -0.085876 -0.986718 0.000000
-0.028361 0.019691 0.208000 0.136231 -0.373429 -0.917601 0.000000
-0.023470 0.019691 0.208000 -0.110494 -0.623900 -0.773653 0.000000
-0.018312 0.019407 0.205000 -0.701470 -0.455947 -0.547770 0.000000
-0.012160 0.018839 0.199000 -0.659791 -0.169086 -0.732179 0.000000
0.005667 0.016283 0.172000 -0.633086 -0.093814 0.768376 0.000000
0.009881 0.016567 0.175000 -0.473179 -0.142782 0.869319 0.000000
0.014156 0.016756 0.177000 -0.303100 -0.248465 0.919998 0.000000
0.018421 0.016851 0.178000 -0.172032 -0.289629 0.941552 0.000000
0.025254 0.017230 0.182000 -0.505284 0.425339 0.750849 0.000000
0.030183 0.017608 0.186000 -0.205040 0.495988 0.843774 0.000000
-0.035039 0.020083 0.207000 0.088497 -0.012309 -0.996000 0.000000
-0.030318 0.020180 0.208000 0.081842 -0.243118 -0.966538 0.000000
-0.025427 0.020180 0.208000 -0.010250 -0.470763 -0.882200 0.000000
-0.020437 0.020083 0.207000 -0.425974 -0.618072 -0.660707 0.000000
-0.015043 0.019404 0.200000 -0.624529 -0.492878 -0.605834 0.000000
-0.010185 0.019113 0.197000 0.659458 0.009046 0.751687 0.000000
0.007370 0.016882 0.174000 -0.616968 -0.155435 0.771486 0.000000
0.011593 0.017076 0.176000 -0.420328 -0.131887 0.897736 0.000000
0.015910 0.017270 0.178000 -0.204783 -0.358405 0.910829 0.000000
0.020208 0.017367 0.179000 -0.286180 -0.247888 0.925555 0.000000
0.024690 0.017561 0.181000 -0.457926 0.335865 0.823103 0.000000
0.029746 0.018046 0.186000 -0.295497 0.494942 0.817138 0.000000
-0.035039 0.020570 0.207000 0.088497 -0.012309 -0.996000 0.000000
-0.027251 0.020570 0.207000 0.052336 -0.329066 -0.942855 0.000000
-0.022492 0.020669 0.208000 -0.184287 -0.530326 -0.827522 0.000000
-0.014500 0.019775 0.199000 -0.606540 -0.573367 -0.550781 0.000000
0.003581 0.016794 0.169000 -0.633086 -0.093814 0.768376 0.000000
0.010765 0.017489 0.176000 -0.415213 -0.151164 0.897077 0.000000
0.015073 0.017688 0.178000 -0.298946 -0.414842 0.859382 0.000000
0.019366 0.017788 0.179000 -0.214410 -0.429785 0.877105 0.000000
0.023707 0.017887 0.180000 -0.414922 0.019104 0.909656 0.000000
0.028716 0.018384 0.185000 -0.499152 0.573721 0.649377 0.000000
-0.026635 0.020955 0.206000 0.040131 -0.286893 -0.957122 0.000000
-0.015824 0.020141 0.198000 -0.602770 -0.674167 -0.426810 0.000000
0.005700 0.017598 0.173000 -0.659176 -0.056766 0.749843 0.000000
0.011179 0.017903 0.176000 -0.403589 -0.207804 0.891029 0.000000
0.015578 0.018208 0.179000 -0.213016 -0.480561 0.850697 0.000000
0.019787 0.018208 0.179000 -0.229046 -0.433268 0.871675 0.000000
0.024265 0.018412 0.181000 -0.441336 0.070222 0.894590 0.000000
0.029151 0.018819 0.185000 -0.443548 0.438972 0.781389 0.000000
-0.018711 0.020711 0.199000 -0.691122 -0.596821 -0.407622 0.000000
0.006589 0.018213 0.175000 -0.568502 -0.093939 0.817301 0.000000
0.010765 0.018317 0.176000 -0.403589 -0.207804 0.891029 0.000000
0.015158 0.018629 0.179000 -0.217013 -0.563679 0.796976 0.000000
0.019366 0.018629 0.179000 -0.110130 -0.537316 0.836160 0.000000
0.023707 0.018733 0.180000 -0.414922 0.019104 0.909656 0.000000
0.028561 0.019150 0.184000 -0.524505 0.558779 0.642387 0.000000
-0.018241 0.020647 0.194000 -0.005095 -0.912101 -0.409935 0.000000
0.009058 0.018625 0.175000 -0.469963 -0.233185 0.851328 0.000000
0.013399 0.018944 0.178000 -0.440718 -0.449515 0.776984 0.000000
0.017683 0.019050 0.179000 -0.114821 -0.540778 0.833292 0.000000
0.022014 0.019157 0.180000 -0.359454 -0.355646 0.862733 0.000000
0.026538 0.019370 0.182000 -0.488174 0.453376 0.745745 0.000000
0.031326 0.019689 0.185000 -0.200758 0.457076 0.866474 0.000000
-0.016332 0.020994 0.193000 -0.016458 -0.910647 -0.412857 0.000000
0.009110 0.019145 0.176000 -0.437318 -0.238257 0.867172 0.000000
0.013399 0.019362 0.178000 -0.433096 -0.467986 0.770336 0.000000
0.017782 0.019580 0.180000 -0.115462 -0.587495 0.800948 0.000000
0.022014 0.019580 0.180000 -0.302846 -0.435652 0.847639 0.000000
0.027114 0.019906 0.183000 -0.488174 0.453376 0.745745 0.000000
0.031761 0.020124 0.185000 -0.200758 0.457076 0.866474 0.000000
-0.015265 0.021226 0.191000 -0.073662 -0.880598 -0.468104 0.000000
0.010351 0.019559 0.176000 -0.429764 -0.246719 0.868581 0.000000
0.014737 0.019892 0.179000 -0.312692 -0.551353 0.773456 0.000000
0.019051 0.020003 0.180000 -0.143802 -0.593041 0.792227 0.000000
0.026110 0.020225 0.182000 -0.457947 0.418128 0.784509 0.000000
0.030724 0.020448 0.184000 -0.462363 0.443456 0.767833 0.000000
-0.021326 0.021448 0.189000 0.130511 -0.888751 -0.439417 0.000000
-0.016078 0.021561 0.190000 -0.073662 -0.880598 -0.468104 0.000000
0.004842 0.021221 0.187000 -0.326236 -0.497041 -0.804065 0.000000
0.009937 0.019973 0.176000 -0.446443 -0.278082 0.850505 0.000000
0.014396 0.020426 0.180000 -0.330461 -0.577754 0.746322 0.000000
0.018628 0.020426 0.180000 -0.126593 -0.592531 0.795538 0.000000
0.026538 0.020653 0.182000 -0.478317 0.341006 0.809276 0.000000
-0.019887 0.021776 0.188000 0.052532 -0.895924 -0.441089 0.000000
-0.015185 0.022008 0.190000 -0.073662 -0.880598 -0.468104 0.000000
0.005310 0.021776 0.188000 -0.326236 -0.497041 -0.804065 0.000000
0.010765 0.020386 0.176000 -0.459243 -0.352190 0.815511 0.000000
0.015327 0.020966 0.181000 -0.235771 -0.570595 0.786659 0.000000
0.019475 0.020850 0.180000 -0.145258 -0.580176 0.801434 0.000000
0.027975 0.021197 0.183000 -0.488174 0.453376 0.745745 0.000000
-0.021886 0.022455 0.190000 0.133746 -0.886992 -0.441992 0.000000
-0.017327 0.022337 0.189000 -0.061210 -0.906910 -0.416855 0.000000
-0.012951 0.022455 0.190000 -0.053611 -0.781496 -0.621603 0.000000
0.007868 0.020800 0.176000 -0.354327 -0.471099 0.807786 0.000000
0.012143 0.021037 0.178000 -0.463119 -0.445744 0.766050 0.000000
0.016695 0.021509 0.182000 -0.162196 -0.585705 0.794130 0.000000
0.020860 0.021391 0.181000 -0.209589 -0.545811 0.811272 0.000000
0.028836 0.021628 0.183000 -0.488174 0.453376 0.745745 0.000000
-0.020329 0.022660 0.188000 0.096613 -0.899481 -0.426146 0.000000
-0.015993 0.022781 0.189000 -0.073662 -0.880598 -0.468104 0.000000
0.005722 0.022540 0.187000 -0.319228 -0.671842 -0.668373 0.000000
0.011242 0.021335 0.177000 -0.474586 -0.419999 0.773543 0.000000
0.016695 0.021937 0.182000 -0.162196 -0.585705 0.794130 0.000000
-0.028361 0.025560 0.208000 0.039781 -0.139726 -0.989391 0.000000
-0.019993 0.023225 0.189000 0.096613 -0.899481 -0.426146 0.000000
-0.015549 0.023225 0.189000 -0.073662 -0.880598 -0.468104 0.000000
0.008696 0.021628 0.176000 -0.371640 -0.522614 0.767306 0.000000
0.013199 0.022242 0.181000 -0.274965 -0.706973 0.651600 0.000000
0.018508 0.022488 0.183000 -0.144162 -0.600754 0.786328 0.000000
-0.020438 0.023670 0.189000 0.096613 -0.899481 -0.426146 0.000000
-0.015993 0.023670 0.189000 -0.073662 -0.880598 -0.468104 0.000000
0.006852 0.022793 0.182000 0.144417 -0.920461 0.363173 0.000000
0.013199 0.022668 0.181000 -0.274965 -0.706973 0.651600 0.000000
-0.028361 0.026538 0.208000 0.039781 -0.139726 -0.989391 0.000000
-0.016525 0.024242 0.190000 -0.040126 -0.917534 -0.395629 0.000000
-0.011164 0.024242 0.190000 -0.266632 -0.827271 -0.494500 0.000000
-0.016525 0.024689 0.190000 -0.040126 -0.917534 -0.395629 0.000000
-0.008930 0.024689 0.190000 -0.403794 -0.796196 -0.450579 0.000000
-0.017959 0.025268 0.191000 0.092317 -0.910903 -0.402161 0.000000
-0.026765 0.027871 0.207000 0.029184 -0.157096 -0.987152 0.000000
-0.028361 0.028495 0.208000 0.039781 -0.139726 -0.989391 0.000000
-0.016786 0.026440 0.193000 0.092317 -0.910903 -0.402161 0.000000
