-0.075648 -0.038629 0.275000 0.458875 0.092799 0.883641 1.000000
-0.068176 -0.038067 0.271000 0.327358 -0.344405 0.879899 1.000000
-0.075002 -0.037983 0.275000 0.451218 -0.004576 0.892402 1.000000
-0.067538 -0.037430 0.271000 0.275894 -0.377463 0.883971 1.000000
-0.061166 -0.037430 0.271000 0.144470 -0.329920 0.932889 1.000000
-0.081049 -0.037743 0.278000 0.472099 -0.085176 0.877421 1.000000
-0.073708 -0.037336 0.275000 0.453022 -0.075092 0.888331 1.000000
-0.066508 -0.036929 0.272000 0.184575 -0.389015 0.902551 1.000000
-0.059892 -0.036793 0.271000 0.107680 -0.246689 0.963094 1.000000
-0.053519 -0.036793 0.271000 -0.065211 -0.396327 0.915791 1.000000
-0.081341 -0.037223 0.279000 0.436188 -0.159103 0.885678 1.000000
-0.073708 -0.036689 0.275000 0.481661 -0.143782 0.864482 1.000000
-0.066508 -0.036289 0.272000 0.191055 -0.347541 0.917994 1.000000
-0.059892 -0.036156 0.271000 0.081633 -0.189056 0.978567 1.000000
-0.053519 -0.036156 0.271000 -0.063657 -0.412550 0.908708 1.000000
-0.090422 -0.037616 0.287000 0.681834 -0.399572 0.612735 1.000000
-0.081341 -0.036567 0.279000 0.476941 -0.124873 0.870020 1.000000
-0.073708 -0.036043 0.275000 0.460219 -0.231593 0.857067 1.000000
-0.066753 -0.035781 0.273000 0.237234 -0.345158 0.908067 1.000000
-0.059892 -0.035519 0.271000 0.068092 -0.183426 0.980672 1.000000
-0.053519 -0.035519 0.271000 -0.102620 -0.413634 0.904641 1.000000
-0.047843 -0.036043 0.275000 -0.474101 -0.627284 0.617854 1.000000
-0.089382 -0.037069 0.288000 -0.466595 0.584912 -0.663450 1.000000
-0.080029 -0.035911 0.279000 0.527484 -0.257439 0.809621 1.000000
-0.072152 -0.035267 0.274000 0.406798 -0.216629 0.887461 1.000000
-0.065229 -0.035010 0.272000 0.166555 -0.317582 0.933489 1.000000
-0.058617 -0.034881 0.271000 -0.007835 -0.213448 0.976923 1.000000
-0.052438 -0.035010 0.272000 -0.353988 -0.425911 0.832642 1.000000
-0.046888 -0.035654 0.277000 -0.465102 -0.684233 0.561699 1.000000
-0.091682 -0.036771 0.291000 -0.269222 0.787883 -0.553859 1.000000
-0.081632 -0.035381 0.280000 0.491188 -0.383154 0.782257 1.000000
-0.073708 -0.034750 0.275000 0.450422 -0.265494 0.852428 1.000000
-0.066753 -0.034497 0.273000 0.246784 -0.306577 0.919298 1.000000
-0.059892 -0.034244 0.271000 0.079461 -0.215816 0.973195 1.000000
-0.053717 -0.034370 0.272000 -0.139770 -0.399079 0.906201 1.000000
-0.048017 -0.034876 0.276000 -0.489268 -0.628734 0.604409 1.000000
-0.042129 -0.035381 0.280000 -0.463437 -0.766578 0.444504 1.000000
-0.089013 -0.035839 0.289000 -0.428002 0.824639 -0.369845 1.000000
-0.079088 -0.034475 0.278000 0.538499 -0.262540 0.800682 1.000000
-0.071507 -0.033979 0.274000 0.369105 -0.279928 0.886229 1.000000
-0.064827 -0.033855 0.273000 0.198535 -0.220424 0.954985 1.000000
-0.057980 -0.033607 0.271000 -0.091905 -0.231631 0.968453 1.000000
-0.051798 -0.033731 0.272000 -0.464948 -0.469600 0.750532 1.000000
-0.046404 -0.034475 0.278000 -0.464528 -0.726513 0.506353 1.000000
-0.040584 -0.035095 0.283000 -0.574546 -0.747247 0.333943 1.000000
-0.091623 -0.035646 0.293000 -0.308140 0.808572 -0.501259 1.000000
-0.080685 -0.033943 0.279000 0.553720 -0.364394 0.748739 1.000000
-0.073062 -0.033456 0.275000 0.414957 -0.301965 0.858270 1.000000
-0.065869 -0.033091 0.272000 0.210064 -0.219368 0.952759 1.000000
-0.059254 -0.032970 0.271000 0.002672 -0.260867 0.965371 1.000000
-0.053272 -0.033213 0.273000 -0.384526 -0.398968 0.832445 1.000000
-0.047540 -0.033700 0.277000 -0.521896 -0.674848 0.521733 1.000000
-0.041619 -0.034186 0.281000 -0.541156 -0.724273 0.427293 1.000000
-0.036756 -0.035889 0.295000 -0.638713 -0.707466 0.302552 1.000000
-0.087047 -0.034241 0.287000 -0.208395 0.872855 -0.441242 1.000000
-0.077501 -0.033048 0.277000 0.481124 -0.361136 0.798812 1.000000
-0.070219 -0.032690 0.274000 0.385715 -0.342915 0.856524 1.000000
-0.063543 -0.032571 0.273000 0.199570 -0.190637 0.961160 1.000000
-0.056915 -0.032452 0.272000 -0.119201 -0.239473 0.963558 1.000000
-0.050890 -0.032690 0.274000 -0.555612 -0.546652 0.626472 1.000000
-0.045259 -0.033287 0.279000 -0.512976 -0.703129 0.492407 1.000000
-0.039531 -0.034003 0.285000 -0.592779 -0.746252 0.302853 1.000000
-0.034557 -0.035792 0.300000 -0.656802 -0.633384 0.409190 1.000000
-0.084134 -0.033216 0.284000 0.482636 -0.628264 0.610202 1.000000
-0.075274 -0.032280 0.276000 0.449573 -0.288127 0.845498 1.000000
-0.068286 -0.032046 0.274000 0.312390 -0.316614 0.895638 1.000000
-0.061392 -0.031812 0.272000 0.134404 -0.180785 0.974296 1.000000
-0.055198 -0.031929 0.273000 -0.213537 -0.317748 0.923817 1.000000
-0.049136 -0.032163 0.275000 -0.506002 -0.615869 0.603877 1.000000
-0.043601 -0.032865 0.281000 -0.503358 -0.724726 0.470535 1.000000
-0.038310 -0.034034 0.291000 -0.630107 -0.740189 0.234705 1.000000
-0.094588 -0.034152 0.298000 -0.349458 0.838070 -0.418948 1.000000
-0.083172 -0.032433 0.283000 0.531239 -0.634705 0.561190 1.000000
-0.074625 -0.031631 0.276000 0.443272 -0.292024 0.847486 1.000000
-0.067395 -0.031287 0.273000 0.305247 -0.319748 0.896987 1.000000
-0.060752 -0.031173 0.272000 0.070929 -0.229628 0.970690 1.000000
-0.054556 -0.031287 0.273000 -0.236091 -0.269519 0.933606 1.000000
-0.048666 -0.031631 0.276000 -0.517122 -0.670831 0.531574 1.000000
-0.043093 -0.032319 0.282000 -0.485800 -0.784972 0.384469 1.000000
-0.037884 -0.033579 0.293000 -0.607992 -0.751474 0.256190 1.000000
-0.093887 -0.033452 0.298000 -0.169940 0.889641 -0.423862 1.000000
-0.082507 -0.031768 0.283000 0.578498 -0.612257 0.538963 1.000000
-0.074244 -0.031094 0.277000 0.443272 -0.292024 0.847486 1.000000
-0.066753 -0.030645 0.273000 0.299597 -0.305824 0.903722 1.000000
-0.059892 -0.030421 0.271000 0.014163 -0.256498 0.966441 1.000000
-0.054112 -0.030757 0.274000 -0.396129 -0.583704 0.708782 1.000000
-0.048539 -0.031319 0.279000 -0.518657 -0.682872 0.514471 1.000000
-0.042731 -0.031880 0.284000 -0.541608 -0.775023 0.325578 1.000000
-0.037449 -0.033115 0.295000 -0.589539 -0.759552 0.274817 1.000000
-0.093187 -0.032751 0.298000 -0.138876 0.867008 -0.478550 1.000000
-0.082709 -0.031432 0.286000 0.516644 -0.716501 0.468727 1.000000
-0.074390 -0.030773 0.280000 0.497404 -0.469700 0.729364 1.000000
-0.066111 -0.030003 0.273000 0.282570 -0.289692 0.914457 1.000000
-0.059254 -0.029783 0.271000 0.003685 -0.251649 0.967812 1.000000
-0.053272 -0.030003 0.273000 -0.424804 -0.561850 0.709835 1.000000
-0.048741 -0.031212 0.284000 0.421042 0.858425 -0.292967 1.000000
-0.042359 -0.031432 0.286000 -0.460471 -0.845422 0.270606 1.000000
-0.037005 -0.032641 0.297000 -0.551580 -0.782007 0.290216 1.000000
-0.091477 -0.031943 0.297000 -0.419053 0.797430 -0.434165 1.000000
-0.083071 -0.031405 0.292000 0.671267 -0.510407 0.537480 1.000000
-0.071244 -0.029899 0.278000 0.364010 -0.330774 0.870681 1.000000
-0.063132 -0.029469 0.274000 0.146057 -0.210633 0.966593 1.000000
-0.056275 -0.029254 0.272000 -0.170363 -0.328782 0.928913 1.000000
-0.051530 -0.030222 0.281000 0.387151 0.866479 -0.315164 1.000000
-0.046521 -0.031297 0.291000 0.448225 0.865300 -0.224388 1.000000
-0.039815 -0.031405 0.292000 -0.628663 -0.744139 0.225922 1.000000
-0.094833 -0.031665 0.301000 0.624229 -0.569463 0.534836 1.000000
-0.086589 -0.031244 0.297000 0.838294 -0.433134 0.331146 1.000000
-0.051995 -0.030613 0.291000 -0.666424 -0.659946 0.346916 1.000000
-0.041875 -0.030718 0.292000 -0.514651 -0.834007 0.198913 1.000000
-0.036088 -0.031665 0.301000 0.381531 0.175160 -0.907609 1.000000
-0.086913 -0.031163 0.303000 -0.678686 0.579640 -0.451003 1.000000
-0.045385 -0.030546 0.297000 -0.659123 -0.651362 0.375878 1.000000
-0.038789 -0.030854 0.300000 0.514412 0.678937 -0.523856 1.000000
-0.088192 -0.031154 0.310000 -0.246439 0.714144 -0.655184 1.000000
-0.040769 -0.030048 0.299000 -0.611033 -0.709285 0.351502 1.000000
-0.096521 -0.024673 0.311000 -0.429052 -0.487141 -0.760663 2.000000
-0.095900 -0.023788 0.309000 -0.429052 -0.487141 -0.760663 2.000000
-0.096001 -0.022912 0.307000 -0.429052 -0.487141 -0.760663 2.000000
-0.098486 -0.022262 0.308000 -0.536644 -0.442983 -0.718178 2.000000
-0.090652 -0.022118 0.306000 -0.337097 -0.490100 -0.803846 2.000000
-0.093325 -0.021188 0.303000 -0.450545 -0.526228 -0.721174 2.000000
-0.087338 -0.021468 0.307000 -0.433803 -0.527719 -0.730293 2.000000
-0.089580 -0.020273 0.300000 -0.428340 -0.655399 -0.622075 2.000000
-0.095463 -0.019763 0.303000 -0.162594 -0.787723 -0.594185 2.000000
-0.086589 -0.019372 0.297000 -0.365551 -0.785461 -0.499423 2.000000
-0.082821 -0.020155 0.309000 -0.184415 -0.723547 -0.665185 2.000000
-0.071714 -0.019698 0.302000 0.107389 -0.872274 -0.477079 2.000000
-0.087393 -0.018548 0.295000 -0.343379 -0.773494 -0.532727 2.000000
-0.070985 -0.018611 0.296000 -0.021606 -0.943566 -0.330480 2.000000
-0.064025 -0.018611 0.296000 -0.002336 -0.964555 -0.263870 2.000000
-0.057892 -0.019114 0.304000 -0.050597 -0.699643 -0.712699 2.000000
-0.086800 -0.017733 0.293000 -0.311793 -0.763530 -0.565515 2.000000
-0.080456 -0.017854 0.295000 -0.138620 -0.865778 -0.480846 2.000000
-0.060827 -0.017794 0.294000 0.162827 -0.955231 -0.247024 2.000000
-0.050744 -0.018399 0.304000 -0.073843 -0.389849 -0.917913 2.000000
-0.083577 -0.016812 0.289000 -0.314872 -0.699319 -0.641723 2.000000
-0.077047 -0.016870 0.290000 -0.245105 -0.803750 -0.542135 2.000000
-0.068827 -0.016695 0.287000 -0.062283 -0.900394 -0.430594 2.000000
-0.052369 -0.017277 0.297000 0.395419 -0.829722 -0.393961 2.000000
-0.088564 -0.016299 0.292000 -0.320480 -0.756606 -0.569948 2.000000
-0.080019 -0.015965 0.286000 -0.378179 -0.649537 -0.659608 2.000000
-0.071027 -0.015909 0.285000 -0.250532 -0.628993 -0.735935 2.000000
-0.063875 -0.015797 0.283000 -0.060570 -0.686343 -0.724751 2.000000
-0.058029 -0.016020 0.287000 0.286855 -0.844966 -0.451383 2.000000
-0.052174 -0.016299 0.292000 0.446185 -0.824927 -0.347009 2.000000
-0.046859 -0.016858 0.302000 0.232097 -0.520102 -0.821964 2.000000
-0.082998 -0.015346 0.287000 -0.317647 -0.682840 -0.657899 2.000000
-0.073334 -0.015025 0.281000 0.294495 0.457401 0.839081 2.000000
-0.066489 -0.014971 0.280000 -0.174574 -0.524611 -0.833251 2.000000
-0.060333 -0.015078 0.282000 0.265700 -0.525091 -0.808506 2.000000
-0.053604 -0.015239 0.285000 -0.532204 0.565329 0.630209 2.000000
-0.048548 -0.015773 0.295000 0.434550 -0.846547 -0.307448 2.000000
-0.086295 -0.014773 0.289000 -0.292409 -0.749611 -0.593785 2.000000
-0.077574 -0.014415 0.282000 0.373267 0.494047 0.785232 2.000000
-0.070280 -0.014415 0.282000 -0.171359 -0.470035 -0.865854 2.000000
-0.062972 -0.014262 0.279000 0.067575 0.279155 0.957865 2.000000
-0.056816 -0.014364 0.281000 -0.423420 0.512423 0.747087 2.000000
-0.051280 -0.014671 0.287000 -0.507594 0.707996 0.491008 2.000000
-0.046084 -0.015182 0.297000 0.383176 -0.874546 -0.297229 2.000000
-0.082998 -0.013996 0.287000 -0.316583 -0.669194 -0.672276 2.000000
-0.073732 -0.013654 0.280000 0.301093 0.405059 0.863290 2.000000
-0.067148 -0.013654 0.280000 -0.187433 -0.510406 -0.839258 2.000000
-0.060131 -0.013557 0.278000 -0.134128 0.323230 0.936767 2.000000
-0.054173 -0.013703 0.281000 -0.464710 0.492757 0.735687 2.000000
-0.048750 -0.014045 0.288000 -0.530503 0.709524 0.463834 2.000000
-0.087957 -0.013460 0.290000 -0.338116 -0.720273 -0.605709 2.000000
-0.079739 -0.013228 0.285000 -0.399041 -0.542668 -0.739106 2.000000
-0.072013 -0.013042 0.281000 -0.237462 -0.436536 -0.867783 2.000000
-0.064707 -0.012903 0.278000 0.123857 0.243410 0.961983 2.000000
-0.058380 -0.012950 0.279000 -0.328226 0.359355 0.873574 2.000000
-0.052562 -0.013135 0.283000 -0.488955 0.562756 0.666504 2.000000
-0.047043 -0.013460 0.290000 -0.527993 0.751900 0.394803 2.000000
-0.085319 -0.012690 0.288000 -0.253220 -0.688886 -0.679203 2.000000
-0.077183 -0.012470 0.283000 -0.373267 -0.494047 -0.785232 2.000000
-0.070031 -0.012382 0.281000 -0.185790 -0.462700 -0.866828 2.000000
-0.061869 -0.012205 0.277000 0.025823 0.260854 0.965033 2.000000
-0.055955 -0.012338 0.280000 -0.425600 0.335430 0.840447 2.000000
-0.050253 -0.012558 0.285000 -0.537853 0.596242 0.595994 2.000000
-0.045232 -0.013043 0.296000 0.449166 -0.829727 -0.331365 2.000000
-0.082324 -0.011971 0.287000 -0.334538 -0.618409 -0.711094 2.000000
-0.073732 -0.011679 0.280000 0.300112 0.436062 0.848400 2.000000
-0.066908 -0.011638 0.279000 0.164911 0.259951 0.951435 2.000000
-0.060131 -0.011596 0.278000 -0.181280 0.276438 0.943780 2.000000
-0.054366 -0.011763 0.282000 -0.476284 0.483672 0.734313 2.000000
-0.048581 -0.011971 0.287000 0.502227 -0.692664 -0.517673 2.000000
-0.043727 -0.012514 0.300000 0.473992 -0.819562 -0.321946 2.000000
-0.079069 -0.011218 0.285000 -0.398374 -0.543560 -0.738811 2.000000
-0.071352 -0.011060 0.281000 -0.162486 -0.346903 -0.923719 2.000000
-0.064284 -0.010982 0.279000 0.079392 0.270918 0.959323 2.000000
-0.057930 -0.011021 0.280000 -0.398274 0.276004 0.874757 2.000000
-0.052080 -0.011178 0.284000 -0.523786 0.555823 0.645530 2.000000
-0.046521 -0.011454 0.291000 0.491154 -0.777491 -0.392780 2.000000
-0.083382 -0.010585 0.286000 -0.261782 -0.655792 -0.708101 2.000000
-0.075317 -0.010400 0.281000 -0.289844 -0.435423 -0.852290 2.000000
-0.068465 -0.010363 0.280000 0.158826 0.202864 0.966240 2.000000
-0.061660 -0.010325 0.279000 -0.065195 0.188624 0.979883 2.000000
-0.055692 -0.010437 0.282000 -0.462591 0.366672 0.807193 2.000000
-0.049757 -0.010585 0.286000 0.515716 -0.610699 -0.600902 2.000000
-0.044386 -0.010918 0.295000 0.457241 -0.822825 -0.337476 2.000000
-0.072415 -0.009704 0.280000 -0.154506 -0.401824 -0.902588 2.000000
-0.065596 -0.009669 0.279000 0.152929 0.185738 0.970626 2.000000
-0.059036 -0.009669 0.279000 -0.219637 0.285787 0.932784 2.000000
-0.053227 -0.009808 0.283000 -0.485015 0.467972 0.738757 2.000000
-0.047396 -0.009981 0.288000 0.499841 -0.707551 -0.499530 2.000000
-0.066908 -0.009013 0.279000 0.191172 0.240077 0.951744 2.000000
-0.060348 -0.009013 0.279000 -0.133554 0.259807 0.956380 2.000000
-0.054366 -0.009110 0.282000 0.436153 -0.473454 -0.765253 2.000000
-0.048412 -0.009240 0.286000 0.446711 -0.642929 -0.622167 2.000000
-0.052376 -0.008447 0.282000 0.414114 -0.549350 -0.725757 2.000000
-0.045882 -0.008597 0.287000 0.358935 -0.797577 -0.484806 2.000000
-0.070087 -0.065468 0.271000 0.490424 -0.039838 0.870573 0.000000
-0.058817 -0.064985 0.269000 0.077667 -0.111434 0.990732 0.000000
-0.052687 -0.065227 0.270000 -0.023997 -0.073370 0.997016 0.000000
-0.082712 -0.066266 0.277000 -0.435031 0.474405 -0.765302 0.000000
-0.073440 -0.065549 0.274000 -0.544456 0.279403 -0.790886 0.000000
-0.066019 -0.064592 0.270000 0.252730 0.049575 0.966266 0.000000
-0.059450 -0.064353 0.269000 0.096499 -0.078731 0.992214 0.000000
-0.052927 -0.064113 0.268000 0.008042 0.045112 0.998950 0.000000
-0.047147 -0.064831 0.271000 -0.292151 0.044602 0.955332 0.000000
-0.079817 -0.065378 0.276000 -0.483187 0.460845 -0.744415 0.000000
-0.070725 -0.064194 0.271000 0.532036 -0.083966 0.842548 0.000000
-0.064115 -0.063957 0.270000 0.110420 0.013707 0.993791 0.000000
-0.057552 -0.063720 0.269000 0.091599 -0.087250 0.991966 0.000000
-0.050782 -0.063957 0.270000 -0.135881 -0.018415 0.990554 0.000000
-0.044434 -0.063957 0.270000 -0.390663 0.031914 0.919981 0.000000
-0.084621 -0.065433 0.279000 -0.441821 0.449259 -0.776506 0.000000
-0.077501 -0.064964 0.277000 -0.513961 0.406001 -0.755650 0.000000
-0.068176 -0.063557 0.271000 0.401718 0.009899 0.915710 0.000000
-0.060940 -0.063322 0.270000 0.100119 -0.050465 0.993695 0.000000
-0.053557 -0.062853 0.268000 0.028182 -0.012443 0.999525 0.000000
-0.047784 -0.063557 0.271000 -0.284050 0.067903 0.956402 0.000000
-0.039150 -0.064026 0.273000 0.238561 0.885351 -0.399053 0.000000
-0.081049 -0.064545 0.278000 -0.435774 0.465877 -0.770104 0.000000
-0.073708 -0.063848 0.275000 0.585999 -0.204082 0.784191 0.000000
-0.066019 -0.062687 0.270000 0.228695 -0.039508 0.972696 0.000000
-0.059671 -0.062687 0.270000 0.070848 -0.111138 0.991276 0.000000
-0.051859 -0.062455 0.269000 -0.049261 0.000115 0.998786 0.000000
-0.045069 -0.062687 0.270000 -0.321004 0.153826 0.934502 0.000000
-0.038508 -0.063384 0.273000 0.238561 0.885351 -0.399053 0.000000
-0.083309 -0.064121 0.279000 -0.430106 0.485309 -0.761238 0.000000
-0.076474 -0.063891 0.278000 -0.543584 0.382438 -0.747166 0.000000
-0.068176 -0.062282 0.271000 0.416236 -0.001788 0.909255 0.000000
-0.061575 -0.062052 0.270000 0.089271 0.039379 0.995229 0.000000
-0.054187 -0.061593 0.268000 0.075559 -0.086288 0.993401 0.000000
-0.047784 -0.062282 0.271000 -0.284050 0.067903 0.956402 0.000000
-0.041412 -0.062282 0.271000 0.472821 0.656666 -0.587563 0.000000
-0.088183 -0.064147 0.282000 -0.540883 0.299361 -0.786021 0.000000
-0.080974 -0.063692 0.280000 -0.438714 0.471176 -0.765195 0.000000
-0.073062 -0.062555 0.275000 0.597436 -0.186609 0.779902 0.000000
-0.065385 -0.061417 0.270000 0.139430 -0.031995 0.989715 0.000000
-0.059036 -0.061417 0.270000 0.023669 -0.145519 0.989072 0.000000
-0.052297 -0.060962 0.268000 0.022941 0.025961 0.999400 0.000000
-0.046338 -0.061417 0.270000 -0.315053 0.135012 0.939422 0.000000
-0.040434 -0.062100 0.273000 0.238561 0.885351 -0.399053 0.000000
-0.034139 -0.062327 0.274000 0.414293 0.827348 -0.379285 0.000000
-0.086549 -0.063259 0.281000 -0.477044 0.367732 -0.798250 0.000000
-0.078340 -0.063034 0.280000 -0.497551 0.398300 -0.770585 0.000000
-0.069450 -0.061008 0.271000 0.498722 -0.079199 0.863136 0.000000
-0.063078 -0.061008 0.271000 0.119349 0.067413 0.990561 0.000000
-0.056496 -0.060783 0.270000 0.066067 -0.185924 0.980340 0.000000
-0.049776 -0.060332 0.268000 -0.142209 0.079748 0.986619 0.000000
-0.043961 -0.061008 0.271000 -0.513722 -0.005897 0.857936 0.000000
-0.038005 -0.061683 0.274000 0.348524 0.796882 -0.493467 0.000000
-0.100572 -0.065717 0.295000 0.558906 0.300053 0.773041 0.000000
-0.091414 -0.064157 0.288000 0.665073 0.021881 0.746458 0.000000
-0.082585 -0.062598 0.281000 -0.423370 0.503504 -0.753155 0.000000
-0.073976 -0.061484 0.276000 0.609813 -0.193744 0.768499 0.000000
-0.066019 -0.060148 0.270000 0.233738 0.010294 0.972245 0.000000
-0.059671 -0.060148 0.270000 -0.081312 0.020507 0.996478 0.000000
-0.053124 -0.059925 0.269000 0.180308 -0.055470 0.982045 0.000000
-0.046167 -0.059925 0.269000 -0.323980 0.121403 0.938242 0.000000
-0.040730 -0.061261 0.275000 0.420130 0.699246 -0.578400 0.000000
-0.034513 -0.061707 0.277000 0.466115 0.819935 -0.332329 0.000000
-0.098825 -0.065244 0.296000 0.579242 0.252612 0.775026 0.000000
-0.087831 -0.062378 0.283000 -0.518623 0.291486 -0.803782 0.000000
-0.081176 -0.062378 0.283000 -0.423370 0.503504 -0.753155 0.000000
-0.072152 -0.060394 0.274000 0.615408 -0.122009 0.778708 0.000000
-0.064750 -0.059513 0.270000 0.172595 0.082575 0.981526 0.000000
-0.058617 -0.059733 0.271000 -0.073880 -0.050343 0.995996 0.000000
-0.051667 -0.059072 0.268000 0.068109 -0.007626 0.997649 0.000000
-0.044598 -0.059733 0.271000 -0.513722 -0.005897 0.857936 0.000000
-0.036335 -0.060835 0.276000 0.419048 0.855795 -0.303338 0.000000
-0.100217 -0.064548 0.296000 0.541425 0.305170 0.783409 0.000000
-0.090422 -0.062585 0.287000 0.617794 0.025968 0.785911 0.000000
-0.082507 -0.061713 0.283000 -0.388457 0.462832 -0.796798 0.000000
-0.073976 -0.060186 0.276000 0.639793 -0.174181 0.748549 0.000000
-0.066019 -0.058878 0.270000 0.270553 0.052278 0.961285 0.000000
-0.059671 -0.058878 0.270000 -0.108394 0.063600 0.992071 0.000000
-0.053322 -0.058878 0.270000 0.262738 -0.117009 0.957746 0.000000
-0.046510 -0.059096 0.271000 -0.398203 0.060144 0.915323 0.000000
-0.036599 -0.060622 0.278000 0.446116 0.839906 -0.309093 0.000000
-0.102651 -0.064067 0.297000 0.456447 0.345676 0.819856 0.000000
-0.093050 -0.062773 0.291000 0.675903 0.117605 0.727546 0.000000
-0.083542 -0.060832 0.282000 -0.354427 0.377841 -0.855346 0.000000
-0.075820 -0.059969 0.278000 0.642702 -0.235273 0.729096 0.000000
-0.067538 -0.058459 0.271000 0.393937 -0.021477 0.918886 0.000000
-0.060715 -0.058027 0.269000 -0.119790 0.186951 0.975038 0.000000
-0.054794 -0.058459 0.271000 0.099201 -0.129930 0.986548 0.000000
-0.046510 -0.058459 0.271000 -0.398203 0.060144 0.915323 0.000000
-0.040812 -0.060400 0.280000 0.466905 0.847148 -0.253655 0.000000
-0.033499 -0.061479 0.285000 0.462816 0.791385 -0.399390 0.000000
-0.104748 -0.063796 0.299000 0.444986 0.368884 0.816034 0.000000
-0.094057 -0.062302 0.292000 0.649150 0.161906 0.743230 0.000000
-0.084503 -0.060382 0.283000 -0.403934 0.315092 -0.858810 0.000000
-0.075820 -0.059315 0.278000 0.642702 -0.235273 0.729096 0.000000
-0.067538 -0.057821 0.271000 0.432162 0.035339 0.901103 0.000000
-0.060715 -0.057395 0.269000 -0.114625 0.217908 0.969215 0.000000
-0.054794 -0.057821 0.271000 0.168916 -0.089621 0.981548 0.000000
-0.046042 -0.058035 0.272000 -0.517533 -0.005592 0.855645 0.000000
-0.040958 -0.059955 0.281000 0.486002 0.818342 -0.306788 0.000000
-0.034962 -0.061022 0.286000 0.541340 0.692710 -0.476554 0.000000
-0.028730 -0.062089 0.291000 -0.643829 -0.438370 0.627149 0.000000
-0.099159 -0.062671 0.297000 0.537081 0.291484 0.791569 0.000000
-0.087781 -0.060138 0.285000 0.513521 -0.080977 0.854248 0.000000
-0.079281 -0.059294 0.281000 -0.544428 0.373123 -0.751251 0.000000
-0.070863 -0.057817 0.274000 0.616231 -0.022524 0.787243 0.000000
-0.063245 -0.056762 0.269000 0.177016 0.244788 0.953281 0.000000
-0.057343 -0.057184 0.271000 -0.119333 0.167704 0.978588 0.000000
-0.049590 -0.056340 0.267000 -0.051646 0.148827 0.987514 0.000000
-0.044603 -0.058872 0.279000 0.355743 0.843755 -0.401902 0.000000
-0.037652 -0.060349 0.286000 0.432513 0.781187 -0.450199 0.000000
-0.030099 -0.061405 0.291000 0.612583 0.447552 -0.651490 0.000000
-0.101595 -0.062181 0.298000 0.499934 0.292204 0.815281 0.000000
-0.090737 -0.060094 0.288000 0.628535 0.090337 0.772517 0.000000
-0.081842 -0.059051 0.283000 -0.367837 0.358425 -0.858037 0.000000
-0.073327 -0.057590 0.276000 0.665938 -0.110211 0.737821 0.000000
-0.065385 -0.056338 0.270000 0.247239 0.136318 0.959318 0.000000
-0.058817 -0.056130 0.269000 -0.190812 0.271256 0.943404 0.000000
-0.052687 -0.056338 0.270000 0.130345 0.033513 0.990902 0.000000
-0.045097 -0.058008 0.278000 -0.728444 -0.374122 0.573936 0.000000
-0.039133 -0.059886 0.287000 0.568263 0.547675 -0.614108 0.000000
-0.032041 -0.060512 0.290000 0.543775 0.412970 -0.730592 0.000000
-0.105099 -0.061893 0.300000 0.392436 0.339182 0.854956 0.000000
-0.095757 -0.060449 0.293000 0.624888 0.199636 0.754759 0.000000
-0.086441 -0.058798 0.285000 0.461031 -0.062319 0.885193 0.000000
-0.077405 -0.057560 0.279000 0.654477 -0.268736 0.706711 0.000000
-0.069067 -0.056116 0.272000 0.601120 0.044771 0.797904 0.000000
-0.061749 -0.055291 0.268000 0.029894 0.377878 0.925373 0.000000
-0.056275 -0.056116 0.272000 -0.113897 0.175093 0.977942 0.000000
-0.048516 -0.055291 0.268000 0.010940 0.183632 0.982934 0.000000
-0.044262 -0.057973 0.281000 0.484938 0.813061 -0.322128 0.000000
-0.038047 -0.059623 0.289000 0.555497 0.420134 -0.717573 0.000000
-0.031359 -0.059830 0.290000 0.543775 0.412970 -0.730592 0.000000
-0.104045 -0.060983 0.299000 0.392436 0.339182 0.854956 0.000000
-0.094419 -0.059352 0.291000 0.627704 0.204047 0.751234 0.000000
-0.085771 -0.058128 0.285000 -0.341806 0.157185 -0.926532 0.000000
-0.077405 -0.056904 0.279000 0.658336 -0.239822 0.713498 0.000000
-0.069067 -0.055477 0.272000 0.607486 0.040628 0.793291 0.000000
-0.061749 -0.054661 0.268000 -0.007994 0.491896 0.870617 0.000000
-0.056275 -0.055477 0.272000 -0.142043 0.239995 0.960326 0.000000
-0.049146 -0.054661 0.268000 0.049200 0.149710 0.987505 0.000000
-0.044262 -0.057312 0.281000 0.484938 0.813061 -0.322128 0.000000
-0.035573 -0.059352 0.291000 0.522438 0.376783 -0.764914 0.000000
-0.028730 -0.059352 0.291000 -0.686123 -0.393773 0.611701 0.000000
-0.101254 -0.059877 0.297000 0.499934 0.292204 0.815281 0.000000
-0.091414 -0.058063 0.288000 0.634948 0.172541 0.753041 0.000000
-0.083466 -0.057256 0.284000 -0.314024 0.135445 -0.939704 0.000000
-0.074896 -0.055845 0.277000 0.697819 -0.080014 0.711791 0.000000
-0.066901 -0.054635 0.271000 0.511754 0.115811 0.851290 0.000000
-0.059859 -0.054031 0.268000 -0.195643 0.501808 0.842563 0.000000
-0.054157 -0.054635 0.271000 0.092584 0.205319 0.974306 0.000000
-0.040085 -0.058264 0.289000 -0.620292 -0.310857 0.720143 0.000000
-0.032041 -0.058466 0.290000 0.522438 0.376783 -0.764914 0.000000
-0.026005 -0.060280 0.299000 -0.747361 -0.238322 0.620206 0.000000
-0.098158 -0.058581 0.294000 0.540215 0.266890 0.798084 0.000000
-0.088451 -0.056788 0.285000 0.434621 0.055958 0.898873 0.000000
-0.081176 -0.056389 0.283000 0.439910 -0.065081 0.895681 0.000000
-0.072415 -0.054795 0.275000 0.678695 -0.043684 0.733120 0.000000
-0.064510 -0.053600 0.269000 0.316788 0.309818 0.896470 0.000000
-0.057968 -0.053400 0.268000 -0.248330 0.499229 0.830122 0.000000
-0.051859 -0.053600 0.269000 0.162140 0.177748 0.970627 0.000000
-0.038860 -0.057784 0.290000 0.567924 0.322679 -0.757193 0.000000
-0.032041 -0.057784 0.290000 0.522438 0.376783 -0.764914 0.000000
-0.026092 -0.059777 0.300000 -0.777435 -0.244768 0.579382 0.000000
-0.098849 -0.057890 0.294000 0.530914 0.270585 0.803065 0.000000
-0.089121 -0.056118 0.285000 0.480029 0.266507 0.835791 0.000000
-0.082420 -0.056118 0.285000 -0.328266 0.262484 -0.907383 0.000000
-0.073327 -0.054345 0.276000 0.701974 -0.066851 0.709058 0.000000
-0.065142 -0.052967 0.269000 0.411777 0.302365 0.859660 0.000000
-0.058380 -0.052573 0.267000 -0.302455 0.481665 0.822508 0.000000
-0.052687 -0.053164 0.270000 0.141693 0.199573 0.969584 0.000000
-0.046338 -0.053164 0.270000 0.216091 0.324914 0.920725 0.000000
-0.032041 -0.057102 0.290000 0.522438 0.376783 -0.764914 0.000000
-0.107102 -0.056809 0.292000 -0.004908 0.493642 0.869652 0.000000
-0.097490 -0.056809 0.292000 0.591986 0.271671 0.758780 0.000000
-0.088141 -0.055253 0.284000 0.417873 0.275489 0.865730 0.000000
-0.082037 -0.055642 0.286000 -0.235041 0.246104 -0.940313 0.000000
-0.072415 -0.053502 0.275000 0.678695 -0.043684 0.733120 0.000000
-0.064270 -0.052140 0.268000 0.349176 0.356462 0.866609 0.000000
-0.057752 -0.051945 0.267000 -0.325703 0.434210 0.839868 0.000000
-0.051859 -0.052335 0.269000 0.115125 0.209360 0.971038 0.000000
-0.045534 -0.052335 0.269000 0.280116 0.361945 0.889118 0.000000
-0.034087 -0.056420 0.290000 0.505193 0.309763 -0.805498 0.000000
-0.027926 -0.057782 0.297000 -0.768603 -0.224707 0.598963 0.000000
-0.103349 -0.057084 0.297000 0.274179 0.361055 0.891328 0.000000
-0.093770 -0.055546 0.289000 0.642960 0.256024 0.721841 0.000000
-0.085169 -0.054393 0.283000 -0.161771 0.274633 0.947843 0.000000
-0.078514 -0.054393 0.283000 -0.544373 0.231361 -0.806306 0.000000
-0.068813 -0.052086 0.271000 0.638474 0.086279 0.764792 0.000000
-0.061289 -0.051125 0.266000 0.139651 0.335749 0.931542 0.000000
-0.055655 -0.051702 0.269000 -0.301485 0.390957 0.869632 0.000000
-0.049146 -0.051510 0.268000 0.350214 0.217842 0.910986 0.000000
-0.040023 -0.051125 0.266000 -0.218238 0.187968 0.957622 0.000000
-0.034087 -0.055738 0.290000 -0.541449 -0.211317 0.813743 0.000000
-0.028114 -0.057468 0.299000 -0.777435 -0.244768 0.579382 0.000000
-0.103349 -0.056385 0.297000 0.255727 0.413058 0.874063 0.000000
-0.093446 -0.054677 0.288000 0.631796 0.260082 0.730199 0.000000
-0.084868 -0.053538 0.282000 -0.236613 0.304557 0.922637 0.000000
-0.076365 -0.053158 0.280000 0.645649 -0.082232 0.759193 0.000000
-0.067040 -0.051070 0.269000 0.604538 0.127147 0.786363 0.000000
-0.059812 -0.050310 0.265000 -0.163176 0.241398 0.956609 0.000000
-0.054389 -0.051070 0.269000 -0.164504 0.327465 0.930433 0.000000
-0.047707 -0.050690 0.267000 0.338521 0.160731 0.927129 0.000000
-0.040963 -0.050120 0.264000 0.214428 -0.203307 0.955347 0.000000
-0.036133 -0.055056 0.290000 -0.544098 -0.164443 0.822749 0.000000
-0.029819 -0.056006 0.295000 -0.768603 -0.224707 0.598963 0.000000
-0.105099 -0.055874 0.298000 0.111858 0.407009 0.906549 0.000000
-0.095458 -0.054374 0.290000 0.634352 0.265711 0.725944 0.000000
-0.085583 -0.052499 0.280000 -0.053949 0.368499 0.928061 0.000000
-0.078674 -0.053624 0.286000 -0.521226 0.221729 -0.824112 0.000000
-0.067924 -0.050624 0.270000 0.621627 0.121035 0.773906 0.000000
-0.060207 -0.049500 0.264000 -0.035735 0.107456 0.993567 0.000000
-0.054817 -0.050250 0.268000 -0.265362 0.139000 0.954076 0.000000
-0.048335 -0.050062 0.267000 0.347509 0.148528 0.925839 0.000000
-0.041584 -0.049500 0.264000 0.156020 -0.236881 0.958929 0.000000
-0.037367 -0.054187 0.289000 -0.562981 -0.141221 0.814315 0.000000
-0.031101 -0.055124 0.294000 -0.730943 -0.212952 0.648362 0.000000
-0.107145 -0.054433 0.294000 0.229411 -0.448539 -0.863819 0.000000
-0.100232 -0.054433 0.294000 0.430346 0.311585 0.847182 0.000000
-0.089827 -0.052397 0.283000 0.570680 0.311175 0.759931 0.000000
-0.083466 -0.052582 0.284000 -0.454507 0.304254 0.837169 0.000000
-0.070346 -0.050360 0.272000 0.685913 0.064886 0.724785 0.000000
-0.062069 -0.048879 0.264000 0.274644 0.091734 0.957160 0.000000
-0.056285 -0.049249 0.266000 -0.414048 0.084556 0.906319 0.000000
-0.050406 -0.049619 0.268000 0.237347 0.263676 0.934955 0.000000
-0.043446 -0.048879 0.264000 0.159233 -0.083560 0.983698 0.000000
-0.038324 -0.052952 0.286000 -0.794514 0.119985 0.595274 0.000000
-0.032373 -0.054248 0.293000 -0.703265 -0.094274 0.704650 0.000000
-0.109162 -0.053376 0.292000 0.336769 -0.416905 -0.844261 0.000000
-0.102653 -0.053925 0.295000 0.154437 0.401706 0.902652 0.000000
-0.093121 -0.052462 0.287000 0.607684 0.225867 0.761383 0.000000
-0.084266 -0.051183 0.280000 -0.214375 0.275099 0.937211 0.000000
-0.072152 -0.050086 0.274000 0.697037 0.048254 0.715410 0.000000
-0.063551 -0.048441 0.265000 0.359956 0.047538 0.931757 0.000000
-0.057319 -0.048441 0.265000 -0.387079 -0.110484 0.915403 0.000000
-0.051667 -0.048989 0.268000 0.147749 0.158942 0.976170 0.000000
-0.044857 -0.048441 0.265000 0.257827 -0.029108 0.965753 0.000000
-0.038421 -0.050634 0.277000 -0.897026 0.319103 0.305807 0.000000
-0.033635 -0.053376 0.292000 -0.657141 0.007775 0.753727 0.000000
-0.109473 -0.052509 0.291000 0.342267 -0.406000 -0.847359 0.000000
-0.104393 -0.053411 0.296000 -0.032952 0.429785 0.902330 0.000000
-0.095129 -0.052148 0.289000 0.635312 0.226952 0.738154 0.000000
-0.085277 -0.050344 0.279000 -0.371847 0.259838 0.891187 0.000000
-0.082817 -0.053411 0.296000 -0.372083 0.440743 -0.816884 0.000000
-0.064416 -0.047998 0.266000 0.408513 -0.054233 0.911140 0.000000
-0.057943 -0.047818 0.265000 -0.373778 -0.142231 0.916548 0.000000
-0.052492 -0.048539 0.269000 0.033720 0.137721 0.989897 0.000000
-0.045309 -0.047637 0.264000 0.225749 -0.159695 0.961007 0.000000
-0.039249 -0.047818 0.265000 -0.164663 -0.394010 0.904236 0.000000
-0.034322 -0.052690 0.292000 -0.730512 0.025124 0.682438 0.000000
-0.110460 -0.051647 0.290000 0.369903 -0.359279 -0.856791 0.000000
-0.105785 -0.052715 0.296000 0.251715 -0.412361 -0.875556 0.000000
-0.097156 -0.051825 0.291000 0.560928 0.231903 0.794720 0.000000
-0.086900 -0.049866 0.280000 0.246650 0.164835 0.954983 0.000000
-0.082610 -0.051291 0.288000 0.699769 -0.467257 -0.540365 0.000000
-0.066161 -0.047729 0.268000 0.587138 -0.012842 0.809385 0.000000
-0.059189 -0.047195 0.265000 -0.309214 -0.208787 0.927790 0.000000
-0.053757 -0.047907 0.269000 -0.143274 -0.023807 0.989397 0.000000
-0.046726 -0.047195 0.265000 0.338923 -0.064338 0.938612 0.000000
-0.040342 -0.047016 0.264000 0.051173 -0.422250 0.905034 0.000000
-0.036257 -0.051825 0.291000 -0.698486 0.076229 0.711552 0.000000
-0.030122 -0.053072 0.298000 -0.806722 -0.162488 0.568153 0.000000
-0.107469 -0.051492 0.293000 0.328172 -0.419574 -0.846322 0.000000
-0.100580 -0.051492 0.293000 0.457907 0.284068 0.842393 0.000000
-0.090492 -0.049735 0.283000 0.620299 0.223327 0.751900 0.000000
-0.083542 -0.049559 0.282000 0.538334 -0.280292 -0.794754 0.000000
-0.069321 -0.047977 0.273000 0.691039 0.070178 0.719403 0.000000
-0.061058 -0.046571 0.265000 -0.001625 -0.275864 0.961195 0.000000
-0.055448 -0.047099 0.268000 -0.309417 -0.123218 0.942910 0.000000
-0.048779 -0.046747 0.266000 0.310749 -0.189029 0.931506 0.000000
-0.042205 -0.046396 0.264000 -0.005971 -0.459113 0.888358 0.000000
-0.037361 -0.048153 0.274000 -0.889250 -0.131494 0.438114 0.000000
-0.032483 -0.051668 0.294000 -0.830072 -0.065552 0.553791 0.000000
-0.109473 -0.050456 0.291000 0.333784 -0.328595 -0.883523 0.000000
-0.104041 -0.051150 0.295000 0.241962 -0.451244 -0.858972 0.000000
-0.094800 -0.049936 0.288000 0.615181 0.180407 0.767467 0.000000
-0.085277 -0.048376 0.279000 -0.044198 0.174738 0.983623 0.000000
-0.081538 -0.050110 0.289000 -0.646614 0.530445 0.548196 0.000000
-0.065530 -0.046468 0.268000 0.519356 -0.083427 0.850476 0.000000
-0.058787 -0.046122 0.266000 -0.238492 -0.362470 0.900965 0.000000
-0.053124 -0.046642 0.269000 0.091099 -0.047855 0.994691 0.000000
-0.046103 -0.045948 0.265000 0.158722 -0.409778 0.898270 0.000000
-0.039872 -0.045948 0.265000 -0.060234 -0.516399 0.854227 0.000000
-0.034204 -0.050456 0.291000 -0.795730 0.068453 0.601770 0.000000
-0.109473 -0.049772 0.291000 0.394536 -0.294300 -0.870476 0.000000
-0.103688 -0.050285 0.294000 0.147942 -0.488381 -0.859999 0.000000
-0.094800 -0.049259 0.288000 0.612059 0.176002 0.770978 0.000000
-0.085277 -0.047720 0.279000 -0.044198 0.174738 0.983623 0.000000
-0.080974 -0.049088 0.287000 0.503432 -0.292299 -0.813091 0.000000
-0.069321 -0.046693 0.273000 0.694848 0.049547 0.717448 0.000000
-0.060663 -0.045496 0.266000 -0.018928 -0.477267 0.878554 0.000000
-0.054817 -0.045838 0.268000 -0.167460 -0.140071 0.975878 0.000000
-0.048154 -0.045496 0.266000 0.337551 -0.234452 0.911642 0.000000
-0.041899 -0.045496 0.266000 -0.112045 -0.540111 0.834102 0.000000
-0.035883 -0.049259 0.288000 -0.799236 0.174486 0.575132 0.000000
-0.110157 -0.049088 0.291000 0.430303 -0.257087 -0.865301 0.000000
-0.104379 -0.049594 0.294000 0.293576 -0.342988 -0.892285 0.000000
-0.095809 -0.048751 0.289000 0.608983 0.183131 0.771753 0.000000
-0.085933 -0.047064 0.279000 -0.044198 0.174738 0.983623 0.000000
-0.081080 -0.048076 0.285000 0.577927 -0.348715 -0.737833 0.000000
-0.071380 -0.046558 0.276000 0.739102 0.112728 0.664094 0.000000
-0.062775 -0.045039 0.267000 0.098864 -0.437921 0.893561 0.000000
-0.056708 -0.045208 0.268000 -0.246699 -0.359094 0.900106 0.000000
-0.050218 -0.045039 0.267000 0.230552 -0.158016 0.960144 0.000000
-0.043775 -0.044871 0.266000 -0.079242 -0.580313 0.810529 0.000000
-0.037803 -0.045208 0.268000 -0.654345 -0.430568 0.621646 0.000000
-0.031206 -0.049763 0.295000 -0.846064 -0.015932 0.532844 0.000000
-0.105729 -0.048570 0.292000 0.377979 -0.335045 -0.863062 0.000000
-0.098186 -0.048237 0.290000 0.540402 0.188466 0.820028 0.000000
-0.088531 -0.046740 0.281000 0.488413 0.086380 0.868327 0.000000
-0.082507 -0.047073 0.283000 -0.541116 0.490194 0.683303 0.000000
-0.075853 -0.047073 0.283000 0.442958 0.466767 0.765452 0.000000
-0.064270 -0.044578 0.268000 0.188390 -0.470068 0.862291 0.000000
-0.057752 -0.044412 0.267000 -0.207671 -0.439890 0.873710 0.000000
-0.051667 -0.044578 0.268000 0.118937 -0.152021 0.981195 0.000000
-0.045196 -0.044412 0.267000 0.019095 0.618118 -0.785854 0.000000
-0.039063 -0.044578 0.268000 -0.592950 -0.481114 0.645709 0.000000
-0.033852 -0.047905 0.288000 -0.878040 0.060074 0.474802 0.000000
-0.109096 -0.047555 0.290000 0.380624 -0.264401 -0.886125 0.000000
-0.102983 -0.047883 0.292000 0.080587 -0.368460 -0.926144 0.000000
-0.094800 -0.047227 0.288000 0.640454 0.230587 0.732563 0.000000
-0.085277 -0.045752 0.279000 0.084143 0.098217 0.991601 0.000000
-0.080127 -0.046572 0.284000 -0.263582 0.509130 0.819336 0.000000
-0.069067 -0.044604 0.272000 0.634982 -0.090394 0.767220 0.000000
-0.061519 -0.043784 0.267000 0.045734 -0.496333 0.866927 0.000000
-0.055655 -0.044112 0.269000 -0.157108 -0.385664 0.909165 0.000000
-0.048963 -0.043784 0.267000 0.216676 -0.257278 0.941732 0.000000
-0.042844 -0.043948 0.268000 0.087205 0.627353 -0.773837 0.000000
-0.036716 -0.044932 0.274000 -0.791535 -0.436860 0.427348 0.000000
-0.032152 -0.047719 0.291000 -0.871821 0.093825 0.480754 0.000000
-0.107051 -0.046874 0.290000 0.316999 -0.216033 -0.923494 0.000000
-0.100923 -0.047197 0.292000 0.292790 0.363331 0.884457 0.000000
-0.091802 -0.046065 0.285000 0.622696 0.113102 0.774246 0.000000
-0.083906 -0.045419 0.281000 -0.118407 0.201476 0.972310 0.000000
-0.077574 -0.045580 0.282000 0.197975 0.413220 0.888851 0.000000
-0.067040 -0.043479 0.269000 0.448881 -0.222259 0.865510 0.000000
-0.060489 -0.043318 0.268000 -0.060401 -0.477154 0.876741 0.000000
-0.054389 -0.043479 0.269000 0.049282 -0.182430 0.981983 0.000000
-0.047707 -0.043156 0.267000 -0.009306 -0.492973 0.869995 0.000000
-0.041739 -0.043479 0.269000 0.223160 0.723095 -0.653707 0.000000
-0.036467 -0.044772 0.277000 -0.793682 -0.474666 0.380475 0.000000
-0.031576 -0.047197 0.292000 -0.899431 0.044269 0.434816 0.000000
-0.107051 -0.046192 0.290000 0.316714 -0.163245 -0.934368 0.000000
-0.100923 -0.046510 0.292000 0.285175 0.287758 0.914260 0.000000
-0.091802 -0.045395 0.285000 0.618775 0.113222 0.777366 0.000000
-0.083906 -0.044758 0.281000 0.009093 0.101233 0.994821 0.000000
-0.077024 -0.044599 0.280000 0.334567 0.411915 0.847580 0.000000
-0.067672 -0.042847 0.269000 0.423577 -0.227482 0.876832 0.000000
-0.061119 -0.042687 0.268000 -0.008456 -0.497435 0.867460 0.000000
-0.055022 -0.042847 0.269000 -0.010381 -0.223934 0.974549 0.000000
-0.048516 -0.042687 0.268000 0.013571 -0.492841 0.870014 0.000000
-0.042371 -0.042847 0.269000 0.130754 0.718064 -0.683584 0.000000
-0.036716 -0.043643 0.274000 -0.776539 -0.464883 0.425290 0.000000
-0.031931 -0.046032 0.289000 -0.905795 0.076420 0.416768 0.000000
-0.107733 -0.045510 0.290000 0.284027 -0.138211 -0.948803 0.000000
-0.101610 -0.045824 0.292000 0.144153 0.199248 0.969288 0.000000
-0.092797 -0.044882 0.286000 0.620505 0.142398 0.771166 0.000000
-0.084266 -0.043940 0.280000 0.160892 0.101781 0.981710 0.000000
-0.077405 -0.043783 0.279000 0.336607 0.439120 0.832989 0.000000
-0.067672 -0.042214 0.269000 0.423577 -0.227482 0.876832 0.000000
-0.061119 -0.042057 0.268000 -0.031338 -0.494701 0.868498 0.000000
-0.055022 -0.042214 0.269000 -0.000179 -0.272958 0.962026 0.000000
-0.047886 -0.042057 0.268000 -0.131530 -0.578440 0.805051 0.000000
-0.041739 -0.042214 0.269000 0.216267 0.732583 -0.645408 0.000000
-0.036335 -0.043313 0.276000 -0.769848 -0.503263 0.392506 0.000000
-0.031467 -0.045667 0.291000 -0.935257 0.028696 0.352804 0.000000
-0.107051 -0.044828 0.290000 0.283607 -0.135381 -0.949336 0.000000
-0.100923 -0.045137 0.292000 0.231094 0.268328 0.935198 0.000000
-0.091802 -0.044055 0.285000 0.622016 0.156054 0.767296 0.000000
-0.083906 -0.043437 0.281000 0.126083 0.248058 0.960505 0.000000
-0.076474 -0.042973 0.278000 0.370931 0.405697 0.835356 0.000000
-0.067672 -0.041582 0.269000 0.320859 -0.306792 0.896063 0.000000
-0.061347 -0.041582 0.269000 0.001886 -0.472843 0.881145 0.000000
-0.055022 -0.041582 0.269000 0.015933 -0.298976 0.954128 0.000000
-0.047255 -0.041427 0.268000 -0.109713 -0.568013 0.815674 0.000000
-0.041106 -0.041582 0.269000 -0.311088 -0.743926 0.591438 0.000000
-0.035816 -0.042818 0.277000 -0.790663 -0.514346 0.332114 0.000000
-0.031312 -0.045755 0.296000 -0.915308 -0.040271 0.400736 0.000000
-0.106002 -0.043994 0.289000 0.138645 -0.180646 -0.973727 0.000000
-0.100236 -0.044450 0.292000 0.231094 0.268328 0.935198 0.000000
-0.090492 -0.043080 0.283000 0.540816 0.104928 0.834571 0.000000
-0.082949 -0.042624 0.280000 0.110471 0.246872 0.962731 0.000000
-0.075547 -0.042167 0.277000 0.440668 0.339399 0.831036 0.000000
-0.067040 -0.040949 0.269000 0.178373 -0.386817 0.904741 0.000000
-0.060940 -0.041101 0.270000 -0.030688 -0.450941 0.892026 0.000000
-0.054389 -0.040949 0.269000 0.077722 -0.304659 0.949285 0.000000
-0.047432 -0.040949 0.269000 -0.132966 -0.620170 0.773117 0.000000
-0.041106 -0.040949 0.269000 -0.235508 -0.748593 0.619793 0.000000
-0.035816 -0.042167 0.277000 -0.790663 -0.514346 0.332114 0.000000
-0.031312 -0.045059 0.296000 -0.911103 -0.009653 0.412065 0.000000
-0.105687 -0.043464 0.290000 0.138645 -0.180646 -0.973727 0.000000
-0.098868 -0.043464 0.290000 0.422113 0.300311 0.855356 0.000000
-0.089510 -0.042265 0.282000 0.448177 0.209793 0.868979 0.000000
-0.082291 -0.041965 0.280000 0.070988 0.197974 0.977633 0.000000
-0.074625 -0.041366 0.276000 0.501103 0.178952 0.846683 0.000000
-0.066407 -0.040317 0.269000 0.152313 -0.413790 0.897540 0.000000
-0.060306 -0.040466 0.270000 -0.008401 -0.408762 0.912602 0.000000
-0.053757 -0.040317 0.269000 0.067132 -0.359573 0.930699 0.000000
-0.047608 -0.040466 0.270000 0.119515 0.647721 -0.752445 0.000000
-0.041259 -0.040466 0.270000 -0.316023 -0.744753 0.587768 0.000000
-0.035816 -0.041516 0.277000 -0.792883 -0.522741 0.313173 0.000000
-0.030926 -0.044813 0.299000 -0.901140 -0.128310 0.414104 0.000000
-0.105367 -0.042930 0.291000 0.136039 -0.211490 -0.967866 0.000000
-0.097847 -0.042635 0.289000 0.483027 0.255387 0.837534 0.000000
-0.088216 -0.041307 0.280000 0.373448 0.194123 0.907113 0.000000
-0.081341 -0.041159 0.279000 0.267631 0.209112 0.940556 0.000000
-0.073708 -0.040569 0.275000 0.515161 0.100227 0.851213 0.000000
-0.065775 -0.039684 0.269000 0.145310 -0.427567 0.892228 0.000000
-0.059671 -0.039832 0.270000 0.011130 -0.370086 0.928931 0.000000
-0.053124 -0.039684 0.269000 0.025765 -0.408265 0.912500 0.000000
-0.047147 -0.039979 0.271000 0.196424 0.734074 -0.650041 0.000000
-0.040775 -0.039979 0.271000 -0.408236 -0.738739 0.536291 0.000000
-0.035291 -0.041012 0.278000 -0.790256 -0.523189 0.319013 0.000000
-0.109778 -0.042100 0.290000 0.224120 -0.064319 -0.972437 0.000000
-0.103335 -0.042536 0.293000 -0.022976 -0.303561 -0.952535 0.000000
-0.093154 -0.041084 0.283000 0.561934 0.350408 0.749296 0.000000
-0.085277 -0.040503 0.279000 0.322707 -0.021678 0.946251 0.000000
-0.078152 -0.040213 0.277000 0.427132 0.200985 0.881569 0.000000
-0.070346 -0.039487 0.272000 0.426260 -0.315601 0.847761 0.000000
-0.063715 -0.039342 0.271000 0.056837 -0.451428 0.890496 0.000000
-0.057131 -0.039197 0.270000 0.021036 -0.299397 0.953897 0.000000
-0.050594 -0.039052 0.269000 -0.053849 -0.446700 0.893062 0.000000
-0.044598 -0.039342 0.271000 0.195369 0.763205 -0.615913 0.000000
-0.038508 -0.039632 0.273000 -0.582372 -0.698752 0.415437 0.000000
-0.032497 -0.041810 0.288000 -0.919237 -0.257891 0.297482 0.000000
-0.105402 -0.041847 0.293000 0.065401 -0.134282 -0.988783 0.000000
-0.094819 -0.040561 0.284000 0.686107 0.307606 0.659269 0.000000
-0.086900 -0.039990 0.280000 0.241247 0.078066 0.967319 0.000000
-0.079455 -0.039562 0.277000 0.412627 0.110944 0.904119 0.000000
-0.072152 -0.039133 0.274000 0.572301 -0.096236 0.814377 0.000000
-0.064990 -0.038705 0.271000 0.085990 -0.426621 0.900334 0.000000
-0.058401 -0.038562 0.270000 0.017834 -0.286370 0.957953 0.000000
-0.051859 -0.038419 0.269000 -0.012970 -0.441684 0.897077 0.000000
-0.046042 -0.038847 0.272000 0.216940 0.785773 -0.579221 0.000000
-0.039938 -0.039133 0.274000 -0.517101 -0.740744 0.428842 0.000000
-0.034595 -0.040419 0.283000 -0.840738 -0.494479 0.220570 0.000000
-0.107051 -0.040736 0.290000 -0.031911 -0.078897 -0.996372 0.000000
-0.097845 -0.040315 0.287000 0.539954 0.240630 0.806565 0.000000
-0.089192 -0.039472 0.281000 0.474073 0.399024 0.784879 0.000000
-0.081703 -0.039051 0.278000 0.305419 0.107710 0.946107 0.000000
-0.064590 -0.038208 0.272000 0.088052 -0.398907 0.912754 0.000000
-0.057980 -0.038067 0.271000 0.010453 -0.312995 0.949697 0.000000
-0.051417 -0.037927 0.270000 -0.165926 -0.504718 0.847189 0.000000
-0.045569 -0.038348 0.273000 0.250844 0.811804 -0.527306 0.000000
-0.039580 -0.038770 0.276000 -0.543074 -0.751166 0.375262 0.000000
-0.034289 -0.040175 0.286000 -0.876417 -0.430223 0.216334 0.000000
-0.107733 -0.040054 0.290000 0.054115 -0.105835 -0.992910 0.000000
-0.096155 -0.039226 0.284000 0.630200 0.367862 0.683758 0.000000
-0.088531 -0.038811 0.281000 0.301395 -0.209318 0.930240 0.000000
-0.081049 -0.038397 0.278000 0.391424 0.029625 0.919733 0.000000
-0.050970 -0.037430 0.271000 -0.228517 -0.567819 0.790798 0.000000
-0.045092 -0.037845 0.274000 0.294764 0.802428 -0.518868 0.000000
-0.039213 -0.038397 0.278000 -0.564293 -0.715294 0.412222 0.000000
-0.033969 -0.039916 0.289000 -0.862785 -0.383478 0.329464 0.000000
-0.106091 -0.039780 0.293000 -0.049612 -0.160502 -0.985788 0.000000
-0.093483 -0.038015 0.280000 0.548463 0.409876 0.728828 0.000000
-0.087831 -0.038422 0.283000 -0.272796 0.362918 -0.890996 0.000000
-0.049421 -0.037065 0.273000 -0.440370 -0.623971 0.645550 0.000000
-0.043474 -0.037472 0.276000 -0.397888 -0.764358 0.507387 0.000000
-0.037788 -0.038286 0.282000 -0.681014 -0.675498 0.282706 0.000000
-0.032262 -0.039644 0.292000 -0.805920 -0.424398 0.412770 0.000000
-0.101946 -0.038824 0.291000 0.209046 0.202339 0.956744 0.000000
-0.091508 -0.037357 0.280000 0.193185 0.034096 -0.980570 0.000000
-0.047843 -0.036689 0.275000 -0.456687 -0.632574 0.625530 0.000000
-0.041979 -0.037223 0.279000 -0.456013 -0.755602 0.470232 0.000000
-0.036561 -0.038424 0.288000 -0.777654 -0.550725 0.303243 0.000000
-0.030513 -0.039358 0.295000 -0.771406 -0.463481 0.436026 0.000000
-0.096481 -0.037091 0.283000 0.572464 0.455910 0.681491 0.000000
-0.045586 -0.036305 0.277000 -0.491663 -0.680547 0.543252 0.000000
-0.039919 -0.037091 0.283000 -0.616155 -0.721533 0.315822 0.000000
-0.034440 -0.038402 0.293000 -0.801456 -0.463705 0.377686 0.000000
-0.028114 -0.039188 0.299000 -0.742912 -0.472147 0.474509 0.000000
-0.093483 -0.036040 0.280000 0.646132 0.495565 0.580455 0.000000
-0.039392 -0.036555 0.284000 -0.645175 -0.697849 0.311055 0.000000
-0.033981 -0.037970 0.295000 -0.731040 -0.565815 0.381357 0.000000
-0.027503 -0.038614 0.300000 -0.638538 -0.386704 0.665379 0.000000
-0.094142 -0.035381 0.280000 0.689188 0.477900 0.544638 0.000000
-0.037626 -0.036771 0.291000 -0.647621 -0.714718 0.264131 0.000000
-0.031418 -0.037529 0.297000 -0.732845 -0.526229 0.431302 0.000000
-0.101572 -0.035715 0.288000 0.413462 0.204243 0.887318 0.000000
-0.093812 -0.035343 0.285000 0.587051 0.799904 0.124593 0.000000
-0.032925 -0.036955 0.298000 -0.705857 -0.582506 0.403054 0.000000
-0.026005 -0.037079 0.299000 0.402401 0.332060 -0.853118 0.000000
-0.094800 -0.034065 0.280000 0.609024 0.456966 0.648284 0.000000
-0.033739 -0.036376 0.299000 -0.697878 -0.601236 0.389207 0.000000
-0.103963 -0.034480 0.289000 0.271063 0.224590 0.935994 0.000000
-0.094478 -0.033525 0.281000 0.609024 0.456966 0.648284 0.000000
-0.031735 -0.035792 0.300000 -0.629856 -0.445988 0.635906 0.000000
-0.100514 -0.033333 0.285000 0.612748 0.411158 0.674899 0.000000
-0.095129 -0.033800 0.289000 -0.036102 0.995707 -0.085229 0.000000
-0.107469 -0.033579 0.293000 0.134091 -0.152016 -0.979240 0.000000
-0.095774 -0.031975 0.279000 0.680888 0.365976 0.634392 0.000000
-0.033257 -0.034496 0.301000 0.542109 0.445033 -0.712785 0.000000
-0.097434 -0.031431 0.280000 0.665630 0.352790 0.657629 0.000000
-0.096366 -0.033339 0.297000 -0.120265 0.894655 -0.430266 0.000000
-0.101854 -0.031322 0.285000 0.621969 0.468311 0.627566 0.000000
-0.095153 -0.031322 0.285000 0.624225 0.741472 0.246093 0.000000
-0.104281 -0.030975 0.288000 0.609928 0.245824 0.753365 0.000000
-0.095150 -0.030437 0.283000 0.642876 0.415229 0.643658 0.000000
-0.103919 -0.030192 0.287000 0.603134 0.227130 0.764618 0.000000
-0.094814 -0.029666 0.282000 0.669566 0.362699 0.648175 0.000000
-0.103557 -0.029415 0.286000 0.640899 0.364998 0.675296 0.000000
-0.094800 -0.028797 0.280000 0.800407 0.320683 0.506470 0.000000
-0.084820 -0.031986 0.311000 -0.252976 0.734983 -0.629129 0.000000
-0.098398 -0.028039 0.279000 0.616412 0.262293 0.742454 0.000000
-0.096446 -0.029445 0.293000 0.357387 0.928004 -0.105278 0.000000
-0.106682 -0.028364 0.289000 0.637403 0.200090 0.744098 0.000000
-0.095739 -0.027186 0.277000 0.629447 0.252941 0.734722 0.000000
-0.097922 -0.029836 0.304000 0.918232 0.166362 0.359407 0.000000
-0.103865 -0.027301 0.285000 0.637731 0.286611 0.714950 0.000000
-0.095118 -0.026726 0.279000 0.646178 0.281264 0.709468 0.000000
-0.098080 -0.029600 0.309000 0.889511 0.388371 0.240704 0.000000
-0.100067 -0.026164 0.280000 0.617702 0.252003 0.744942 0.000000
-0.098750 -0.028033 0.300000 0.949812 0.220966 0.221431 0.000000
-0.104902 -0.026052 0.286000 0.701870 0.180691 0.689006 0.000000
-0.095774 -0.025414 0.279000 0.688374 0.211147 0.693944 0.000000
-0.099032 -0.028420 0.312000 -0.398011 -0.553616 -0.731503 0.000000
-0.104902 -0.025380 0.286000 0.719491 0.167949 0.673888 0.000000
-0.095774 -0.024758 0.279000 0.665633 0.203206 0.718081 0.000000
-0.099765 -0.027687 0.312000 -0.301048 -0.557574 -0.773616 0.000000
-0.106312 -0.024880 0.288000 0.832000 -0.034678 0.553691 0.000000
-0.096084 -0.024016 0.278000 0.645256 0.207355 0.735288 0.000000
-0.100499 -0.026953 0.312000 -0.301048 -0.557574 -0.773616 0.000000
-0.110601 -0.024707 0.294000 0.984988 -0.088298 -0.148329 0.000000
-0.098045 -0.023362 0.278000 0.635210 0.205697 0.744444 0.000000
-0.101054 -0.025799 0.307000 0.915101 0.082221 0.394754 0.000000
-0.025386 -0.025211 0.300000 0.232637 0.133537 -0.963352 0.000000
-0.105268 -0.023444 0.287000 0.819095 -0.158240 0.551402 0.000000
-0.096804 -0.023035 0.282000 0.701233 0.106497 0.704933 0.000000
-0.099032 -0.025486 0.312000 -0.301048 -0.557574 -0.773616 0.000000
-0.022790 -0.024751 0.303000 0.305835 0.167541 -0.937227 0.000000
-0.098045 -0.022055 0.278000 0.701233 0.106497 0.704933 0.000000
-0.101640 -0.024673 0.311000 -0.424851 -0.541501 -0.725451 0.000000
-0.023976 -0.023800 0.300000 -0.421466 -0.052412 0.905328 0.000000
-0.099409 -0.021555 0.280000 0.692726 0.047193 0.719655 0.000000
-0.101712 -0.023788 0.309000 -0.424851 -0.541501 -0.725451 0.000000
-0.108476 -0.021792 0.292000 0.987909 -0.144091 -0.057220 0.000000
-0.096738 -0.020747 0.278000 0.744329 0.118454 0.657223 0.000000
-0.025386 -0.022389 0.300000 -0.530434 0.023311 0.847406 0.000000
-0.101805 -0.020455 0.283000 0.756223 -0.162502 0.633813 0.000000
-0.102108 -0.022262 0.308000 0.908299 0.283846 0.307287 0.000000
-0.022790 -0.021901 0.303000 -0.563023 -0.068124 0.823629 0.000000
-0.098398 -0.019510 0.279000 0.693187 -0.169945 0.700436 0.000000
-0.100259 -0.021608 0.309000 -0.536644 -0.442983 -0.718178 0.000000
-0.107789 -0.019733 0.292000 0.919143 -0.355092 0.170547 0.000000
-0.101875 -0.020476 0.303000 0.628920 0.564039 0.535088 0.000000
-0.025471 -0.020341 0.301000 -0.710837 0.013655 0.703224 0.000000
-0.099409 -0.018263 0.280000 0.619412 -0.352580 0.701439 0.000000
-0.100659 -0.020089 0.308000 -0.129871 -0.696930 -0.705282 0.000000
-0.066251 -0.019763 0.303000 0.018922 -0.981517 -0.190435 0.000000
-0.025471 -0.019633 0.301000 -0.708920 -0.028305 0.704720 0.000000
-0.098092 -0.017605 0.280000 0.594937 -0.438703 0.673491 0.000000
-0.100332 -0.019302 0.307000 -0.485635 -0.575321 -0.658153 0.000000
-0.023581 -0.019114 0.304000 -0.888715 -0.151572 0.432679 0.000000
-0.100232 -0.017794 0.294000 0.684367 -0.707896 -0.174711 0.000000
-0.095858 -0.018278 0.302000 -0.168200 -0.823040 -0.542507 0.000000
-0.099493 -0.016521 0.284000 0.682781 -0.521132 0.512086 0.000000
-0.097922 -0.017684 0.304000 -0.184918 -0.783053 -0.593830 0.000000
-0.023736 -0.017800 0.306000 -0.898837 -0.305060 0.314691 0.000000
-0.100781 -0.016969 0.304000 0.516331 0.639367 0.569748 0.000000
-0.027333 -0.017081 0.306000 -0.839707 -0.430902 0.330479 0.000000
-0.099540 -0.015399 0.288000 0.699558 -0.625235 0.345978 0.000000
-0.097278 -0.016148 0.302000 -0.349696 -0.739092 -0.575722 0.000000
-0.024455 -0.016361 0.306000 -0.881773 -0.394234 0.258952 0.000000
-0.099521 -0.015131 0.296000 -0.299299 -0.835003 -0.461725 0.000000
-0.092561 -0.015131 0.296000 -0.230321 -0.843761 -0.484789 0.000000
-0.102926 -0.014045 0.288000 0.724935 -0.571064 0.385169 0.000000
-0.098792 -0.014532 0.298000 0.449383 0.783390 0.429366 0.000000
-0.090245 -0.014288 0.293000 -0.334421 -0.740960 -0.582358 0.000000
-0.099886 -0.013414 0.289000 0.711111 -0.694022 0.112497 0.000000
-0.095667 -0.013785 0.297000 -0.349635 -0.807572 -0.474955 0.000000
-0.027155 -0.014110 0.304000 -0.853605 -0.405236 0.327325 0.000000
-0.097135 -0.012910 0.293000 -0.207720 -0.805496 -0.555004 0.000000
-0.089937 -0.012866 0.292000 -0.338023 -0.720974 -0.604927 0.000000
-0.101610 -0.012180 0.292000 0.752446 -0.236739 0.614638 0.000000
-0.094743 -0.012180 0.292000 -0.263678 -0.641893 -0.720033 0.000000
-0.086674 -0.012013 0.288000 -0.268990 -0.689738 -0.672239 0.000000
-0.101957 -0.011533 0.293000 0.832252 -0.160069 0.530787 0.000000
-0.094095 -0.011414 0.290000 -0.264809 -0.610143 -0.746727 0.000000
-0.086674 -0.011336 0.288000 -0.268990 -0.689738 -0.672239 0.000000
-0.025586 -0.012241 0.311000 -0.897333 -0.376826 0.229774 0.000000
-0.094800 -0.010659 0.288000 -0.094351 -0.334741 -0.937575 0.000000
-0.087722 -0.010622 0.287000 -0.305677 -0.688610 -0.657555 0.000000
-0.027503 -0.011103 0.300000 -0.862619 -0.384616 0.328570 0.000000
-0.102653 -0.010224 0.295000 0.857644 0.059043 0.510842 0.000000
-0.093121 -0.009947 0.287000 -0.343813 -0.531613 -0.774068 0.000000
-0.085771 -0.009877 0.285000 -0.169593 -0.712520 -0.680847 0.000000
-0.078792 -0.009843 0.284000 -0.355480 -0.505118 -0.786441 0.000000
-0.029422 -0.010328 0.298000 -0.854115 -0.330128 0.401873 0.000000
-0.104398 -0.009627 0.298000 0.897554 0.168075 0.407612 0.000000
-0.092797 -0.009240 0.286000 0.387403 0.560530 0.731933 0.000000
-0.085470 -0.009175 0.284000 -0.150992 -0.673271 -0.723814 0.000000
-0.078514 -0.009143 0.283000 -0.323475 -0.499431 -0.803700 0.000000
-0.071098 -0.009046 0.280000 -0.073824 -0.386880 -0.919170 0.000000
-0.039798 -0.009595 0.297000 0.506315 -0.773917 -0.380392 0.000000
-0.032815 -0.009595 0.297000 -0.757504 0.284721 0.587470 0.000000
-0.106157 -0.009016 0.301000 0.867976 0.295464 0.399147 0.000000
-0.094142 -0.008567 0.286000 0.450715 0.397399 0.799331 0.000000
-0.086194 -0.008447 0.282000 -0.156051 -0.621037 -0.768089 0.000000
-0.080127 -0.008507 0.284000 -0.258050 -0.554150 -0.791409 0.000000
-0.072415 -0.008387 0.280000 -0.135878 -0.482469 -0.865310 0.000000
-0.065596 -0.008357 0.279000 -0.147081 -0.255249 -0.955623 0.000000
-0.059036 -0.008357 0.279000 -0.261015 0.307056 0.915198 0.000000
-0.053039 -0.008447 0.282000 -0.476394 0.489375 0.730453 0.000000
-0.040501 -0.008747 0.292000 0.492872 -0.800987 -0.339848 0.000000
-0.033981 -0.008837 0.295000 -0.634777 0.479376 0.606017 0.000000
-0.025751 -0.009376 0.313000 -0.909151 -0.359715 0.209881 0.000000
-0.098525 -0.008033 0.291000 0.733658 0.069156 0.675991 0.000000
-0.088531 -0.007757 0.281000 0.347669 0.477275 0.807053 0.000000
-0.082215 -0.007784 0.282000 -0.090539 -0.535526 -0.839651 0.000000
-0.075049 -0.007729 0.280000 -0.310481 -0.507318 -0.803884 0.000000
-0.068220 -0.007701 0.279000 -0.076334 -0.478049 -0.875010 0.000000
-0.061660 -0.007701 0.279000 -0.014497 -0.284814 -0.958473 0.000000
-0.055297 -0.007729 0.280000 0.347579 -0.440720 -0.827620 0.000000
-0.049235 -0.007812 0.283000 0.354878 -0.703295 -0.615985 0.000000
-0.043333 -0.007950 0.288000 0.414637 -0.822888 -0.388499 0.000000
-0.036815 -0.008005 0.290000 -0.589911 0.644427 0.486538 0.000000
-0.030616 -0.008171 0.296000 -0.893748 -0.221182 0.390248 0.000000
-0.108285 -0.007702 0.305000 0.867565 0.236562 0.437457 0.000000
-0.095477 -0.007273 0.288000 0.410694 0.381093 0.828311 0.000000
-0.086241 -0.007071 0.280000 0.244054 0.430555 0.868942 0.000000
-0.080226 -0.007121 0.282000 -0.225901 -0.497740 -0.837391 0.000000
-0.072812 -0.007045 0.279000 -0.126505 -0.538323 -0.833189 0.000000
-0.066252 -0.007045 0.279000 -0.073756 -0.470758 -0.879174 0.000000
-0.059478 -0.007020 0.278000 0.054351 -0.521306 -0.851638 0.000000
-0.053322 -0.007071 0.280000 0.285006 -0.630974 -0.721556 0.000000
-0.047238 -0.007146 0.283000 0.288084 -0.777002 -0.559710 0.000000
-0.040871 -0.007197 0.285000 0.414024 -0.828858 -0.376270 0.000000
-0.034529 -0.007273 0.288000 -0.833699 0.428667 0.348125 0.000000
-0.029010 -0.007601 0.301000 -0.891509 -0.329587 0.310779 0.000000
-0.104045 -0.006847 0.299000 0.850313 0.149333 0.504647 0.000000
-0.092472 -0.006527 0.285000 0.546381 0.395728 0.738151 0.000000
-0.084266 -0.006412 0.280000 -0.123880 -0.391213 -0.911924 0.000000
-0.077682 -0.006412 0.280000 -0.337738 -0.545358 -0.767149 0.000000
-0.070844 -0.006389 0.279000 -0.046955 -0.573009 -0.818203 0.000000
-0.064284 -0.006389 0.279000 -0.074854 -0.436868 -0.896406 0.000000
-0.057517 -0.006366 0.278000 0.214714 -0.655464 -0.724061 0.000000
-0.051346 -0.006412 0.280000 0.325364 -0.692733 -0.643630 0.000000
-0.045082 -0.006458 0.282000 0.177703 -0.841465 -0.510253 0.000000
-0.038588 -0.006481 0.283000 -0.550768 0.722473 0.417957 0.000000
-0.032949 -0.006687 0.292000 -0.878778 -0.016932 0.476930 0.000000
-0.026740 -0.007237 0.316000 -0.941600 -0.288347 0.173912 0.000000
-0.098863 -0.006000 0.292000 0.777715 -0.024993 0.628120 0.000000
-0.088531 -0.005774 0.281000 0.373423 0.291495 0.880674 0.000000
-0.081632 -0.005754 0.280000 -0.145154 -0.319064 -0.936551 0.000000
-0.074244 -0.005692 0.277000 -0.308273 -0.636762 -0.706755 0.000000
-0.067976 -0.005713 0.278000 -0.047943 -0.594685 -0.802528 0.000000
-0.061218 -0.005692 0.277000 -0.056881 -0.606879 -0.792756 0.000000
-0.054902 -0.005713 0.278000 0.241607 -0.717386 -0.653439 0.000000
-0.048713 -0.005754 0.280000 0.159629 -0.806671 -0.569035 0.000000
-0.042129 -0.005754 0.280000 0.246489 -0.789872 -0.561556 0.000000
-0.035926 -0.005815 0.283000 -0.839560 0.340941 0.422963 0.000000
-0.031340 -0.006226 0.303000 -0.911121 -0.281986 0.300569 0.000000
-0.108640 -0.005569 0.306000 0.838309 0.066984 0.541064 0.000000
-0.095809 -0.005259 0.289000 0.652692 0.177916 0.736436 0.000000
-0.085933 -0.005077 0.279000 0.221006 0.157866 0.962411 0.000000
-0.079373 -0.005077 0.279000 -0.301657 -0.423584 -0.854154 0.000000
-0.072029 -0.005023 0.276000 -0.128804 -0.718527 -0.683468 0.000000
-0.065777 -0.005041 0.277000 -0.056443 -0.629654 -0.774822 0.000000
-0.058836 -0.005004 0.275000 0.039309 -0.726373 -0.686175 0.000000
-0.052941 -0.005059 0.278000 0.234968 -0.766956 -0.597134 0.000000
-0.046571 -0.005077 0.279000 0.112864 -0.743492 -0.659152 0.000000
-0.039867 -0.005059 0.278000 -0.495378 0.558238 0.665560 0.000000
-0.034769 -0.005277 0.290000 -0.928428 -0.025150 0.370661 0.000000
-0.029781 -0.005623 0.309000 -0.922748 -0.321772 0.212132 0.000000
-0.107568 -0.004833 0.305000 0.838309 0.066984 0.541064 0.000000
-0.094800 -0.004564 0.288000 0.707689 0.185077 0.681853 0.000000
-0.085583 -0.004437 0.280000 0.221006 0.157866 0.962411 0.000000
-0.078435 -0.004405 0.278000 0.356256 0.344861 0.868420 0.000000
-0.071122 -0.004358 0.275000 -0.090793 -0.758090 -0.645798 0.000000
-0.064891 -0.004374 0.276000 -0.078501 -0.689064 -0.720437 0.000000
-0.057766 -0.004326 0.273000 0.081623 -0.703445 -0.706048 0.000000
-0.052099 -0.004389 0.277000 0.200547 -0.780109 -0.592630 0.000000
-0.045750 -0.004405 0.278000 0.148825 -0.733615 -0.663069 0.000000
-0.039213 -0.004405 0.278000 -0.607498 0.329177 0.722902 0.000000
-0.034440 -0.004643 0.293000 -0.891424 -0.066426 0.448275 0.000000
-0.029336 -0.004944 0.312000 -0.940424 -0.291297 0.175356 0.000000
-0.104741 -0.004062 0.301000 0.849669 0.031426 0.526379 0.000000
-0.092797 -0.003860 0.286000 0.599128 0.297819 0.743202 0.000000
-0.084266 -0.003779 0.280000 0.200753 0.093050 0.975213 0.000000
-0.076572 -0.003725 0.276000 0.505149 0.517720 0.690500 0.000000
-0.069829 -0.003711 0.275000 -0.054289 -0.780744 -0.622488 0.000000
-0.063362 -0.003711 0.275000 -0.054654 -0.754006 -0.654590 0.000000
-0.056482 -0.003684 0.273000 0.108427 -0.664596 -0.739294 0.000000
-0.050613 -0.003725 0.276000 0.156222 -0.765812 -0.623800 0.000000
-0.044123 -0.003725 0.276000 -0.346512 0.487035 0.801702 0.000000
-0.038042 -0.003765 0.279000 -0.761932 0.136421 0.633127 0.000000
-0.033513 -0.004008 0.297000 -0.888948 -0.222963 0.400073 0.000000
-0.028316 -0.004278 0.317000 -0.959073 -0.205913 0.194367 0.000000
-0.101953 -0.003310 0.297000 0.810274 0.033260 0.585107 0.000000
-0.090492 -0.003154 0.283000 0.504562 0.206016 0.838436 0.000000
-0.083245 -0.003131 0.281000 0.129832 0.076116 0.988610 0.000000
-0.074729 -0.003053 0.274000 -0.454385 -0.586358 -0.670611 0.000000
-0.068286 -0.003053 0.274000 0.000096 -0.809684 -0.586866 0.000000
-0.062069 -0.003064 0.275000 -0.060164 -0.731567 -0.679110 0.000000
-0.055198 -0.003042 0.273000 0.118374 -0.647568 -0.752757 0.000000
-0.049315 -0.003076 0.276000 0.184012 -0.731543 -0.656494 0.000000
-0.042825 -0.003076 0.276000 -0.353109 0.451242 0.819570 0.000000
-0.037125 -0.003142 0.282000 -0.877733 -0.002544 0.479143 0.000000
-0.032765 -0.003377 0.303000 -0.933414 -0.236103 0.270173 0.000000
-0.114057 -0.002770 0.315000 0.828470 0.010485 0.559935 0.000000
-0.097840 -0.002559 0.291000 0.764242 0.073963 0.640674 0.000000
-0.087871 -0.002471 0.281000 0.350325 0.106885 0.930510 0.000000
-0.081263 -0.002471 0.281000 0.274645 0.051748 0.960152 0.000000
-0.072265 -0.002391 0.272000 -0.237662 -0.727722 -0.643380 0.000000
-0.066111 -0.002400 0.273000 0.018347 -0.822031 -0.569147 0.000000
-0.059692 -0.002400 0.273000 0.070755 -0.660096 -0.747842 0.000000
-0.053468 -0.002409 0.274000 0.116141 -0.666685 -0.736235 0.000000
-0.047196 -0.002418 0.275000 0.249596 -0.684687 -0.684767 0.000000
-0.040730 -0.002418 0.275000 -0.607373 0.032615 0.793747 0.000000
-0.036008 -0.002541 0.289000 -0.926324 -0.173039 0.334636 0.000000
-0.031234 -0.002717 0.309000 -0.946859 -0.244209 0.209331 0.000000
-0.109705 -0.001990 0.309000 0.839060 -0.060145 0.540703 0.000000
-0.095146 -0.001849 0.287000 0.739351 0.124458 0.661718 0.000000
-0.086549 -0.001810 0.281000 0.121898 0.096747 0.987816 0.000000
-0.079373 -0.001797 0.279000 0.389802 -0.031779 0.920350 0.000000
-0.070725 -0.001745 0.271000 -0.198516 -0.732136 -0.651590 0.000000
-0.064590 -0.001752 0.272000 0.117230 -0.738506 -0.663977 0.000000
-0.058194 -0.001752 0.272000 0.122953 -0.575809 -0.808286 0.000000
-0.052179 -0.001765 0.274000 0.168961 -0.702505 -0.691332 0.000000
-0.045903 -0.001771 0.275000 0.280241 -0.578177 -0.766275 0.000000
-0.039580 -0.001778 0.276000 -0.646910 0.016953 0.762378 0.000000
-0.035248 -0.001894 0.294000 -0.937389 -0.144885 0.316716 0.000000
-0.030263 -0.002022 0.314000 -0.972766 -0.140672 0.184223 0.000000
-0.107201 -0.001251 0.306000 0.839518 -0.080874 0.537279 0.000000
-0.092148 -0.001161 0.284000 0.555910 0.245528 0.794153 0.000000
-0.084567 -0.001149 0.281000 0.123405 0.020678 0.992141 0.000000
-0.076572 -0.001129 0.276000 0.628171 0.348616 0.695607 0.000000
-0.068305 -0.001100 0.269000 0.004967 -0.698116 -0.715968 0.000000
-0.062441 -0.001108 0.271000 0.132305 -0.634961 -0.761131 0.000000
-0.056275 -0.001112 0.272000 -0.145138 0.419099 0.896265 0.000000
-0.050246 -0.001120 0.274000 0.200631 -0.666792 -0.717729 0.000000
-0.043963 -0.001125 0.275000 -0.448713 0.378977 0.809341 0.000000
-0.038315 -0.001149 0.281000 -0.886495 -0.115397 0.448118 0.000000
-0.033513 -0.001215 0.297000 -0.907131 -0.260966 0.330166 0.000000
-0.115527 -0.000551 0.317000 0.833001 -0.021547 0.552852 0.000000
-0.100572 -0.000513 0.295000 0.818896 -0.087433 0.567243 0.000000
-0.089510 -0.000490 0.282000 0.342406 0.282421 0.896101 0.000000
-0.082585 -0.000488 0.281000 0.156838 -0.051405 0.986286 0.000000
-0.073273 -0.000471 0.271000 0.576040 0.428402 0.696167 0.000000
-0.066407 -0.000468 0.269000 0.058828 -0.633737 -0.771309 0.000000
-0.060529 -0.000471 0.271000 0.143789 -0.510348 -0.847862 0.000000
-0.054356 -0.000473 0.272000 -0.052715 0.458880 0.886933 0.000000
-0.048137 -0.000474 0.273000 0.291668 -0.590851 -0.752213 0.000000
-0.042176 -0.000480 0.276000 -0.622612 -0.058995 0.780304 0.000000
-0.036979 -0.000497 0.286000 -0.902290 -0.260787 0.343311 0.000000
-0.032158 -0.000528 0.304000 -0.920658 -0.270282 0.281669 0.000000
-0.110415 0.000191 0.311000 0.832687 -0.040176 0.552285 0.000000
-0.093483 0.000174 0.284000 0.603355 0.237110 0.761407 0.000000
-0.085888 0.000172 0.281000 0.111324 0.085081 0.990135 0.000000
-0.078717 0.000171 0.279000 0.452938 0.051187 0.890072 0.000000
-0.069053 0.000164 0.267000 0.048619 0.538922 0.840951 0.000000
-0.063245 0.000165 0.269000 -0.407592 0.391154 0.825147 0.000000
-0.057343 0.000166 0.271000 -0.141936 0.377999 0.914861 0.000000
-0.051159 0.000167 0.272000 0.166518 -0.567573 -0.806308 0.000000
-0.045092 0.000168 0.274000 -0.384751 0.421976 0.820916 0.000000
-0.039495 0.000172 0.280000 -0.790826 -0.189032 0.582118 0.000000
-0.034440 0.000180 0.293000 -0.906292 -0.273181 0.322501 0.000000
-0.115527 0.000940 0.317000 0.831894 -0.011181 0.554822 0.000000
-0.100913 0.000878 0.296000 0.826908 -0.061525 0.558961 0.000000
-0.089192 0.000833 0.281000 0.243519 0.192012 0.950700 0.000000
-0.082585 0.000833 0.281000 0.027786 0.018148 0.999449 0.000000
-0.073003 0.000800 0.270000 0.612467 0.368265 0.699475 0.000000
-0.066161 0.000795 0.268000 0.131080 -0.561360 -0.817125 0.000000
-0.060306 0.000800 0.270000 -0.233870 0.255595 0.938070 0.000000
-0.054157 0.000803 0.271000 0.030884 0.366784 0.929793 0.000000
-0.047784 0.000803 0.271000 -0.334280 0.514768 0.789475 0.000000
-0.042329 0.000821 0.277000 -0.622612 -0.058995 0.780304 0.000000
-0.037238 0.000854 0.288000 -0.902361 -0.286978 0.321542 0.000000
-0.032158 0.000901 0.304000 -0.924680 -0.252092 0.285337 0.000000
-0.111861 0.001664 0.313000 0.833001 -0.021547 0.552852 0.000000
-0.093820 0.001504 0.283000 0.661607 0.153387 0.733995 0.000000
-0.086241 0.001489 0.280000 0.028331 -0.191313 -0.981120 0.000000
-0.079373 0.001483 0.279000 0.447777 0.088355 0.889769 0.000000
-0.069420 0.001414 0.266000 0.158972 0.293138 0.942761 0.000000
-0.063640 0.001425 0.268000 -0.437907 0.225027 0.870402 0.000000
-0.057980 0.001441 0.271000 -0.233042 0.129152 0.963852 0.000000
-0.051417 0.001435 0.270000 -0.065235 0.299780 0.951775 0.000000
-0.045569 0.001451 0.273000 -0.508367 0.317856 0.800332 0.000000
-0.040154 0.001489 0.280000 -0.796359 -0.321450 0.512329 0.000000
-0.035129 0.001558 0.293000 -0.902341 -0.312874 0.296464 0.000000
-0.030456 0.001680 0.316000 -0.976213 -0.043969 0.212307 0.000000
-0.106133 0.002339 0.305000 0.843973 -0.035285 0.535224 0.000000
-0.089533 0.002147 0.280000 -0.197369 -0.394798 -0.897318 0.000000
-0.083245 0.002155 0.281000 -0.017221 -0.207621 -0.978058 0.000000
-0.073638 0.002070 0.270000 0.686716 0.194648 0.700381 0.000000
-0.066292 0.002040 0.266000 -0.121191 0.260636 0.957800 0.000000
-0.060489 0.002055 0.268000 -0.309899 0.178381 0.933886 0.000000
-0.054592 0.002070 0.270000 0.013086 0.238758 0.970991 0.000000
-0.048243 0.002070 0.270000 -0.256585 0.492935 0.831372 0.000000
-0.042980 0.002124 0.277000 -0.724947 -0.211380 0.655568 0.000000
-0.037915 0.002208 0.288000 -0.901283 -0.294134 0.318081 0.000000
-0.032549 0.002308 0.301000 -0.922650 -0.194977 0.332716 0.000000
-0.113316 0.003156 0.315000 0.831894 -0.011181 0.554822 0.000000
-0.093488 0.002825 0.282000 0.661181 0.111037 0.741964 0.000000
-0.086241 0.002805 0.280000 0.087756 -0.294526 -0.951606 0.000000
-0.079657 0.002805 0.280000 0.369732 0.138764 0.918718 0.000000
-0.069420 0.002665 0.266000 0.312354 -0.011888 0.949891 0.000000
-0.063402 0.002675 0.267000 -0.479304 -0.061763 0.875473 0.000000
-0.057980 0.002715 0.271000 -0.268900 -0.106788 0.957230 0.000000
-0.051036 0.002685 0.268000 -0.051505 0.239220 0.969598 0.000000
-0.045736 0.002745 0.274000 -0.655774 0.059454 0.752613 0.000000
-0.040297 0.002815 0.281000 -0.796359 -0.321450 0.512329 0.000000
-0.035248 0.002946 0.294000 -0.888198 -0.324030 0.325743 0.000000
-0.030648 0.003186 0.318000 -0.976300 0.031770 0.214076 0.000000
-0.104379 0.003736 0.302000 0.844128 -0.029569 0.535326 0.000000
-0.088557 0.003451 0.279000 -0.173329 -0.377971 -0.909448 0.000000
-0.082879 0.003488 0.282000 0.018529 -0.217440 -0.975898 0.000000
-0.072462 0.003315 0.268000 0.589245 -0.174011 0.788993 0.000000
-0.065667 0.003291 0.266000 -0.408667 -0.209765 0.888251 0.000000
-0.060529 0.003352 0.271000 -0.203663 -0.279187 0.938390 0.000000
-0.053957 0.003340 0.270000 0.029449 0.165526 0.985766 0.000000
-0.047608 0.003340 0.270000 -0.376533 0.191728 0.906346 0.000000
-0.042635 0.003451 0.279000 -0.669058 -0.265287 0.694251 0.000000
-0.037755 0.003612 0.292000 -0.912893 -0.316455 0.257840 0.000000
-0.032264 0.003773 0.305000 -0.920557 -0.123246 0.370656 0.000000
-0.110770 0.004593 0.312000 0.823735 0.001967 0.566971 0.000000
-0.093820 0.004166 0.283000 0.705940 0.031379 0.707576 0.000000
-0.085933 0.004107 0.279000 0.109041 -0.296600 -0.948756 0.000000
-0.079657 0.004122 0.280000 0.334858 0.149449 0.930341 0.000000
-0.068169 0.003916 0.266000 0.142035 -0.205883 0.968214 0.000000
-0.062612 0.003960 0.269000 -0.491407 -0.290898 0.820913 0.000000
-0.056915 0.004004 0.272000 0.005007 -0.259681 0.965681 0.000000
-0.049776 0.003945 0.268000 -0.061932 0.058344 0.996374 0.000000
-0.044772 0.004063 0.276000 -0.755912 -0.213297 0.618951 0.000000
-0.039947 0.004240 0.288000 -0.874739 -0.335001 0.350151 0.000000
-0.034211 0.004372 0.297000 -0.906309 -0.221675 0.359811 0.000000
-0.029611 0.004755 0.323000 -0.979529 0.032372 0.198685 0.000000
-0.097168 0.004934 0.289000 0.805728 -0.085498 0.586082 0.000000
-0.086933 0.004746 0.278000 0.147411 -0.291345 -0.945192 0.000000
-0.081552 0.004815 0.282000 0.067877 -0.189205 -0.979589 0.000000
-0.069053 0.004559 0.267000 0.142035 -0.205883 0.968214 0.000000
-0.063245 0.004593 0.269000 -0.500400 -0.277604 0.820083 0.000000
-0.055431 0.004627 0.271000 0.280113 -0.077581 0.956827 0.000000
-0.047147 0.004627 0.271000 -0.471032 -0.045623 0.880935 0.000000
-0.042129 0.004780 0.280000 -0.761979 -0.455815 0.460022 0.000000
-0.037576 0.005054 0.296000 -0.893658 -0.255418 0.368967 0.000000
-0.031857 0.005259 0.308000 -0.911555 0.052226 0.407848 0.000000
-0.106133 0.005924 0.305000 0.843183 0.001979 0.537623 0.000000
-0.090525 0.005419 0.279000 0.469989 0.042440 0.881651 0.000000
-0.084266 0.005439 0.280000 0.138283 -0.259853 -0.955696 0.000000
-0.074823 0.005283 0.272000 0.674527 -0.079955 0.733907 0.000000
-0.067169 0.005186 0.267000 -0.129127 -0.291875 0.947700 0.000000
-0.062259 0.005303 0.273000 -0.390376 -0.541908 0.744273 0.000000
-0.055636 0.005283 0.272000 0.358972 -0.092193 0.928784 0.000000
-0.047147 0.005264 0.271000 -0.463095 -0.057157 0.884464 0.000000
-0.042279 0.005458 0.281000 -0.786941 -0.476962 0.391449 0.000000
-0.037830 0.005789 0.298000 -0.899649 -0.156612 0.407559 0.000000
-0.031961 0.006002 0.309000 -0.916432 0.118844 0.382138 0.000000
-0.105785 0.006620 0.304000 0.843183 0.001979 0.537623 0.000000
-0.090525 0.006075 0.279000 0.515109 -0.077568 0.853607 0.000000
-0.083965 0.006075 0.279000 0.115571 -0.216241 -0.969476 0.000000
-0.076017 0.005967 0.274000 0.744385 0.004755 0.667734 0.000000
-0.067797 0.005814 0.267000 -0.129127 -0.291875 0.947700 0.000000
-0.062901 0.005945 0.273000 -0.495334 -0.512659 0.701303 0.000000
-0.056482 0.005945 0.273000 0.415686 -0.050464 0.908107 0.000000
-0.047321 0.005923 0.272000 -0.553845 -0.213576 0.804762 0.000000
-0.040906 0.006315 0.290000 -0.876593 -0.366439 0.311941 0.000000
-0.035262 0.006533 0.300000 -0.920917 -0.127878 0.368185 0.000000
-0.030089 0.006968 0.320000 -0.975722 0.072641 0.206616 0.000000
-0.097840 0.007021 0.291000 0.817195 -0.091990 0.568973 0.000000
-0.086620 0.006683 0.277000 0.174326 -0.271588 -0.946494 0.000000
-0.080974 0.006756 0.280000 -0.100974 -0.220272 -0.970198 0.000000
-0.071733 0.006514 0.270000 0.483635 -0.361972 0.796915 0.000000
-0.064900 0.006466 0.268000 -0.434886 -0.370445 0.820759 0.000000
-0.060566 0.006683 0.277000 0.139707 -0.197722 0.970252 0.000000
-0.047495 0.006587 0.273000 -0.664875 -0.235904 0.708724 0.000000
-0.038789 0.007238 0.300000 -0.904574 -0.131905 0.405398 0.000000
-0.031857 0.007431 0.308000 -0.892471 0.166028 0.419440 0.000000
-0.105785 0.008050 0.304000 0.843183 0.001979 0.537623 0.000000
-0.089869 0.007388 0.279000 0.499926 -0.152628 0.852513 0.000000
-0.083010 0.007361 0.278000 0.062858 -0.214318 -0.974739 0.000000
-0.075648 0.007282 0.275000 0.725164 -0.011463 0.688480 0.000000
-0.067421 0.007096 0.268000 -0.267044 -0.364276 0.892183 0.000000
-0.062944 0.007308 0.276000 -0.413579 -0.255263 0.873953 0.000000
-0.055840 0.007229 0.273000 0.308051 -0.008979 0.951327 0.000000
-0.036795 0.007970 0.301000 -0.899987 0.023407 0.435289 0.000000
-0.030902 0.008288 0.313000 -0.941924 0.180498 0.283195 0.000000
-0.101595 0.008591 0.298000 0.805015 -0.011317 0.593147 0.000000
-0.085968 0.007986 0.277000 -0.114604 0.079333 0.990238 0.000000
-0.080029 0.008044 0.279000 -0.235644 -0.283084 -0.929697 0.000000
-0.070725 0.007813 0.271000 0.447990 -0.398489 0.800320 0.000000
-0.064590 0.007842 0.272000 -0.642958 -0.176324 0.745329 0.000000
-0.058836 0.007928 0.275000 0.378806 0.044756 0.924393 0.000000
-0.037628 0.008707 0.302000 -0.898152 0.083255 0.431731 0.000000
-0.031234 0.008909 0.309000 -0.906498 0.186065 0.379001 0.000000
-0.105785 0.009479 0.304000 0.837324 0.015082 0.546499 0.000000
-0.089213 0.008700 0.279000 0.465485 -0.232526 0.853964 0.000000
-0.082357 0.008668 0.278000 0.142412 0.133198 0.980804 0.000000
-0.075547 0.008637 0.277000 0.615884 -0.066733 0.785006 0.000000
-0.067289 0.008419 0.270000 -0.201355 -0.476497 0.855808 0.000000
-0.062520 0.008637 0.277000 -0.231744 -0.211221 0.949569 0.000000
-0.054794 0.008450 0.271000 0.222218 -0.112665 0.968466 0.000000
-0.044763 0.008731 0.280000 -0.750578 -0.443475 0.489860 0.000000
-0.032765 0.009448 0.303000 -0.849882 0.162229 0.501380 0.000000
-0.112218 0.010529 0.314000 0.822869 0.007852 0.568177 0.000000
-0.097490 0.009792 0.292000 0.750502 -0.158112 0.641675 0.000000
-0.086279 0.009322 0.278000 0.108618 -0.145794 0.983334 0.000000
-0.080029 0.009356 0.279000 0.378798 0.147331 0.913677 0.000000
-0.072152 0.009188 0.274000 0.438703 -0.227019 0.869484 0.000000
-0.065229 0.009121 0.272000 -0.479580 -0.332810 0.811936 0.000000
-0.059482 0.009222 0.275000 0.322759 0.017408 0.946321 0.000000
-0.048191 0.009289 0.277000 -0.722562 -0.416840 0.551496 0.000000
-0.036088 0.010093 0.301000 -0.885514 0.241651 0.396825 0.000000
-0.030070 0.010462 0.312000 -0.949897 0.174462 0.259342 0.000000
-0.105089 0.010837 0.302000 0.827912 0.016274 0.560622 0.000000
-0.092148 0.010191 0.284000 0.650608 -0.418306 0.633821 0.000000
-0.083965 0.010012 0.279000 0.158885 -0.222799 0.961830 0.000000
-0.077127 0.009976 0.278000 0.538495 0.085158 0.838314 0.000000
-0.068176 0.009725 0.271000 -0.047793 -0.499971 0.864722 0.000000
-0.062716 0.009868 0.275000 -0.456068 -0.063805 0.887655 0.000000
-0.055431 0.009725 0.271000 0.144377 -0.085353 0.985835 0.000000
-0.047238 0.010155 0.283000 -0.752353 -0.334519 0.567505 0.000000
-0.035262 0.010765 0.300000 -0.886340 0.267510 0.377943 0.000000
-0.029431 0.011232 0.313000 -0.940846 0.191649 0.279427 0.000000
-0.105089 0.011547 0.302000 0.819973 0.021391 0.572002 0.000000
-0.092472 0.010897 0.285000 0.666015 -0.423281 0.614212 0.000000
-0.083965 0.010668 0.279000 0.154889 -0.230973 0.960552 0.000000
-0.076850 0.010591 0.277000 0.538082 -0.164777 0.826630 0.000000
-0.068559 0.010324 0.270000 0.088896 -0.538490 0.837929 0.000000
-0.063132 0.010477 0.274000 -0.636794 -0.020320 0.770766 0.000000
-0.056068 0.010362 0.271000 0.129730 -0.023460 0.991272 0.000000
-0.049879 0.010400 0.272000 -0.350709 -0.313415 0.882482 0.000000
-0.040769 0.011432 0.299000 -0.852397 0.318613 0.414615 0.000000
-0.033852 0.011471 0.300000 -0.886340 0.267510 0.377943 0.000000
-0.027869 0.011930 0.312000 -0.929129 0.221914 0.295758 0.000000
-0.104741 0.012217 0.301000 0.813933 0.017566 0.580693 0.000000
-0.092797 0.011608 0.286000 0.632988 -0.419356 0.650743 0.000000
-0.083965 0.011324 0.279000 0.265546 -0.281455 0.922100 0.000000
-0.076295 0.011161 0.275000 0.558189 -0.263492 0.786763 0.000000
-0.068559 0.010959 0.270000 0.087316 -0.528298 0.844557 0.000000
-0.062901 0.011080 0.273000 -0.364991 0.237600 0.900182 0.000000
-0.055861 0.010959 0.270000 0.047523 -0.007409 0.998843 0.000000
-0.049879 0.011040 0.272000 -0.420788 -0.390973 0.818582 0.000000
-0.043857 0.011648 0.287000 -0.730585 -0.009681 0.682753 0.000000
-0.038402 0.012054 0.297000 -0.883295 0.333090 0.329911 0.000000
-0.032158 0.012338 0.304000 -0.849291 0.283338 0.445449 0.000000
-0.115162 0.013569 0.316000 0.819215 0.023036 0.573024 0.000000
-0.100913 0.012710 0.296000 0.775363 -0.046127 0.629829 0.000000
-0.089827 0.012152 0.283000 0.504767 -0.545261 0.669254 0.000000
-0.081997 0.011980 0.279000 0.520870 -0.183472 0.833686 0.000000
-0.073544 0.011679 0.272000 0.498885 -0.301108 0.812679 0.000000
-0.066407 0.011550 0.269000 -0.073938 -0.434128 0.897812 0.000000
-0.060752 0.011679 0.272000 0.044229 -0.323046 -0.945349 0.000000
-0.053757 0.011550 0.269000 0.121344 -0.197290 0.972806 0.000000
-0.048191 0.011894 0.277000 -0.743879 -0.443202 0.500215 0.000000
-0.037449 0.012667 0.295000 -0.876749 0.367213 0.310589 0.000000
-0.031547 0.013096 0.305000 -0.882340 0.235848 0.407249 0.000000
-0.114798 0.014266 0.315000 0.819215 0.023036 0.573024 0.000000
-0.100913 0.013406 0.296000 0.775363 -0.046127 0.629829 0.000000
-0.090144 0.012862 0.284000 0.516126 -0.533399 0.670149 0.000000
-0.081997 0.012636 0.279000 0.503623 -0.280963 0.816960 0.000000
-0.073544 0.012319 0.272000 0.458624 -0.285619 0.841478 0.000000
-0.066407 0.012183 0.269000 0.013517 -0.522300 0.852655 0.000000
-0.060529 0.012274 0.271000 -0.069740 -0.337361 -0.938788 0.000000
-0.053757 0.012183 0.269000 0.016455 -0.206308 0.978349 0.000000
-0.048191 0.012545 0.277000 -0.738038 -0.382532 0.555850 0.000000
-0.040224 0.013134 0.290000 0.634354 -0.592672 -0.496322 0.000000
-0.034211 0.013451 0.297000 -0.802006 0.429047 0.415578 0.000000
-0.028328 0.013995 0.309000 -0.895247 0.230977 0.381027 0.000000
-0.107920 0.014578 0.306000 0.817975 0.053702 0.572741 0.000000
-0.095787 0.013864 0.291000 0.666525 -0.301697 0.681706 0.000000
-0.085888 0.013387 0.281000 0.422117 -0.454554 0.784346 0.000000
-0.077306 0.013054 0.274000 0.537116 -0.286732 0.793279 0.000000
-0.070346 0.012958 0.272000 0.195705 -0.507004 0.839432 0.000000
-0.063480 0.012863 0.270000 -0.045424 -0.375904 0.925545 0.000000
-0.057131 0.012863 0.270000 0.012767 -0.203407 0.979011 0.000000
-0.050970 0.012911 0.271000 -0.420076 -0.392523 0.818207 0.000000
-0.046556 0.013673 0.287000 -0.588263 0.134619 0.797386 0.000000
-0.039406 0.013768 0.289000 0.616930 -0.503539 -0.604852 0.000000
-0.033626 0.014197 0.298000 -0.869044 0.357696 0.341785 0.000000
-0.027601 0.014721 0.309000 -0.908134 0.233035 0.347833 0.000000
-0.106150 0.015148 0.303000 0.810103 0.040382 0.584896 0.000000
-0.094776 0.014498 0.290000 0.638135 -0.318529 0.700944 0.000000
-0.085531 0.014098 0.282000 0.447891 -0.488969 0.748534 0.000000
-0.076662 0.013698 0.274000 0.533399 -0.276456 0.799411 0.000000
-0.069963 0.013648 0.273000 0.183583 -0.531254 0.827083 0.000000
-0.062441 0.013548 0.271000 -0.045722 -0.405559 0.912924 0.000000
-0.056068 0.013548 0.271000 -0.039889 -0.432682 0.900664 0.000000
-0.050063 0.013648 0.273000 -0.506644 -0.473224 0.720674 0.000000
-0.045882 0.014348 0.287000 0.375149 -0.545257 -0.749638 0.000000
-0.038997 0.014298 0.286000 0.616110 -0.590034 -0.521793 0.000000
-0.033400 0.014798 0.296000 -0.743108 0.496343 0.448815 0.000000
-0.027691 0.015498 0.310000 -0.908134 0.233035 0.347833 0.000000
-0.106150 0.015860 0.303000 0.799652 0.057198 0.597734 0.000000
-0.094776 0.015180 0.290000 0.639911 -0.283882 0.714091 0.000000
-0.086138 0.014866 0.284000 0.487092 -0.488751 0.723784 0.000000
-0.076662 0.014342 0.274000 0.489443 -0.321514 0.810601 0.000000
-0.070219 0.014342 0.274000 0.164433 -0.575451 0.801135 0.000000
-0.063078 0.014185 0.271000 0.001921 -0.399724 0.916633 0.000000
-0.056915 0.014238 0.272000 -0.042631 -0.568873 0.821320 0.000000
-0.050705 0.014290 0.273000 -0.512497 -0.464287 0.722346 0.000000
-0.046394 0.014970 0.286000 0.498454 -0.476943 -0.723926 0.000000
-0.039392 0.014866 0.284000 0.533177 -0.700659 -0.474130 0.000000
-0.033866 0.015389 0.294000 -0.784543 0.486710 0.384196 0.000000
-0.028420 0.016227 0.310000 -0.908134 0.233035 0.347833 0.000000
-0.103342 0.016354 0.299000 0.765737 0.002841 0.643147 0.000000
-0.093413 0.015862 0.290000 0.596146 -0.320218 0.736254 0.000000
-0.084802 0.015534 0.284000 0.517128 -0.455682 0.724522 0.000000
-0.075373 0.014987 0.274000 0.472961 -0.340196 0.812757 0.000000
-0.067642 0.014987 0.274000 0.141962 -0.551319 0.822128 0.000000
-0.060334 0.014932 0.273000 0.022514 -0.477268 0.878469 0.000000
-0.053914 0.014932 0.273000 -0.230405 -0.620180 0.749861 0.000000
-0.048539 0.015260 0.279000 -0.745979 -0.141289 0.650809 0.000000
-0.042580 0.015479 0.283000 0.209061 -0.706540 -0.676087 0.000000
-0.036307 0.015643 0.286000 0.570927 -0.706879 -0.417570 0.000000
-0.031340 0.016573 0.303000 -0.881214 0.297310 0.367517 0.000000
-0.107215 0.017342 0.304000 0.801129 0.068131 0.594601 0.000000
-0.095787 0.016601 0.291000 0.638808 -0.286190 0.714156 0.000000
-0.087417 0.016315 0.286000 0.521188 -0.469062 0.712982 0.000000
-0.078152 0.015802 0.277000 0.500517 -0.345729 0.793697 0.000000
-0.071639 0.015802 0.277000 0.315691 -0.488952 0.813182 0.000000
-0.063078 0.015460 0.271000 -0.093089 -0.269180 0.958580 0.000000
-0.056689 0.015631 0.274000 -0.016055 -0.654408 0.755971 0.000000
-0.050430 0.015688 0.275000 -0.512851 -0.517910 0.684655 0.000000
-0.045562 0.016258 0.285000 0.248674 -0.656953 -0.711740 0.000000
-0.038588 0.016144 0.283000 0.473284 -0.719259 -0.508595 0.000000
-0.033174 0.016772 0.294000 -0.817294 0.453204 0.355861 0.000000
-0.027780 0.017742 0.311000 -0.924882 0.207126 0.318892 0.000000
-0.097490 0.017344 0.292000 0.696827 -0.258216 0.669146 0.000000
-0.089382 0.017107 0.288000 0.547020 -0.471103 0.691977 0.000000
-0.080316 0.016632 0.280000 0.487695 -0.405908 0.772912 0.000000
-0.073205 0.016513 0.278000 0.323307 -0.500331 0.803207 0.000000
-0.065949 0.016335 0.275000 0.075860 -0.452097 0.888737 0.000000
-0.059050 0.016394 0.276000 -0.053662 -0.557579 0.828388 0.000000
-0.052369 0.016335 0.275000 -0.287634 -0.633956 0.717890 0.000000
-0.047572 0.016928 0.285000 0.251312 -0.567823 -0.783849 0.000000
-0.039253 0.016810 0.283000 0.301188 -0.788490 -0.536254 0.000000
-0.033635 0.017344 0.292000 0.744254 -0.549600 -0.379507 0.000000
-0.028511 0.018473 0.311000 -0.902358 0.258509 0.344853 0.000000
-0.096472 0.017969 0.291000 0.638808 -0.286190 0.714156 0.000000
-0.089013 0.017846 0.289000 0.549166 -0.431878 0.715470 0.000000
-0.079657 0.017290 0.280000 0.505652 -0.409715 0.759243 0.000000
-0.073073 0.017290 0.280000 0.268602 -0.498594 0.824171 0.000000
-0.063593 0.017043 0.276000 -0.040035 -0.527271 0.848753 0.000000
-0.055805 0.017043 0.276000 -0.046710 -0.653980 0.755069 0.000000
-0.049851 0.017228 0.279000 -0.718108 -0.219452 0.660425 0.000000
-0.044222 0.017599 0.285000 0.159662 -0.740776 -0.652502 0.000000
-0.037520 0.017599 0.285000 0.509552 -0.786229 -0.349572 0.000000
-0.032116 0.018340 0.297000 -0.855645 0.403086 0.324642 0.000000
-0.100572 0.018910 0.295000 0.739244 -0.142419 0.658206 0.000000
-0.092049 0.018589 0.290000 0.595189 -0.353747 0.721535 0.000000
-0.083760 0.018269 0.285000 0.522210 -0.453342 0.722342 0.000000
-0.075437 0.017884 0.279000 0.419778 -0.393677 0.817805 0.000000
-0.064474 0.017756 0.277000 -0.057052 -0.582265 0.810995 0.000000
-0.054704 0.017756 0.277000 -0.202823 -0.620424 0.757586 0.000000
-0.048398 0.018076 0.282000 0.486885 -0.437296 -0.756119 0.000000
-0.040584 0.018141 0.283000 0.213688 -0.815108 -0.538458 0.000000
-0.034769 0.018589 0.290000 0.656027 -0.610734 -0.443433 0.000000
-0.029685 0.019743 0.308000 -0.921333 0.213610 0.324832 0.000000
-0.092731 0.019271 0.290000 0.595189 -0.353747 0.721535 0.000000
-0.084430 0.018939 0.285000 0.547323 -0.431934 0.716848 0.000000
-0.076365 0.018607 0.280000 0.444785 -0.443930 0.777876 0.000000
-0.069781 0.018607 0.280000 0.129966 -0.724199 0.677233 0.000000
-0.057752 0.018341 0.276000 -0.097353 -0.663909 0.741449 0.000000
-0.050507 0.018540 0.279000 -0.347362 -0.531917 0.772272 0.000000
-0.041619 0.018673 0.281000 0.027682 -0.834646 -0.550091 0.000000
-0.035451 0.019271 0.290000 0.656027 -0.610734 -0.443433 0.000000
-0.030310 0.020401 0.307000 -0.922803 0.222357 0.314630 0.000000
-0.089747 0.019747 0.287000 0.519017 -0.468271 0.715083 0.000000
-0.081552 0.019403 0.282000 0.503935 -0.435403 0.745972 0.000000
-0.074390 0.019265 0.280000 0.287533 -0.447238 0.846937 0.000000
-0.064655 0.018921 0.275000 -0.145733 -0.693564 0.705501 0.000000
-0.058612 0.019059 0.277000 -0.104228 -0.736986 0.667823 0.000000
-0.048226 0.019334 0.281000 0.498057 -0.488942 -0.716153 0.000000
-0.041322 0.019196 0.279000 0.014772 -0.828764 -0.559403 0.000000
-0.036008 0.019884 0.289000 0.654065 -0.618554 -0.435419 0.000000
-0.030729 0.020916 0.304000 -0.927633 0.185131 0.324381 0.000000
-0.084802 0.020208 0.284000 0.526439 -0.460308 0.714827 0.000000
-0.076749 0.019852 0.279000 0.444785 -0.443930 0.777876 0.000000
-0.064420 0.019497 0.274000 -0.244814 -0.659389 0.710825 0.000000
-0.058612 0.019710 0.277000 -0.086539 -0.725563 0.682692 0.000000
-0.049672 0.019781 0.278000 -0.189486 -0.376990 0.906628 0.000000
-0.042482 0.019781 0.278000 0.053300 -0.799196 -0.598702 0.000000
-0.035573 0.020706 0.291000 0.656027 -0.610734 -0.443433 0.000000
-0.030606 0.022058 0.310000 -0.921333 0.213610 0.324832 0.000000
-0.078717 0.020508 0.279000 0.453290 -0.517122 0.726025 0.000000
-0.070988 0.020361 0.277000 0.335293 -0.535175 0.775349 0.000000
-0.060348 0.020508 0.279000 -0.005112 -0.767674 0.640820 0.000000
-0.053402 0.020361 0.277000 -0.158560 -0.576385 0.801648 0.000000
-0.047396 0.020582 0.280000 0.167255 -0.822542 -0.543553 0.000000
-0.040375 0.020361 0.277000 0.003222 -0.815896 -0.578189 0.000000
-0.034322 0.021464 0.292000 -0.830013 0.393053 0.395712 0.000000
-0.077781 0.021089 0.278000 0.447798 -0.491324 0.747046 0.000000
-0.070731 0.020937 0.276000 0.483961 0.024392 0.874750 0.000000
-0.063776 0.020785 0.274000 -0.209918 -0.828555 0.519067 0.000000
-0.058380 0.021164 0.279000 -0.092076 -0.683829 0.723809 0.000000
-0.051262 0.020937 0.276000 -0.010766 -0.512274 0.858755 0.000000
-0.045259 0.021164 0.279000 0.013995 -0.833379 -0.552525 0.000000
-0.035129 0.022226 0.293000 0.788425 -0.501452 -0.356275 0.000000
-0.071768 0.021508 0.275000 0.414220 -0.459825 0.785482 0.000000
-0.064352 0.021195 0.271000 -0.295780 -0.575579 0.762380 0.000000
-0.060547 0.022133 0.283000 -0.045792 -0.810022 0.584609 0.000000
-0.053131 0.021820 0.279000 -0.120310 -0.737463 0.664585 0.000000
-0.046571 0.021820 0.279000 0.130298 -0.852543 -0.506155 0.000000
-0.039293 0.021429 0.274000 0.267653 -0.706726 -0.654905 0.000000
-0.065530 0.021590 0.268000 -0.201811 -0.416649 0.886384 0.000000
-0.049494 0.022315 0.277000 0.031252 -0.582830 0.811993 0.000000
-0.042670 0.022154 0.275000 0.139897 -0.725729 -0.673607 0.000000
-0.067672 0.022303 0.269000 0.471706 -0.322220 0.820773 0.000000
-0.050507 0.023133 0.279000 0.116594 -0.794865 -0.595479 0.000000
-0.043317 0.022801 0.275000 0.156795 -0.810649 -0.564148 0.000000
-0.066161 0.022851 0.268000 -0.201811 -0.416649 0.886384 0.000000
-0.042023 0.023447 0.275000 0.101141 -0.816522 -0.568386 0.000000
