0.022264 -0.045140 0.364000 -0.710101 -0.679270 -0.185332 0.000000
-0.015357 -0.029441 0.242000 -0.282988 0.523339 -0.803762 0.000000
-0.015860 -0.028753 0.241000 -0.282988 0.523339 -0.803762 0.000000
-0.009627 -0.028753 0.241000 0.077500 0.537498 -0.839696 0.000000
0.004597 -0.029111 0.244000 -0.242964 0.574098 -0.781908 0.000000
0.011435 -0.028992 0.243000 0.096423 0.576471 -0.811408 0.000000
-0.017064 -0.028303 0.242000 -0.303640 0.517211 -0.800184 0.000000
-0.011233 -0.027953 0.239000 -0.193600 0.587330 -0.785851 0.000000
-0.001707 -0.028420 0.243000 0.279053 0.649757 -0.707069 0.000000
0.004023 -0.028537 0.244000 -0.247815 0.595895 -0.763870 0.000000
0.009721 -0.028420 0.243000 -0.011749 0.566933 -0.823680 0.000000
-0.021134 -0.027849 0.243000 -0.222130 0.481906 -0.847599 0.000000
-0.015357 -0.027734 0.242000 -0.301236 0.512873 -0.803877 0.000000
-0.009587 -0.027505 0.240000 -0.067615 0.527575 -0.846814 0.000000
-0.001145 -0.028078 0.245000 0.155569 0.613847 -0.773945 0.000000
0.004597 -0.027964 0.244000 -0.242964 0.574098 -0.781908 0.000000
0.010292 -0.027849 0.243000 0.030425 0.526716 -0.849497 0.000000
0.021594 -0.030943 0.270000 -0.671370 0.542006 0.505462 0.000000
-0.029014 -0.027165 0.242000 0.154545 0.665464 -0.730256 0.000000
-0.023516 -0.027390 0.244000 0.024456 0.657065 -0.753437 0.000000
-0.017706 -0.027278 0.243000 -0.328471 0.474066 -0.816926 0.000000
-0.011795 -0.026829 0.239000 -0.191326 0.474635 -0.859137 0.000000
-0.001728 -0.027614 0.246000 0.223172 0.662450 -0.715090 0.000000
0.004040 -0.027502 0.245000 -0.269297 0.617001 -0.739452 0.000000
0.009721 -0.027278 0.243000 0.049527 0.470671 -0.880918 0.000000
0.021514 -0.030196 0.269000 -0.667887 0.551879 0.499355 0.000000
0.028770 -0.031206 0.278000 -0.704711 0.423615 0.569151 0.000000
-0.029583 -0.026596 0.242000 0.112522 0.691283 -0.713770 0.000000
-0.024189 -0.026926 0.245000 0.059317 0.703909 -0.707809 0.000000
-0.018277 -0.026706 0.243000 0.331471 -0.342680 0.879032 0.000000
-0.010109 -0.026267 0.239000 -0.183426 0.495206 -0.849191 0.000000
0.002911 -0.027146 0.247000 -0.265981 0.564020 -0.781752 0.000000
0.008613 -0.026816 0.244000 0.002258 0.504970 -0.863134 0.000000
0.020023 -0.029234 0.266000 -0.691693 0.552343 0.465271 0.000000
0.027265 -0.030333 0.276000 -0.698684 0.459690 0.548202 0.000000
-0.034135 -0.026027 0.242000 -0.128892 0.596799 -0.791971 0.000000
-0.028563 -0.026135 0.243000 0.170121 0.669629 -0.722950 0.000000
-0.023131 -0.026457 0.246000 -0.045180 0.550509 -0.833606 0.000000
-0.017205 -0.026242 0.244000 0.331471 -0.342680 0.879032 0.000000
0.001757 -0.026673 0.248000 -0.144273 0.563926 -0.813125 0.000000
0.007466 -0.026242 0.244000 -0.117288 0.453528 -0.883491 0.000000
0.013365 -0.026565 0.247000 -0.483522 -0.393464 0.781916 0.000000
0.024401 -0.029361 0.273000 -0.698684 0.459690 0.548202 0.000000
0.031272 -0.029792 0.277000 -0.706233 0.408095 0.578527 0.000000
-0.032428 -0.025458 0.242000 0.034814 0.639911 -0.767660 0.000000
-0.026493 -0.025774 0.245000 0.203369 0.564650 -0.799882 0.000000
-0.020817 -0.025879 0.246000 0.330069 -0.290798 0.898048 0.000000
-0.014849 -0.025563 0.243000 -0.279088 0.426009 -0.860597 0.000000
-0.008564 -0.025563 0.243000 0.332818 0.481294 -0.810918 0.000000
0.003506 -0.026089 0.248000 -0.325040 0.411326 -0.851564 0.000000
0.009224 -0.025774 0.245000 0.114669 0.420706 -0.899921 0.000000
0.015352 -0.026405 0.251000 -0.722339 -0.035781 0.690613 0.000000
0.022863 -0.028404 0.270000 -0.691549 0.497762 0.523444 0.000000
0.029861 -0.029035 0.276000 -0.704711 0.423615 0.569151 0.000000
-0.034991 -0.025095 0.244000 -0.332531 0.552024 -0.764652 0.000000
-0.029254 -0.025095 0.244000 0.124790 0.645278 -0.753687 0.000000
-0.023902 -0.025506 0.248000 -0.040558 0.291315 -0.955767 0.000000
-0.017852 -0.025198 0.245000 0.351905 -0.285121 0.891554 0.000000
-0.011374 -0.024889 0.242000 -0.112987 0.478640 -0.870711 0.000000
-0.004108 -0.025712 0.250000 0.344953 0.298197 -0.889992 0.000000
0.001764 -0.025609 0.249000 -0.227345 0.393778 -0.890648 0.000000
0.007527 -0.025301 0.246000 -0.138640 0.443371 -0.885551 0.000000
0.013419 -0.025506 0.248000 -0.485125 -0.359462 0.797145 0.000000
0.020571 -0.027255 0.265000 -0.714817 0.509467 0.479041 0.000000
0.027914 -0.028386 0.276000 -0.704711 0.423615 0.569151 0.000000
-0.042014 -0.026029 0.259000 0.723592 0.076185 0.686010 0.000000
-0.033705 -0.024421 0.243000 0.320460 -0.463584 0.826072 0.000000
-0.028221 -0.024622 0.245000 0.222939 0.608803 -0.761352 0.000000
-0.022736 -0.024923 0.248000 0.202869 -0.149386 0.967744 0.000000
-0.016124 -0.024622 0.245000 0.241482 -0.253907 0.936599 0.000000
-0.004091 -0.025024 0.249000 -0.363984 -0.225169 0.903778 0.000000
0.001771 -0.025124 0.250000 -0.195107 0.362804 -0.911212 0.000000
0.007527 -0.024722 0.246000 -0.063197 0.433796 -0.898792 0.000000
0.013474 -0.025024 0.249000 -0.492708 -0.318948 0.809636 0.000000
0.020415 -0.026431 0.263000 -0.720345 0.506050 0.474360 0.000000
0.027813 -0.027637 0.275000 -0.704711 0.423615 0.569151 0.000000
-0.045581 -0.025714 0.262000 0.734200 -0.024624 0.678486 0.000000
-0.037465 -0.024438 0.249000 0.651313 -0.348161 0.674222 0.000000
-0.030975 -0.023947 0.244000 0.028285 0.665984 -0.745430 0.000000
-0.025548 -0.024242 0.247000 0.159349 0.337128 -0.927875 0.000000
-0.019740 -0.024242 0.247000 0.281768 -0.128339 0.950861 0.000000
-0.013819 -0.024046 0.245000 0.106042 -0.212917 0.971299 0.000000
-0.007513 -0.024144 0.246000 -0.444571 -0.128597 0.886465 0.000000
-0.001756 -0.024536 0.250000 -0.131686 0.061648 0.989373 0.000000
0.004106 -0.024438 0.249000 -0.409145 0.128992 -0.903306 0.000000
0.009841 -0.024144 0.246000 0.217268 0.434311 -0.874167 0.000000
0.016070 -0.024831 0.253000 -0.765252 -0.010011 0.643653 0.000000
0.023237 -0.026205 0.267000 -0.712477 0.518363 0.472944 0.000000
0.030400 -0.026990 0.275000 -0.706233 0.408095 0.578527 0.000000
-0.044794 -0.025002 0.261000 0.718296 0.007909 0.695692 0.000000
-0.037027 -0.023948 0.250000 0.652900 -0.300696 0.695201 0.000000
-0.030650 -0.023565 0.246000 0.028285 0.665984 -0.745430 0.000000
-0.025068 -0.023757 0.248000 -0.013769 -0.021358 0.999677 0.000000
-0.019159 -0.023661 0.247000 0.281768 -0.128339 0.950861 0.000000
-0.013243 -0.023469 0.245000 0.020093 -0.046790 0.998703 0.000000
-0.005241 -0.023757 0.248000 -0.352509 0.212300 0.911409 0.000000
0.000595 -0.023948 0.250000 0.060905 0.273819 0.959851 0.000000
0.006422 -0.023757 0.248000 -0.291138 0.250672 -0.923256 0.000000
0.012253 -0.023757 0.248000 -0.506504 -0.149502 0.849178 0.000000
0.018741 -0.024619 0.257000 -0.803585 0.288109 0.520811 0.000000
0.025941 -0.025769 0.269000 -0.711564 0.481694 0.511515 0.000000
-0.048662 -0.024482 0.262000 0.690318 -0.046744 0.721994 0.000000
-0.041852 -0.024108 0.258000 0.723592 0.076185 0.686010 0.000000
-0.034399 -0.023174 0.248000 -0.256575 0.625914 -0.736479 0.000000
-0.028567 -0.023174 0.248000 0.013416 0.382934 -0.923678 0.000000
-0.022736 -0.023174 0.248000 0.228327 0.138625 0.963665 0.000000
-0.016700 -0.022893 0.245000 0.169296 0.053124 0.984132 0.000000
-0.010939 -0.022893 0.245000 -0.237092 -0.027005 0.971112 0.000000
-0.005241 -0.023174 0.248000 -0.338782 0.296099 0.893058 0.000000
0.000595 -0.023361 0.250000 0.060905 0.273819 0.959851 0.000000
0.006422 -0.023174 0.248000 0.209284 -0.072255 0.975182 0.000000
0.012253 -0.023174 0.248000 -0.488102 -0.078627 0.869237 0.000000
0.018668 -0.023921 0.256000 -0.779425 0.145749 0.609306 0.000000
0.025845 -0.025043 0.268000 -0.711564 0.481694 0.511515 0.000000
-0.047249 -0.023775 0.261000 0.690788 -0.017768 0.722839 0.000000
-0.040324 -0.023319 0.256000 0.725509 0.086934 0.682699 0.000000
-0.033232 -0.022591 0.248000 -0.208509 0.657130 -0.724365 0.000000
-0.027401 -0.022591 0.248000 0.071742 -0.088336 0.993504 0.000000
-0.021482 -0.022499 0.247000 0.218785 0.266467 0.938684 0.000000
-0.015547 -0.022317 0.245000 0.072009 0.117006 0.990517 0.000000
-0.009787 -0.022317 0.245000 -0.301590 0.160308 0.939864 0.000000
-0.004075 -0.022591 0.248000 -0.212126 0.412973 0.885695 0.000000
0.001771 -0.022773 0.250000 0.136095 0.341063 0.930137 0.000000
0.007557 -0.022499 0.247000 -0.204886 0.050796 0.977467 0.000000
0.013474 -0.022682 0.249000 -0.540012 -0.089690 0.836864 0.000000
0.019950 -0.023410 0.257000 -0.791457 0.226336 0.567775 0.000000
0.027105 -0.024412 0.268000 -0.716308 0.461755 0.523149 0.000000
-0.046635 -0.023161 0.261000 0.715089 -0.014173 0.698890 0.000000
-0.038967 -0.022629 0.255000 0.705061 0.157712 0.691387 0.000000
-0.032195 -0.022096 0.249000 -0.238753 0.500573 -0.832120 0.000000
-0.026234 -0.022007 0.248000 0.141251 0.112687 0.983539 0.000000
-0.020238 -0.021830 0.246000 0.243110 0.424011 0.872418 0.000000
-0.014395 -0.021741 0.245000 -0.044184 0.257869 0.965169 0.000000
-0.008670 -0.021830 0.246000 -0.332799 0.236293 0.912913 0.000000
-0.002909 -0.022007 0.248000 -0.152818 0.474373 0.866959 0.000000
0.002923 -0.022007 0.248000 0.252227 0.415463 0.873941 0.000000
0.008719 -0.021919 0.247000 -0.240131 -0.053683 0.969255 0.000000
0.014703 -0.022185 0.250000 -0.682328 -0.086902 0.725863 0.000000
0.021323 -0.022984 0.259000 -0.774879 0.317367 0.546663 0.000000
0.028577 -0.023960 0.270000 -0.723565 0.420688 0.547243 0.000000
-0.043841 -0.022375 0.259000 0.714276 0.054198 0.697762 0.000000
-0.036138 -0.021770 0.252000 0.628246 0.233540 0.742136 0.000000
-0.029733 -0.021424 0.248000 0.376564 0.218994 0.900134 0.000000
-0.023709 -0.021251 0.246000 0.190606 0.364500 0.911487 0.000000
-0.017706 -0.020992 0.243000 0.151772 0.354937 0.922488 0.000000
-0.012091 -0.021165 0.245000 -0.176715 0.132309 0.975329 0.000000
-0.006356 -0.021251 0.246000 -0.233541 0.388657 0.891294 0.000000
0.001173 -0.021424 0.248000 0.092030 0.541885 0.835399 0.000000
0.006948 -0.021251 0.246000 -0.105039 0.109542 0.988417 0.000000
0.012836 -0.021424 0.248000 -0.460963 -0.111883 0.880338 0.000000
0.019195 -0.022029 0.255000 -0.759963 0.055048 0.647631 0.000000
0.026179 -0.022893 0.265000 -0.770560 0.410248 0.487784 0.000000
-0.045845 -0.021850 0.260000 0.734200 -0.024624 0.678486 0.000000
-0.038967 -0.021429 0.255000 0.712565 0.137371 0.688026 0.000000
-0.032195 -0.020925 0.249000 0.413844 0.087038 0.906177 0.000000
-0.026023 -0.020673 0.246000 0.071059 0.392428 0.917034 0.000000
-0.020074 -0.020505 0.244000 0.227106 0.493185 0.839757 0.000000
-0.014278 -0.020421 0.243000 -0.120787 0.294506 0.947986 0.000000
-0.008634 -0.020589 0.245000 -0.280931 0.217551 0.934746 0.000000
0.000007 -0.020757 0.247000 0.027057 0.574992 0.817712 0.000000
0.005791 -0.020673 0.246000 -0.019634 0.331982 0.943081 0.000000
0.011623 -0.020757 0.247000 -0.408869 -0.142443 0.901408 0.000000
0.017854 -0.021261 0.253000 -0.759886 0.036540 0.649029 0.000000
0.024650 -0.022018 0.262000 -0.790259 0.307674 0.529932 0.000000
0.032222 -0.023026 0.274000 -0.722398 0.376390 0.580061 0.000000
-0.040324 -0.020911 0.256000 0.724290 0.105606 0.681359 0.000000
-0.033500 -0.020421 0.250000 0.521279 0.247332 0.816759 0.000000
-0.027290 -0.020176 0.247000 0.164659 0.293844 0.941564 0.000000
-0.021221 -0.019931 0.244000 0.226867 0.512134 0.828402 0.000000
-0.015421 -0.019850 0.243000 -0.077485 0.337842 0.938008 0.000000
-0.009747 -0.019931 0.244000 -0.209597 0.143216 0.967243 0.000000
-0.004042 -0.020095 0.246000 -0.148693 0.516571 0.843235 0.000000
0.001742 -0.020095 0.246000 0.056820 0.614793 0.786639 0.000000
0.007527 -0.020095 0.246000 -0.264759 0.067317 0.961962 0.000000
0.013474 -0.020340 0.249000 -0.572687 -0.111527 0.812152 0.000000
0.019872 -0.020911 0.256000 -0.754894 0.054514 0.653578 0.000000
0.026903 -0.021728 0.266000 -0.782040 0.353843 0.513038 0.000000
-0.045059 -0.020548 0.259000 0.734200 -0.024624 0.678486 0.000000
-0.037916 -0.019992 0.252000 0.716925 0.172999 0.675345 0.000000
-0.031483 -0.019675 0.248000 0.450849 0.343976 0.823660 0.000000
-0.025341 -0.019437 0.245000 0.182289 0.580897 0.793303 0.000000
-0.019420 -0.019278 0.243000 0.155391 0.518680 0.840729 0.000000
-0.013706 -0.019278 0.243000 -0.221006 0.335285 0.915828 0.000000
-0.008025 -0.019357 0.244000 -0.152364 0.307490 0.939274 0.000000
-0.002297 -0.019437 0.245000 -0.035312 0.557911 0.829150 0.000000
0.003464 -0.019437 0.245000 -0.067661 0.466485 0.881937 0.000000
0.009262 -0.019516 0.246000 -0.404238 -0.018848 0.914460 0.000000
0.015291 -0.019834 0.250000 -0.685326 -0.047282 0.726700 0.000000
0.021847 -0.020468 0.258000 -0.761443 0.168858 0.625853 0.000000
0.029320 -0.021500 0.271000 -0.785023 0.336655 0.520002 0.000000
-0.042130 -0.019708 0.256000 0.736894 0.086850 0.670406 0.000000
-0.035405 -0.019323 0.251000 0.611172 0.283957 0.738808 0.000000
-0.029033 -0.019015 0.247000 0.330815 0.387142 0.860629 0.000000
-0.022943 -0.018784 0.244000 0.162713 0.623310 0.764859 0.000000
-0.017064 -0.018630 0.242000 0.025177 0.405222 0.913872 0.000000
-0.011468 -0.018784 0.244000 -0.246914 0.294359 0.923248 0.000000
-0.005754 -0.018861 0.245000 -0.115360 0.399943 0.909251 0.000000
0.000007 -0.018861 0.245000 0.008067 0.589484 0.807739 0.000000
0.005744 -0.018784 0.244000 -0.323365 0.211467 0.922343 0.000000
0.011670 -0.019092 0.248000 -0.482194 -0.140788 0.864678 0.000000
0.017925 -0.019554 0.254000 -0.760804 0.071993 0.644976 0.000000
0.024556 -0.020092 0.261000 -0.798654 0.228834 0.556586 0.000000
0.032222 -0.021093 0.274000 -0.767816 0.328993 0.549748 0.000000
-0.037175 -0.018732 0.251000 0.678407 0.223077 0.700000 0.000000
-0.030775 -0.018434 0.247000 0.379483 0.441321 0.813159 0.000000
-0.024664 -0.018210 0.244000 0.161616 0.650413 0.742188 0.000000
-0.018849 -0.018135 0.243000 0.103985 0.370646 0.922935 0.000000
-0.013135 -0.018135 0.243000 -0.250597 0.288784 0.924016 0.000000
-0.007482 -0.018285 0.245000 -0.091336 0.279146 0.955895 0.000000
-0.001721 -0.018285 0.245000 0.008625 0.505871 0.862566 0.000000
0.004023 -0.018210 0.244000 -0.171760 0.352663 0.919852 0.000000
0.009881 -0.018434 0.247000 -0.473776 -0.112495 0.873431 0.000000
0.015943 -0.018732 0.251000 -0.692683 -0.016260 0.721059 0.000000
0.022541 -0.019329 0.259000 -0.774142 0.168386 0.610205 0.000000
0.030068 -0.020300 0.272000 -0.785023 0.336655 0.520002 0.000000
-0.039101 -0.018215 0.252000 0.755851 0.181741 0.629014 0.000000
-0.032517 -0.017853 0.247000 0.508504 0.413054 0.755520 0.000000
-0.026385 -0.017636 0.244000 0.207041 0.674369 0.708774 0.000000
-0.020563 -0.017564 0.243000 0.079383 0.476843 0.875397 0.000000
-0.014788 -0.017492 0.242000 -0.167195 0.301487 0.938696 0.000000
-0.009210 -0.017709 0.245000 -0.175476 0.253286 0.951343 0.000000
-0.003435 -0.017636 0.244000 0.014001 0.421482 0.906729 0.000000
0.002302 -0.017636 0.244000 -0.136699 0.412631 0.900583 0.000000
0.008105 -0.017781 0.246000 -0.502321 -0.039803 0.863765 0.000000
0.014115 -0.018070 0.250000 -0.606457 -0.129614 0.784481 0.000000
0.020554 -0.018576 0.257000 -0.737224 0.081544 0.670709 0.000000
0.027632 -0.019299 0.267000 -0.822420 0.209842 0.528764 0.000000
-0.041203 -0.017762 0.254000 0.756961 0.081742 0.648327 0.000000
-0.034399 -0.017342 0.248000 0.529133 0.383181 0.757094 0.000000
-0.028106 -0.017063 0.244000 0.284663 0.663307 0.692091 0.000000
-0.022277 -0.016993 0.243000 0.097173 0.544238 0.833284 0.000000
-0.016427 -0.016853 0.241000 -0.064785 0.213058 0.974889 0.000000
-0.010894 -0.017063 0.244000 -0.262724 0.234039 0.936057 0.000000
-0.005157 -0.017063 0.244000 -0.017848 0.317946 0.947941 0.000000
0.000581 -0.017063 0.244000 -0.033053 0.471660 0.881161 0.000000
0.006344 -0.017132 0.245000 -0.462710 -0.046545 0.885287 0.000000
0.012303 -0.017412 0.249000 -0.511892 -0.131077 0.848991 0.000000
0.018595 -0.017832 0.255000 -0.753601 0.085776 0.651712 0.000000
0.025266 -0.018321 0.262000 -0.801219 0.153450 0.578361 0.000000
-0.044885 -0.017435 0.258000 0.744154 -0.017801 0.667771 0.000000
-0.036879 -0.016827 0.249000 0.673931 0.269957 0.687707 0.000000
-0.030401 -0.016489 0.244000 0.421631 0.588054 0.690231 0.000000
-0.024462 -0.016354 0.242000 0.099023 0.639051 0.762764 0.000000
-0.018771 -0.016354 0.242000 0.007118 0.337277 0.941379 0.000000
-0.013135 -0.016421 0.243000 -0.287586 0.230936 0.929496 0.000000
-0.007452 -0.016489 0.244000 -0.084428 0.286300 0.954413 0.000000
-0.001714 -0.016489 0.244000 0.038563 0.440485 0.896931 0.000000
0.004023 -0.016489 0.244000 -0.276808 0.065433 0.958695 0.000000
0.009921 -0.016759 0.248000 -0.478117 -0.129722 0.868664 0.000000
0.016006 -0.017029 0.252000 -0.696419 -0.032384 0.716904 0.000000
0.022541 -0.017502 0.259000 -0.749541 0.102257 0.654013 0.000000
0.029957 -0.018313 0.271000 -0.833061 0.222958 0.506259 0.000000
-0.039101 -0.016437 0.252000 0.741950 0.207890 0.637411 0.000000
-0.032254 -0.015980 0.245000 0.527089 0.506424 0.682431 0.000000
-0.026061 -0.015719 0.241000 0.126429 0.666657 0.734564 0.000000
-0.020478 -0.015785 0.242000 -0.000516 0.369045 0.929411 0.000000
-0.014727 -0.015719 0.241000 -0.192802 0.106709 0.975418 0.000000
-0.009173 -0.015915 0.244000 -0.117924 0.244076 0.962560 0.000000
-0.003435 -0.015915 0.244000 0.001180 0.267089 0.963671 0.000000
0.002292 -0.015850 0.243000 -0.206108 0.188294 0.960242 0.000000
0.008138 -0.016111 0.247000 -0.533362 -0.149331 0.832601 0.000000
0.014115 -0.016306 0.250000 -0.551962 -0.027519 0.833415 0.000000
0.020554 -0.016763 0.257000 -0.738904 0.079497 0.669105 0.000000
0.027632 -0.017415 0.267000 -0.839029 0.182304 0.512636 0.000000
-0.041365 -0.016033 0.255000 0.776465 0.002177 0.630157 0.000000
-0.034121 -0.015467 0.246000 0.585696 0.416020 0.695620 0.000000
-0.027761 -0.015153 0.241000 0.247390 0.645000 0.723031 0.000000
-0.022186 -0.015216 0.242000 -0.080697 0.515872 0.852856 0.000000
-0.016427 -0.015153 0.241000 -0.106677 0.123236 0.986627 0.000000
-0.010849 -0.015278 0.243000 -0.237730 0.231352 0.943377 0.000000
-0.005136 -0.015278 0.243000 -0.000578 0.375348 0.926884 0.000000
0.000578 -0.015278 0.243000 -0.020008 0.066988 0.997553 0.000000
0.006344 -0.015404 0.245000 -0.476678 -0.088088 0.874653 0.000000
0.012352 -0.015719 0.250000 -0.509711 -0.101814 0.854300 0.000000
0.018595 -0.016033 0.255000 -0.737879 0.053182 0.672834 0.000000
0.025266 -0.016473 0.262000 -0.791398 0.119751 0.599457 0.000000
-0.046635 -0.015796 0.261000 0.736442 -0.183432 0.651157 0.000000
-0.036879 -0.015070 0.249000 0.648231 0.361959 0.669912 0.000000
-0.030152 -0.014647 0.242000 0.450397 0.567781 0.689033 0.000000
-0.024260 -0.014525 0.240000 0.015877 0.680660 0.732427 0.000000
-0.018694 -0.014586 0.241000 -0.154352 0.214345 0.964485 0.000000
-0.013081 -0.014647 0.242000 -0.256080 0.156009 0.953983 0.000000
-0.007452 -0.014768 0.244000 -0.051194 0.341424 0.938514 0.000000
-0.001707 -0.014707 0.243000 -0.022270 0.110437 0.993634 0.000000
0.004007 -0.014707 0.243000 -0.287682 -0.152248 0.945547 0.000000
0.009961 -0.015070 0.249000 -0.440939 -0.108534 0.890950 0.000000
0.016006 -0.015252 0.252000 -0.625879 0.089775 0.774736 0.000000
0.022541 -0.015675 0.259000 -0.747442 0.100888 0.656621 0.000000
0.029847 -0.016341 0.270000 -0.836812 0.166549 0.521543 0.000000
-0.043065 -0.015008 0.258000 0.763403 -0.111402 0.636243 0.000000
-0.035421 -0.014368 0.247000 0.666839 0.325424 0.670391 0.000000
-0.028894 -0.014019 0.241000 0.410534 0.561001 0.718845 0.000000
-0.023131 -0.013961 0.240000 -0.147277 0.660859 0.735918 0.000000
-0.017560 -0.014019 0.241000 -0.152727 0.119638 0.981000 0.000000
-0.011992 -0.014136 0.243000 -0.243244 0.212553 0.946390 0.000000
-0.006304 -0.014194 0.244000 -0.026709 0.371284 0.928135 0.000000
0.001150 -0.014136 0.243000 -0.110944 -0.134572 0.984673 0.000000
0.007557 -0.014368 0.247000 -0.510472 -0.155204 0.845772 0.000000
0.013528 -0.014543 0.250000 -0.509596 0.096219 0.855017 0.000000
0.019872 -0.014892 0.256000 -0.742668 0.081915 0.664631 0.000000
0.026802 -0.015415 0.265000 -0.835732 0.138799 0.531307 0.000000
-0.048046 -0.014625 0.262000 0.652648 -0.177622 0.736547 0.000000
-0.040766 -0.014234 0.255000 0.820659 0.013623 0.571256 0.000000
-0.033270 -0.013620 0.244000 0.667710 0.333776 0.665400 0.000000
-0.026968 -0.013341 0.239000 0.286584 0.565806 0.773132 0.000000
-0.021438 -0.013397 0.240000 -0.292961 0.495559 0.817677 0.000000
-0.015860 -0.013453 0.241000 -0.175045 0.055166 0.983014 0.000000
-0.010278 -0.013564 0.243000 -0.157384 0.324952 0.932543 0.000000
-0.004564 -0.013564 0.243000 -0.078006 0.295054 0.952291 0.000000
0.007557 -0.013788 0.247000 -0.497273 -0.141387 0.855996 0.000000
0.013474 -0.013899 0.249000 -0.455450 0.127307 0.881112 0.000000
0.019872 -0.014290 0.256000 -0.738111 0.104482 0.666541 0.000000
0.026701 -0.014736 0.264000 -0.827950 0.118109 0.548224 0.000000
-0.048847 -0.014062 0.263000 0.562496 -0.183069 0.806278 0.000000
-0.041690 -0.013741 0.257000 0.783816 -0.088215 0.614696 0.000000
-0.033844 -0.013046 0.244000 0.667689 0.297383 0.682462 0.000000
-0.027530 -0.012779 0.239000 0.323300 0.521495 0.789633 0.000000
-0.021911 -0.012779 0.239000 -0.343194 0.563501 0.751454 0.000000
-0.016495 -0.012939 0.242000 -0.168268 0.052608 0.984336 0.000000
-0.010849 -0.012993 0.243000 -0.117494 0.312882 0.942497 0.000000
0.005171 -0.013046 0.244000 -0.352023 -0.211307 0.911828 0.000000
0.011176 -0.013367 0.250000 -0.327913 0.130368 0.935669 0.000000
0.017259 -0.013528 0.253000 -0.679933 0.183158 0.710031 0.000000
0.023851 -0.013902 0.260000 -0.755261 0.100897 0.647611 0.000000
0.031232 -0.014490 0.271000 -0.849941 0.123382 0.512228 0.000000
-0.044180 -0.013342 0.261000 0.700368 -0.220018 0.679027 0.000000
-0.036002 -0.012626 0.247000 0.698542 0.232522 0.676737 0.000000
-0.029216 -0.012217 0.239000 0.451078 0.464055 0.762353 0.000000
-0.023498 -0.012166 0.238000 -0.071466 0.610259 0.788972 0.000000
-0.018202 -0.012370 0.242000 -0.153262 0.105717 0.982514 0.000000
-0.012512 -0.012370 0.242000 -0.129542 0.234204 0.963518 0.000000
-0.006850 -0.012422 0.243000 0.011559 0.452790 0.891542 0.000000
0.010546 -0.012728 0.249000 -0.358019 0.132284 0.924296 0.000000
0.016533 -0.012830 0.251000 -0.642727 0.240867 0.727245 0.000000
0.023150 -0.013239 0.259000 -0.755081 0.109948 0.646346 0.000000
0.030369 -0.013751 0.269000 -0.850118 0.119540 0.512844 0.000000
-0.044965 -0.012777 0.262000 0.687273 -0.221829 0.691699 0.000000
-0.036583 -0.012045 0.247000 0.704670 0.198339 0.681250 0.000000
-0.029903 -0.011704 0.240000 0.543628 0.349599 0.763052 0.000000
-0.023956 -0.011558 0.237000 0.065520 0.504422 0.860968 0.000000
-0.018694 -0.011753 0.241000 -0.380800 0.120642 0.916754 0.000000
-0.013081 -0.011801 0.242000 -0.061120 0.292093 0.954435 0.000000
0.005815 -0.012045 0.247000 -0.446596 -0.125562 0.885881 0.000000
0.011717 -0.012143 0.249000 -0.325506 0.283930 0.901903 0.000000
0.017854 -0.012338 0.253000 -0.739098 0.170093 0.651768 0.000000
0.024462 -0.012679 0.260000 -0.757834 0.093374 0.645731 0.000000
-0.051088 -0.012300 0.265000 0.420520 -0.162437 0.892624 0.000000
-0.044518 -0.012207 0.263000 0.655072 -0.174529 0.735133 0.000000
-0.035856 -0.011418 0.246000 0.735417 0.102108 0.669878 0.000000
-0.029216 -0.011093 0.239000 0.544350 0.315574 0.777236 0.000000
-0.023399 -0.011000 0.237000 -0.105591 0.483568 0.868915 0.000000
-0.018202 -0.011232 0.242000 -0.157822 0.060217 0.985630 0.000000
-0.012512 -0.011232 0.242000 -0.031907 0.350991 0.935835 0.000000
0.006422 -0.011511 0.248000 -0.321144 -0.004271 0.947021 0.000000
0.012253 -0.011511 0.248000 -0.312188 0.272867 0.909990 0.000000
0.018449 -0.011743 0.253000 -0.748712 0.156363 0.644191 0.000000
0.025170 -0.012114 0.261000 -0.780116 0.077106 0.620865 0.000000
-0.050465 -0.011677 0.265000 0.525084 -0.071675 0.848027 0.000000
-0.043733 -0.011545 0.262000 0.698598 -0.175262 0.693717 0.000000
-0.033705 -0.010707 0.243000 0.724932 0.100313 0.681477 0.000000
-0.027300 -0.010443 0.237000 0.444349 0.284652 0.849427 0.000000
-0.021727 -0.010443 0.237000 -0.507395 0.375816 0.775444 0.000000
-0.016563 -0.010707 0.243000 -0.077104 0.154816 0.984930 0.000000
-0.010760 -0.010619 0.241000 0.012705 0.435341 0.900176 0.000000
0.008171 -0.010928 0.248000 -0.179675 0.152343 0.971858 0.000000
0.014003 -0.010928 0.248000 -0.407681 0.339688 0.847590 0.000000
0.020474 -0.011280 0.256000 -0.729178 0.059694 0.681716 0.000000
0.027321 -0.011633 0.264000 -0.820381 0.096342 0.563643 0.000000
-0.046726 -0.011054 0.265000 0.593937 -0.114097 0.796380 0.000000
-0.035711 -0.010219 0.245000 0.721474 0.053293 0.690388 0.000000
-0.029216 -0.009969 0.239000 0.591159 0.167637 0.788942 0.000000
-0.023300 -0.009844 0.236000 -0.077626 0.316726 0.945335 0.000000
-0.018127 -0.010053 0.241000 -0.332208 0.206999 0.920212 0.000000
-0.012460 -0.010053 0.241000 0.109146 0.416350 0.902630 0.000000
-0.006765 -0.010011 0.240000 -0.210782 0.376713 0.902030 0.000000
0.009921 -0.010344 0.248000 -0.128827 0.262803 0.956210 0.000000
0.015816 -0.010386 0.249000 -0.557496 0.217564 0.801164 0.000000
0.022454 -0.010762 0.258000 -0.733385 0.053657 0.677693 0.000000
0.029626 -0.011179 0.268000 -0.847371 0.096888 0.522087 0.000000
-0.044067 -0.010391 0.264000 0.625798 -0.074467 0.776422 0.000000
-0.033844 -0.009604 0.244000 0.744423 -0.001949 0.667706 0.000000
-0.027300 -0.009328 0.237000 0.453477 0.150767 0.878423 0.000000
-0.021635 -0.009289 0.236000 -0.542824 0.230797 0.807512 0.000000
-0.016495 -0.009525 0.242000 -0.006628 0.271830 0.962323 0.000000
-0.010715 -0.009446 0.240000 -0.006769 0.454031 0.890960 0.000000
-0.005093 -0.009486 0.241000 -0.494408 0.227086 0.839043 0.000000
0.001169 -0.009722 0.247000 -0.335907 -0.172532 0.925959 0.000000
0.007557 -0.009722 0.247000 -0.182826 0.058984 0.981374 0.000000
0.013365 -0.009722 0.247000 -0.388615 0.230202 0.892180 0.000000
0.019717 -0.009998 0.254000 -0.778725 0.046713 0.625624 0.000000
0.026498 -0.010312 0.262000 -0.803825 0.031734 0.594019 0.000000
-0.048154 -0.009844 0.266000 0.497665 -0.013938 0.867257 0.000000
-0.037013 -0.009104 0.246000 0.804162 -0.039699 0.593083 0.000000
-0.030594 -0.008919 0.241000 0.725235 0.024890 0.688052 0.000000
-0.024307 -0.008697 0.235000 0.226485 0.134982 0.964616 0.000000
-0.019181 -0.008882 0.240000 -0.554714 0.234474 0.798320 0.000000
-0.013650 -0.008956 0.242000 0.074863 0.393486 0.916278 0.000000
-0.007861 -0.008845 0.239000 -0.237879 0.407089 0.881868 0.000000
-0.001721 -0.009067 0.245000 -0.417681 -0.031929 0.908033 0.000000
0.004073 -0.009141 0.247000 -0.137407 0.011665 0.990446 0.000000
0.009881 -0.009141 0.247000 -0.108202 0.133384 0.985140 0.000000
0.015816 -0.009215 0.249000 -0.605970 0.168805 0.777370 0.000000
0.022367 -0.009511 0.257000 -0.716472 -0.028003 0.697053 0.000000
0.029515 -0.009881 0.267000 -0.841771 0.090070 0.532267 0.000000
-0.046726 -0.009184 0.265000 0.462745 0.036340 0.885746 0.000000
-0.035856 -0.008526 0.246000 0.767999 -0.071497 0.636447 0.000000
-0.029216 -0.008283 0.239000 0.617000 0.022757 0.786634 0.000000
-0.023202 -0.008145 0.235000 -0.084940 0.041982 0.995501 0.000000
-0.018127 -0.008352 0.241000 -0.249538 0.331198 0.909966 0.000000
-0.012409 -0.008318 0.240000 0.128490 0.472281 0.872032 0.000000
-0.006765 -0.008318 0.240000 -0.384222 0.207516 0.899617 0.000000
-0.001145 -0.008491 0.245000 -0.405759 -0.055009 0.912323 0.000000
0.004653 -0.008560 0.247000 -0.141873 -0.005344 0.989870 0.000000
0.010419 -0.008526 0.246000 -0.165564 0.117046 0.979229 0.000000
0.016467 -0.008664 0.250000 -0.670492 0.025910 0.741464 0.000000
0.023060 -0.008942 0.258000 -0.736476 -0.035085 0.675553 0.000000
0.030256 -0.009288 0.268000 -0.842154 0.089258 0.531798 0.000000
-0.046103 -0.008561 0.265000 0.462745 0.036340 0.885746 0.000000
-0.036002 -0.007980 0.247000 0.795711 -0.105924 0.596343 0.000000
-0.029216 -0.007721 0.239000 0.630819 -0.024507 0.775543 0.000000
-0.023202 -0.007592 0.235000 -0.233122 -0.026164 0.972095 0.000000
-0.018127 -0.007786 0.241000 -0.162892 0.358197 0.919326 0.000000
-0.012409 -0.007753 0.240000 0.133029 0.411552 0.901625 0.000000
-0.006765 -0.007753 0.240000 -0.427860 0.086519 0.899694 0.000000
-0.001150 -0.007947 0.246000 -0.400071 -0.048844 0.915182 0.000000
0.005213 -0.007947 0.246000 -0.067950 0.012983 0.997604 0.000000
0.010997 -0.007947 0.246000 -0.212171 0.039320 0.976441 0.000000
0.017055 -0.008077 0.250000 -0.734463 -0.024005 0.678224 0.000000
0.023759 -0.008367 0.259000 -0.733819 -0.028029 0.678766 0.000000
0.031001 -0.008690 0.269000 -0.843130 0.091285 0.529904 0.000000
-0.045309 -0.007908 0.264000 0.462745 0.036340 0.885746 0.000000
-0.035421 -0.007399 0.247000 0.795711 -0.105924 0.596343 0.000000
-0.028534 -0.007129 0.238000 0.596523 -0.034331 0.801861 0.000000
-0.022745 -0.007069 0.236000 -0.197275 -0.146663 0.969316 0.000000
-0.017560 -0.007219 0.241000 -0.025647 0.421169 0.906619 0.000000
-0.011795 -0.007159 0.239000 0.035620 0.349671 0.936195 0.000000
-0.006201 -0.007189 0.240000 -0.476215 0.056750 0.877496 0.000000
-0.000571 -0.007369 0.246000 -0.388499 0.005718 0.921432 0.000000
0.005213 -0.007369 0.246000 -0.042252 0.063464 0.997089 0.000000
0.010953 -0.007339 0.245000 -0.209657 0.037753 0.977046 0.000000
0.017055 -0.007489 0.250000 -0.690470 -0.178748 0.700928 0.000000
0.023759 -0.007758 0.259000 -0.729335 -0.073240 0.680225 0.000000
0.031001 -0.008058 0.269000 -0.840443 0.090645 0.534265 0.000000
-0.045929 -0.007287 0.264000 0.474675 0.103519 0.874052 0.000000
-0.036731 -0.006846 0.248000 0.807272 -0.139363 0.573489 0.000000
-0.029903 -0.006625 0.240000 0.712804 -0.084728 0.696226 0.000000
-0.023855 -0.006514 0.236000 0.176395 -0.192573 0.965298 0.000000
-0.018616 -0.006625 0.240000 -0.422367 0.270004 0.865277 0.000000
-0.012919 -0.006597 0.239000 0.119236 0.339711 0.932941 0.000000
-0.007330 -0.006625 0.240000 -0.414252 0.036633 0.909425 0.000000
-0.001721 -0.006763 0.245000 -0.457470 -0.015767 0.889085 0.000000
0.004073 -0.006818 0.247000 -0.206489 -0.053347 0.976994 0.000000
0.009801 -0.006763 0.245000 -0.063162 -0.103516 0.992620 0.000000
0.015816 -0.006873 0.249000 -0.651106 -0.206129 0.730460 0.000000
0.022367 -0.007094 0.257000 -0.730343 -0.046869 0.681470 0.000000
0.029515 -0.007370 0.267000 -0.819766 0.062785 0.569247 0.000000
-0.047171 -0.006667 0.264000 0.474675 0.103519 0.874052 0.000000
-0.039412 -0.006414 0.254000 0.824326 -0.083590 0.559910 0.000000
-0.031991 -0.006136 0.243000 0.721150 -0.263808 0.640584 0.000000
-0.025520 -0.005959 0.236000 0.316368 -0.205070 0.926206 0.000000
-0.020225 -0.006035 0.239000 -0.528674 -0.039377 0.847911 0.000000
-0.014605 -0.006035 0.239000 0.102090 0.354937 0.929299 0.000000
-0.008985 -0.006035 0.239000 -0.229959 0.085960 0.969397 0.000000
-0.003421 -0.006136 0.243000 -0.571981 -0.144571 0.807426 0.000000
0.002321 -0.006212 0.246000 -0.304065 -0.067822 0.950234 0.000000
0.008105 -0.006212 0.246000 -0.075789 -0.203124 0.976215 0.000000
0.013946 -0.006237 0.247000 -0.424532 -0.371290 0.825782 0.000000
0.020394 -0.006439 0.255000 -0.740032 -0.113011 0.663009 0.000000
0.027218 -0.006641 0.263000 -0.808211 0.033865 0.587918 0.000000
-0.049033 -0.006046 0.264000 0.354837 0.298539 0.885983 0.000000
-0.042014 -0.005931 0.259000 0.789969 0.183606 0.585011 0.000000
-0.034121 -0.005634 0.246000 0.692600 -0.343087 0.634505 0.000000
-0.027300 -0.005427 0.237000 0.466618 -0.223333 0.855798 0.000000
-0.021727 -0.005427 0.237000 -0.399182 -0.217707 0.890650 0.000000
-0.016359 -0.005496 0.240000 0.096505 0.183567 0.978259 0.000000
-0.010582 -0.005427 0.237000 -0.026715 0.145877 0.988942 0.000000
-0.005114 -0.005542 0.242000 -0.596992 -0.179306 0.781953 0.000000
0.000585 -0.005634 0.246000 -0.360038 -0.003449 0.932931 0.000000
0.006396 -0.005656 0.247000 -0.142464 -0.272421 0.951573 0.000000
0.012204 -0.005656 0.247000 -0.343778 -0.189933 0.919642 0.000000
0.018522 -0.005817 0.254000 -0.686238 -0.261724 0.678659 0.000000
0.025170 -0.005977 0.261000 -0.749967 -0.014954 0.661306 0.000000
-0.050895 -0.005425 0.264000 0.000201 -0.381831 -0.924232 0.000000
-0.044688 -0.005425 0.264000 0.521273 0.301044 0.798528 0.000000
-0.036148 -0.005096 0.248000 0.719874 -0.291181 0.630075 0.000000
-0.029216 -0.004911 0.239000 0.611380 -0.344703 0.712316 0.000000
-0.023300 -0.004850 0.236000 -0.059649 -0.354987 0.932966 0.000000
-0.017977 -0.004911 0.239000 -0.313489 0.051842 0.948175 0.000000
-0.012305 -0.004891 0.238000 -0.017976 0.064964 0.997726 0.000000
-0.006765 -0.004932 0.240000 -0.448902 -0.216365 0.866991 0.000000
-0.001141 -0.005014 0.244000 -0.413797 -0.011870 0.910292 0.000000
0.004635 -0.005055 0.246000 -0.233333 -0.190208 0.953612 0.000000
0.010461 -0.005076 0.247000 -0.142064 -0.277119 0.950275 0.000000
0.016599 -0.005178 0.252000 -0.656383 -0.395655 0.642353 0.000000
0.023150 -0.005322 0.259000 -0.721971 0.003218 0.691916 0.000000
0.030369 -0.005528 0.269000 -0.830123 0.077951 0.552104 0.000000
-0.047171 -0.004804 0.264000 0.386530 0.351448 0.852689 0.000000
-0.038509 -0.004586 0.252000 0.786587 -0.229128 0.573394 0.000000
-0.031290 -0.004404 0.242000 0.692432 -0.356315 0.627358 0.000000
-0.024965 -0.004295 0.236000 0.243991 -0.303736 0.920985 0.000000
-0.019580 -0.004331 0.238000 -0.417181 -0.161383 0.894380 0.000000
-0.013984 -0.004331 0.238000 0.060075 0.135971 0.988890 0.000000
-0.008423 -0.004349 0.239000 -0.347074 -0.308187 0.885754 0.000000
-0.002850 -0.004422 0.243000 -0.539365 -0.132760 0.831541 0.000000
0.002887 -0.004458 0.245000 -0.289377 -0.106287 0.951296 0.000000
0.008754 -0.004513 0.248000 -0.104277 -0.417172 0.902825 0.000000
0.014703 -0.004549 0.250000 -0.472177 -0.614342 0.632165 0.000000
0.021158 -0.004677 0.257000 -0.671577 -0.009358 0.740876 0.000000
0.028048 -0.004822 0.265000 -0.811659 0.058834 0.581161 0.000000
-0.049033 -0.004183 0.264000 0.181684 0.498650 0.847549 0.000000
-0.042014 -0.004104 0.259000 0.678363 0.365718 0.637239 0.000000
-0.033406 -0.003882 0.245000 0.641167 -0.431456 0.634626 0.000000
-0.026856 -0.003771 0.238000 0.432794 -0.512915 0.741355 0.000000
-0.021170 -0.003756 0.237000 -0.352039 -0.297500 0.887447 0.000000
-0.015663 -0.003771 0.238000 0.051127 -0.191497 0.980161 0.000000
-0.010024 -0.003756 0.237000 -0.209279 -0.307543 0.928235 0.000000
-0.004564 -0.003851 0.243000 -0.536291 -0.247946 0.806793 0.000000
0.001159 -0.003882 0.245000 -0.368941 -0.131322 0.920129 0.000000
0.007005 -0.003930 0.248000 -0.133301 -0.464925 0.875257 0.000000
0.012888 -0.003946 0.249000 -0.408080 -0.650238 0.640828 0.000000
0.019270 -0.004057 0.256000 -0.570045 -0.281641 0.771833 0.000000
0.025882 -0.004152 0.262000 -0.774151 0.058574 0.630285 0.000000
-0.050275 -0.003563 0.264000 -0.043953 -0.457013 -0.888373 0.000000
-0.043733 -0.003536 0.262000 0.423837 0.487563 0.763312 0.000000
-0.035421 -0.003333 0.247000 0.629370 -0.436365 0.643023 0.000000
-0.028774 -0.003239 0.240000 0.546284 -0.527485 0.650641 0.000000
-0.022842 -0.003198 0.237000 -0.006276 -0.538392 0.842671 0.000000
-0.017342 -0.003212 0.238000 -0.167344 -0.198447 0.965720 0.000000
-0.011745 -0.003212 0.238000 -0.182647 -0.390435 0.902331 0.000000
-0.006253 -0.003266 0.242000 -0.377629 -0.491113 0.784987 0.000000
-0.000569 -0.003306 0.245000 -0.422122 -0.130456 0.897103 0.000000
0.005255 -0.003347 0.248000 -0.350981 -0.372368 0.859159 0.000000
0.011132 -0.003360 0.249000 -0.336613 -0.696834 0.633336 0.000000
0.017328 -0.003428 0.254000 -0.380194 -0.594266 0.708732 0.000000
0.023942 -0.003522 0.261000 -0.733344 0.047387 0.678204 0.000000
0.031117 -0.003644 0.270000 -0.819322 0.098284 0.564847 0.000000
-0.046992 -0.002931 0.263000 0.318290 0.573635 0.754741 0.000000
-0.039412 -0.002830 0.254000 0.695967 -0.075233 0.714122 0.000000
-0.032122 -0.002719 0.244000 0.642468 -0.470622 0.604772 0.000000
-0.025844 -0.002663 0.239000 0.297452 -0.679175 0.671002 0.000000
-0.020140 -0.002652 0.238000 -0.291420 -0.413803 0.862463 0.000000
-0.014605 -0.002663 0.239000 -0.015421 -0.513637 0.857869 0.000000
-0.009022 -0.002674 0.240000 -0.340963 -0.574809 0.743868 0.000000
-0.003421 -0.002708 0.243000 -0.510692 -0.261896 0.818905 0.000000
0.002321 -0.002741 0.246000 -0.365470 -0.202502 0.908529 0.000000
0.008237 -0.002786 0.250000 -0.372046 -0.597375 0.710440 0.000000
0.014285 -0.002819 0.253000 -0.434396 -0.727179 0.531517 0.000000
0.020634 -0.002875 0.258000 -0.439247 -0.196430 0.876629 0.000000
0.027321 -0.002942 0.264000 -0.799762 0.107652 0.590586 0.000000
-0.050510 -0.002304 0.262000 0.288464 0.567831 0.770945 0.000000
-0.044180 -0.002295 0.261000 0.321992 0.575752 0.751552 0.000000
-0.036294 -0.002189 0.249000 0.542669 -0.493027 0.680026 0.000000
-0.029705 -0.002136 0.243000 0.461877 -0.740888 0.487600 0.000000
-0.023695 -0.002110 0.240000 0.128511 -0.827794 0.546115 0.000000
-0.017977 -0.002101 0.239000 -0.111397 -0.533870 0.838196 0.000000
-0.012409 -0.002110 0.240000 -0.129162 -0.608179 0.783221 0.000000
-0.006822 -0.002128 0.242000 -0.293016 -0.493307 0.819018 0.000000
-0.001145 -0.002154 0.245000 -0.455333 -0.187762 0.870298 0.000000
0.004672 -0.002180 0.248000 -0.441182 -0.376145 0.814784 0.000000
0.012500 -0.002224 0.253000 -0.408124 -0.757591 0.509402 0.000000
0.018741 -0.002260 0.257000 -0.337932 -0.282319 0.897830 0.000000
0.025266 -0.002304 0.262000 -0.758859 0.082025 0.646069 0.000000
0.032626 -0.002391 0.272000 -0.819911 0.133187 0.556784 0.000000
-0.046197 -0.001687 0.262000 0.304902 0.570987 0.762239 0.000000
-0.038509 -0.001623 0.252000 0.728267 -0.104261 0.677316 0.000000
-0.031807 -0.001584 0.246000 0.436620 -0.719553 0.540007 0.000000
-0.025811 -0.001572 0.244000 0.350037 -0.809996 0.470511 0.000000
-0.019745 -0.001546 0.240000 -0.117880 -0.601697 0.789978 0.000000
-0.014160 -0.001552 0.241000 -0.096448 -0.730304 0.676279 0.000000
-0.008529 -0.001559 0.242000 -0.245170 -0.619509 0.745721 0.000000
-0.002862 -0.001572 0.244000 -0.385382 -0.314817 0.867393 0.000000
0.013798 -0.001642 0.255000 -0.402257 -0.744560 0.532747 0.000000
0.019950 -0.001655 0.257000 -0.354718 -0.269486 0.895295 0.000000
0.026498 -0.001687 0.262000 -0.762708 0.074982 0.642382 0.000000
0.034155 -0.001765 0.274000 -0.818327 0.157335 0.552800 0.000000
-0.043841 -0.001059 0.259000 0.486306 0.501767 0.715358 0.000000
-0.036294 -0.001018 0.249000 0.508314 -0.461056 0.727354 0.000000
-0.030194 -0.001010 0.247000 0.345252 -0.772966 0.532282 0.000000
-0.024090 -0.000998 0.244000 0.308260 -0.799399 0.515691 0.000000
-0.018127 -0.000986 0.241000 -0.095849 -0.588511 0.802788 0.000000
-0.012512 -0.000990 0.242000 -0.093807 -0.763386 0.639095 0.000000
-0.006850 -0.000994 0.243000 -0.247463 -0.486458 0.837927 0.000000
0.021762 -0.001051 0.257000 -0.553421 -0.090192 0.828004 0.000000
0.028671 -0.001084 0.265000 -0.776666 0.103708 0.621317 0.000000
-0.049932 -0.000450 0.259000 0.322267 0.483324 0.813967 0.000000
-0.043672 -0.000448 0.258000 0.398672 0.512225 0.760715 0.000000
-0.036439 -0.000434 0.250000 0.317456 -0.532981 0.784316 0.000000
-0.030439 -0.000433 0.249000 0.318709 -0.795639 0.515154 0.000000
-0.024288 -0.000428 0.246000 0.380701 -0.734446 0.561833 0.000000
-0.018202 -0.000421 0.242000 0.004759 -0.609104 0.793076 0.000000
-0.012564 -0.000422 0.243000 -0.126807 -0.737100 0.663780 0.000000
0.022280 -0.000445 0.256000 -0.684393 -0.002315 0.729110 0.000000
0.029405 -0.000462 0.266000 -0.790118 0.098129 0.605049 0.000000
-0.049932 0.000159 0.259000 0.431589 0.444291 0.785071 0.000000
-0.043503 0.000158 0.257000 0.442131 0.402311 0.801665 0.000000
-0.036585 0.000154 0.251000 0.192535 -0.543884 0.816774 0.000000
-0.030561 0.000153 0.250000 0.318086 -0.797649 0.512423 0.000000
-0.023709 0.000151 0.246000 0.443245 -0.587751 0.676817 0.000000
-0.017633 0.000148 0.242000 -0.207159 -0.625585 0.752149 0.000000
0.022971 0.000158 0.257000 -0.659108 0.024201 0.751659 0.000000
0.030143 0.000164 0.267000 -0.822362 0.154587 0.547562 0.000000
-0.050952 0.000765 0.258000 0.434730 0.368175 0.821862 0.000000
-0.044711 0.000762 0.257000 0.419059 0.477482 0.772269 0.000000
-0.037916 0.000747 0.252000 0.162289 -0.435379 0.885499 0.000000
0.022971 0.000762 0.257000 -0.650958 -0.049270 0.757513 0.000000
0.030030 0.000789 0.266000 -0.790543 0.171472 0.587911 0.000000
-0.051559 0.001372 0.258000 0.467059 0.330156 0.820276 0.000000
-0.045316 0.001366 0.257000 0.463653 0.288965 0.837571 0.000000
-0.038661 0.001345 0.253000 0.500895 -0.227244 0.835143 0.000000
0.026397 0.001388 0.261000 -0.746474 0.199862 0.634691 0.000000
0.034030 0.001451 0.273000 -0.769361 0.154175 0.619930 0.000000
-0.048713 0.001986 0.259000 0.404582 0.277244 0.871464 0.000000
-0.041801 0.001948 0.254000 0.489918 0.139858 0.860477 0.000000
0.024274 0.001978 0.258000 -0.588038 0.111307 0.801138 0.000000
0.031634 0.002063 0.269000 -0.806843 0.178431 0.563175 0.000000
-0.050541 0.002595 0.259000 0.431841 0.233365 0.871237 0.000000
-0.043764 0.002555 0.255000 0.518227 0.124177 0.846180 0.000000
0.022367 0.002575 0.257000 0.033640 0.260992 -0.964755 0.000000
0.029184 0.002645 0.264000 -0.734128 0.198259 0.649422 0.000000
0.036866 0.002755 0.275000 -0.653690 0.141041 0.743503 0.000000
-0.047312 0.003192 0.258000 0.372006 0.011324 0.928161 0.000000
-0.040606 0.003142 0.254000 0.412191 -0.005759 0.911079 0.000000
0.024274 0.003192 0.258000 -0.562770 0.141424 0.814426 0.000000
0.031516 0.003315 0.268000 -0.807890 0.279255 0.518971 0.000000
-0.052368 0.003813 0.259000 0.547251 -0.117343 0.828702 0.000000
-0.045920 0.003783 0.257000 0.493970 -0.172926 0.852109 0.000000
-0.039412 0.003739 0.254000 0.082294 -0.274333 0.958107 0.000000
0.024368 0.003813 0.259000 -0.638561 0.282424 0.715875 0.000000
0.031399 0.003931 0.267000 -0.781278 0.292666 0.551318 0.000000
-0.052570 0.004439 0.260000 0.547251 -0.117343 0.828702 0.000000
-0.045920 0.004388 0.257000 0.528706 -0.166588 0.832297 0.000000
-0.039412 0.004337 0.254000 0.225555 0.402855 -0.887036 0.000000
0.023851 0.004439 0.260000 -0.364503 0.448250 -0.816216 0.000000
0.030540 0.004524 0.265000 -0.743169 0.260554 0.616288 0.000000
-0.053792 0.005050 0.260000 0.527925 -0.262259 0.807784 0.000000
-0.047495 0.005031 0.259000 0.254619 -0.380226 0.889155 0.000000
-0.040446 0.004914 0.253000 0.355324 -0.183953 0.916464 0.000000
0.023418 0.005089 0.262000 -0.389762 0.541259 -0.745067 0.000000
0.029804 0.005128 0.264000 -0.729652 0.263571 0.630983 0.000000
0.037376 0.005322 0.274000 -0.450487 0.046201 0.891587 0.000000
-0.048290 0.005662 0.260000 0.251683 -0.492879 0.832902 0.000000
-0.040879 0.005488 0.252000 0.354514 -0.239524 0.903852 0.000000
0.020959 0.005880 0.270000 -0.143998 0.844096 -0.516495 0.000000
0.026296 0.005662 0.260000 -0.742118 0.302107 0.598324 0.000000
0.033781 0.005901 0.271000 -0.560355 0.232671 0.794900 0.000000
-0.052358 0.006321 0.262000 0.361510 -0.517867 0.775322 0.000000
-0.045139 0.006177 0.256000 0.600126 -0.158536 0.784038 0.000000
-0.038661 0.006104 0.253000 0.403701 0.456064 -0.793115 0.000000
0.021753 0.006563 0.272000 -0.051524 0.819734 -0.570423 0.000000
0.026907 0.006273 0.260000 -0.683471 0.424376 0.593947 0.000000
0.034545 0.006563 0.272000 -0.448228 -0.034832 0.893240 0.000000
-0.048476 0.006911 0.261000 0.208667 -0.542194 0.813931 0.000000
-0.041041 0.006699 0.253000 0.126514 -0.411257 0.902697 0.000000
0.015821 0.007123 0.269000 -0.410695 -0.712285 0.569192 0.000000
0.022948 0.007176 0.271000 -0.263402 0.835935 -0.481490 0.000000
0.028130 0.006884 0.260000 -0.696650 0.411828 0.587433 0.000000
0.035824 0.007202 0.272000 -0.560355 0.232671 0.794900 0.000000
-0.047067 0.007496 0.260000 0.326073 -0.560957 0.760922 0.000000
-0.039851 0.007294 0.253000 0.095116 0.443940 -0.890994 0.000000
0.013820 0.007698 0.267000 -0.537169 -0.610235 0.582291 0.000000
0.023585 0.007813 0.271000 0.039806 0.877991 -0.477020 0.000000
0.029466 0.007525 0.261000 -0.660883 0.430414 0.614799 0.000000
-0.054613 0.008138 0.261000 0.289747 -0.605798 0.740983 0.000000
-0.045668 0.008076 0.259000 0.500205 -0.536505 0.679675 0.000000
-0.038814 0.007920 0.254000 0.497759 0.304370 -0.812154 0.000000
0.011266 0.008294 0.266000 -0.616311 -0.576256 0.536741 0.000000
0.022805 0.008637 0.277000 -0.396176 -0.832234 0.387854 0.000000
0.028022 0.008076 0.259000 -0.570123 0.397614 0.718932 0.000000
-0.054822 0.008786 0.262000 0.150222 -0.668138 0.728714 0.000000
-0.049033 0.008853 0.264000 0.107653 -0.771407 0.627170 0.000000
-0.041365 0.008551 0.255000 0.215311 -0.565850 0.795899 0.000000
-0.035786 0.008651 0.258000 0.354436 0.439657 -0.825274 0.000000
-0.026619 0.009993 0.298000 0.855908 -0.075100 -0.511646 0.000000
0.014027 0.009087 0.271000 -0.651534 -0.494668 0.575158 0.000000
0.026397 0.008752 0.261000 -0.984182 0.154975 -0.085842 0.000000
0.034797 0.009020 0.269000 -0.674855 0.405267 0.616709 0.000000
-0.051516 0.009473 0.264000 0.097814 -0.762522 0.639526 0.000000
-0.044794 0.009366 0.261000 0.429022 -0.690018 0.582937 0.000000
-0.037768 0.009151 0.255000 0.446399 0.360057 -0.819199 0.000000
-0.032138 0.010012 0.279000 0.041554 -0.990997 -0.127269 0.000000
-0.027228 0.010658 0.297000 0.845415 0.019345 -0.533759 0.000000
0.006121 0.009330 0.260000 -0.682884 -0.430606 0.590125 0.000000
0.013439 0.009761 0.272000 -0.704345 -0.441318 0.556000 0.000000
0.026296 0.009330 0.260000 0.094488 -0.199061 -0.975421 0.000000
0.034037 0.009617 0.268000 -0.721983 0.357060 0.592662 0.000000
-0.051711 0.010132 0.265000 0.113201 -0.768559 0.629684 0.000000
-0.045309 0.010094 0.264000 0.172242 -0.854865 0.489426 0.000000
-0.037916 0.009788 0.256000 0.307519 0.620623 -0.721290 0.000000
-0.033147 0.010782 0.282000 -0.251670 -0.943648 -0.214921 0.000000
-0.027738 0.011280 0.295000 0.629781 0.649434 -0.426159 0.000000
-0.002391 0.009750 0.255000 -0.411367 -0.456892 0.788687 0.000000
0.004221 0.009788 0.256000 -0.575025 -0.536672 0.617519 0.000000
0.010801 0.010324 0.270000 -0.771057 -0.137125 0.621826 0.000000
0.025783 0.009980 0.261000 -0.737816 0.093385 -0.668511 0.000000
0.033033 0.010132 0.265000 -0.728830 0.446421 0.519149 0.000000
-0.052334 0.010756 0.265000 0.123060 -0.765847 0.631138 0.000000
-0.046625 0.010877 0.268000 -0.039752 0.826324 -0.561791 0.000000
-0.038668 0.010431 0.257000 0.286994 0.804261 -0.520383 0.000000
-0.033175 0.011689 0.288000 0.377505 0.924227 -0.057408 0.000000
-0.027044 0.011973 0.295000 0.747390 0.445519 -0.492870 0.000000
0.000605 0.010309 0.254000 -0.433783 -0.501574 0.748502 0.000000
0.006836 0.010715 0.264000 -0.813324 -0.312758 0.490599 0.000000
0.024222 0.010999 0.271000 -0.852791 -0.436651 -0.286502 0.000000
0.029014 0.010431 0.257000 -0.408466 0.301946 0.861385 0.000000
0.036694 0.010918 0.269000 -0.721418 0.364370 0.588889 0.000000
-0.049329 0.011550 0.269000 0.161195 0.742739 -0.649888 0.000000
-0.042205 0.011336 0.264000 0.134397 -0.891890 0.431821 0.000000
-0.035084 0.012323 0.287000 0.383829 0.915055 -0.123891 0.000000
-0.028730 0.012495 0.291000 0.430543 0.860401 -0.272657 0.000000
-0.001192 0.010949 0.255000 -0.431969 -0.370861 0.822110 0.000000
0.004879 0.011121 0.259000 -0.646660 -0.327531 0.688879 0.000000
0.024584 0.011508 0.268000 -0.817045 -0.445077 -0.366529 0.000000
0.029618 0.011035 0.257000 -0.509484 0.358231 0.782366 0.000000
-0.053985 0.012092 0.267000 0.300486 0.665375 -0.683362 0.000000
-0.048422 0.012274 0.271000 0.251435 0.737054 -0.627321 0.000000
-0.039397 0.012047 0.266000 0.178783 -0.787270 0.590121 0.000000
-0.031820 0.013043 0.288000 0.327583 0.943146 -0.056255 0.000000
-0.004190 0.011549 0.255000 -0.423270 -0.237382 0.874352 0.000000
0.001813 0.011594 0.256000 -0.536019 -0.312211 0.784352 0.000000
0.023672 0.012319 0.272000 -0.659329 -0.616278 -0.430682 0.000000
0.028189 0.011549 0.255000 -0.360270 0.487996 0.795026 0.000000
0.035659 0.012047 0.266000 -0.721594 0.444181 0.531042 0.000000
-0.049696 0.012911 0.271000 0.433067 0.629102 -0.645510 0.000000
-0.043164 0.012863 0.270000 0.422147 -0.606895 0.673402 0.000000
-0.035084 0.013673 0.287000 0.522663 0.851521 -0.041643 0.000000
-0.028434 0.013721 0.288000 -0.219227 -0.975649 -0.006924 0.000000
-0.001192 0.012149 0.255000 -0.368991 -0.198197 0.908055 0.000000
0.004879 0.012339 0.259000 -0.671662 -0.259844 0.693795 0.000000
0.025993 0.012244 0.257000 -0.405363 0.459999 0.789989 0.000000
0.032534 0.012434 0.261000 -0.657774 0.431207 0.617570 0.000000
-0.051417 0.013498 0.270000 0.264743 0.599037 -0.755689 0.000000
-0.045569 0.013648 0.273000 0.228598 0.556401 -0.798849 0.000000
-0.036979 0.014298 0.286000 0.429867 0.861340 -0.270753 0.000000
-0.030148 0.014248 0.285000 -0.329595 -0.933945 -0.138255 0.000000
-0.003576 0.012698 0.254000 -0.361618 -0.059396 0.930433 0.000000
0.002415 0.012798 0.256000 -0.548243 -0.200046 0.812041 0.000000
0.024650 0.013098 0.262000 -0.671086 -0.273301 -0.689166 0.000000
0.030223 0.012848 0.257000 -0.430886 0.379604 0.818681 0.000000
-0.053322 0.014133 0.270000 0.422135 0.558974 -0.713688 0.000000
-0.047843 0.014395 0.275000 0.818044 0.160204 -0.552394 0.000000
-0.039392 0.014866 0.284000 0.580340 0.813825 -0.029905 0.000000
-0.032829 0.014918 0.285000 -0.435866 -0.880965 -0.184177 0.000000
-0.005347 0.013243 0.253000 -0.438158 -0.116118 0.891367 0.000000
0.000609 0.013400 0.256000 -0.477983 -0.158752 0.863904 0.000000
0.024217 0.013819 0.264000 -0.697920 -0.634221 -0.332673 0.000000
0.030223 0.013452 0.257000 -0.462399 0.398027 0.792314 0.000000
-0.052882 0.014822 0.271000 0.362399 0.529353 -0.767107 0.000000
-0.047368 0.015096 0.276000 0.818044 0.160204 -0.552394 0.000000
-0.042359 0.015643 0.286000 0.548107 0.761784 -0.345346 0.000000
-0.035510 0.015588 0.285000 0.535811 0.829156 0.159398 0.000000
-0.007132 0.013838 0.253000 -0.320835 0.052962 0.945653 0.000000
-0.001192 0.013947 0.255000 -0.405466 0.043730 0.913064 0.000000
0.025289 0.014002 0.256000 0.060652 -0.643848 -0.762746 0.000000
0.031798 0.014221 0.260000 -0.483242 0.439294 0.757296 0.000000
-0.050970 0.015460 0.271000 0.258928 0.417488 -0.871011 0.000000
-0.045915 0.015916 0.279000 0.833658 -0.148843 -0.531845 0.000000
-0.040624 0.016429 0.288000 0.574884 0.792557 -0.203375 0.000000
-0.033029 0.016030 0.281000 -0.494468 -0.773793 -0.395910 0.000000
-0.004157 0.014433 0.253000 -0.379852 0.039071 0.924222 0.000000
0.025289 0.014604 0.256000 0.052274 -0.694173 -0.717908 0.000000
0.031798 0.014832 0.260000 -0.483242 0.439294 0.757296 0.000000
-0.050519 0.016156 0.272000 0.139668 0.224892 -0.964322 0.000000
-0.045745 0.016750 0.282000 0.783977 0.449391 -0.428285 0.000000
-0.040085 0.017166 0.289000 0.574884 0.792557 -0.203375 0.000000
-0.031908 0.016453 0.277000 -0.621666 -0.660369 -0.421241 0.000000
0.023851 0.015444 0.260000 -0.620343 -0.513594 -0.592787 0.000000
0.030340 0.015325 0.258000 -0.346967 0.498481 0.794437 0.000000
-0.050333 0.016734 0.271000 0.170698 0.136836 -0.975776 0.000000
-0.045908 0.017475 0.283000 0.942747 -0.046395 -0.330267 0.000000
-0.040224 0.017907 0.290000 0.521855 0.826988 -0.209185 0.000000
-0.031677 0.016981 0.275000 -0.617876 -0.679383 -0.395814 0.000000
0.022355 0.016302 0.264000 -0.701133 -0.678177 -0.220202 0.000000
0.027481 0.015684 0.254000 -0.520110 0.399503 0.754906 0.000000
-0.053272 0.017500 0.273000 0.496615 0.052641 -0.866373 0.000000
-0.047025 0.017564 0.274000 0.696538 -0.074355 -0.713657 0.000000
-0.040363 0.018653 0.291000 0.566038 0.824247 -0.014744 0.000000
-0.022369 0.019679 0.307000 0.637348 0.598203 -0.485736 0.000000
0.020023 0.017051 0.266000 -0.356336 -0.835337 -0.418614 0.000000
0.025092 0.016282 0.254000 -0.229438 -0.766844 -0.599424 0.000000
0.031921 0.016730 0.261000 0.195588 -0.630783 -0.750905 0.000000
-0.048422 0.018009 0.271000 0.035904 -0.017353 -0.999205 0.000000
-0.042561 0.019404 0.292000 0.549465 0.812020 -0.196753 0.000000
-0.032970 0.018274 0.275000 -0.522651 -0.722681 -0.452291 0.000000
0.023575 0.017078 0.257000 -0.566085 -0.760143 -0.318952 0.000000
0.030340 0.017145 0.258000 -0.366853 0.600471 0.710530 0.000000
-0.048422 0.018646 0.271000 0.118079 -0.143635 -0.982561 0.000000
-0.041188 0.020091 0.292000 0.549465 0.812020 -0.196753 0.000000
0.019872 0.018164 0.264000 -0.369831 -0.816365 -0.443592 0.000000
0.024894 0.017339 0.252000 -0.441813 -0.728561 -0.523450 0.000000
-0.052631 0.019425 0.273000 0.088074 -0.109436 -0.990084 0.000000
-0.044842 0.020564 0.289000 0.654495 0.740894 -0.150708 0.000000
-0.038178 0.020635 0.290000 0.566038 0.824247 -0.014744 0.000000
0.018701 0.018856 0.265000 -0.299950 -0.837022 -0.457630 0.000000
0.024302 0.017931 0.252000 -0.586457 -0.724558 -0.362054 0.000000
-0.052631 0.020067 0.273000 0.127637 -0.144135 -0.981292 0.000000
-0.046211 0.020067 0.273000 0.007268 -0.437352 -0.899261 0.000000
-0.042018 0.021537 0.293000 0.549465 0.812020 -0.196753 0.000000
0.013768 0.019553 0.266000 0.111659 -0.828001 -0.549497 0.000000
0.019722 0.019259 0.262000 -0.439765 -0.773767 -0.455951 0.000000
0.024796 0.018450 0.251000 -0.586457 -0.724558 -0.362054 0.000000
-0.050970 0.020558 0.271000 -0.115702 -0.070270 -0.990795 0.000000
-0.045092 0.020785 0.274000 0.410142 -0.568303 -0.713313 0.000000
-0.041188 0.022151 0.292000 0.549465 0.812020 -0.196753 0.000000
0.013044 0.020027 0.264000 0.113721 -0.872508 -0.475181 0.000000
0.019033 0.019799 0.261000 -0.349904 -0.792072 -0.500190 0.000000
0.024205 0.019040 0.251000 -0.603599 -0.710201 -0.362330 0.000000
-0.051159 0.021273 0.272000 -0.095533 -0.089654 -0.991381 0.000000
-0.044927 0.021351 0.273000 0.111499 -0.352518 -0.929139 0.000000
-0.041188 0.022837 0.292000 0.686480 0.674180 -0.272446 0.000000
0.011097 0.020491 0.262000 0.281963 -0.823875 -0.491657 0.000000
0.017257 0.020491 0.262000 -0.216179 -0.890460 -0.400434 0.000000
0.022524 0.019709 0.252000 -0.585728 -0.695812 -0.415654 0.000000
0.028675 0.019865 0.254000 -0.731910 -0.067546 0.678045 0.000000
-0.046510 0.021832 0.271000 -0.320048 -0.103855 -0.941692 0.000000
-0.042507 0.023121 0.287000 0.804723 0.577059 0.139371 0.000000
0.006098 0.020865 0.259000 0.396494 -0.669361 -0.628290 0.000000
0.012329 0.021107 0.262000 0.182655 -0.864213 -0.468800 0.000000
0.018278 0.020865 0.259000 -0.430931 -0.777836 -0.457460 0.000000
0.023521 0.020140 0.250000 -0.543576 -0.700031 -0.463121 0.000000
-0.052823 0.022718 0.274000 -0.220506 0.071623 -0.972752 0.000000
-0.045873 0.022469 0.271000 -0.316008 -0.118440 -0.941335 0.000000
-0.041687 0.023713 0.286000 0.804723 0.577059 0.139371 0.000000
0.003633 0.021308 0.257000 0.464277 -0.462943 -0.755070 0.000000
0.009752 0.021474 0.259000 0.333394 -0.779535 -0.530258 0.000000
0.015903 0.021557 0.260000 0.300170 -0.829949 -0.470194 0.000000
0.021254 0.020811 0.251000 -0.508342 -0.753996 -0.416026 0.000000
0.027697 0.021226 0.256000 -0.782926 -0.415673 0.462864 0.000000
-0.046167 0.022936 0.269000 -0.379533 -0.126627 -0.916472 0.000000
-0.041471 0.023874 0.280000 0.914928 -0.203596 -0.348504 0.000000
0.000607 0.021742 0.255000 0.401496 -0.504551 -0.764349 0.000000
0.006681 0.021998 0.258000 0.331348 -0.738692 -0.586977 0.000000
0.012747 0.021998 0.258000 0.069122 -0.799740 -0.596354 0.000000
0.018595 0.021742 0.255000 -0.471034 -0.845569 -0.251277 0.000000
0.024109 0.021316 0.250000 -0.656879 -0.745674 -0.111718 0.000000
-0.048064 0.023568 0.269000 -0.376432 -0.174984 -0.909769 0.000000
-0.042204 0.023831 0.272000 0.351233 -0.727708 -0.589131 0.000000
-0.036333 0.024620 0.281000 -0.465384 -0.830319 -0.306574 0.000000
0.002415 0.022429 0.256000 0.360154 -0.645335 -0.673670 0.000000
0.008369 0.022254 0.254000 0.251028 -0.878771 -0.405890 0.000000
0.014511 0.022517 0.257000 -0.144134 -0.822178 -0.550680 0.000000
0.020074 0.021991 0.251000 -0.422993 -0.826063 -0.372420 0.000000
-0.051989 0.024561 0.273000 0.437720 -0.049282 0.897760 0.000000
-0.044735 0.024111 0.268000 0.512643 0.138147 0.847415 0.000000
-0.039580 0.024831 0.276000 -0.011561 -0.956882 -0.290246 0.000000
-0.032371 0.024291 0.270000 -0.526848 -0.734227 -0.428184 0.000000
-0.000588 0.022761 0.253000 0.242726 -0.693538 -0.678299 0.000000
0.005340 0.022672 0.252000 0.199538 -0.926483 -0.319084 0.000000
0.011310 0.022761 0.253000 0.065963 -0.972537 -0.223205 0.000000
0.017995 0.022941 0.255000 -0.533953 -0.812286 -0.234705 0.000000
0.023427 0.022402 0.249000 -0.585707 -0.775921 -0.234295 0.000000
-0.048064 0.024833 0.269000 0.489007 -0.003280 0.872274 0.000000
-0.041584 0.024741 0.268000 -0.048455 -0.742855 -0.667696 0.000000
-0.036467 0.025572 0.277000 -0.543865 -0.781353 -0.306102 0.000000
-0.007727 0.023356 0.253000 -0.016811 -0.293015 -0.955960 0.000000
-0.001756 0.023079 0.250000 0.055019 -0.899458 -0.433530 0.000000
0.004106 0.022987 0.249000 0.163746 -0.873395 -0.458660 0.000000
0.012451 0.023264 0.252000 -0.266080 -0.892079 0.365236 0.000000
0.018894 0.023172 0.251000 -0.564882 -0.815511 -0.125898 0.000000
0.028789 0.025110 0.272000 -0.852951 0.068793 0.517439 0.000000
-0.047432 0.025466 0.269000 0.518698 -0.060425 0.852819 0.000000
-0.040801 0.025277 0.267000 -0.191184 -0.570882 -0.798462 0.000000
-0.035298 0.025845 0.273000 -0.529152 -0.774031 -0.347670 0.000000
-0.012486 0.023951 0.253000 0.235738 -0.063668 0.969729 0.000000
-0.006459 0.023667 0.250000 -0.109888 -0.815161 -0.568715 0.000000
-0.000571 0.023289 0.246000 0.223852 -0.890453 -0.396212 0.000000
0.005213 0.023289 0.246000 0.249968 -0.872136 -0.420588 0.000000
0.013636 0.023857 0.252000 -0.540736 -0.827722 -0.149936 0.000000
0.019994 0.023667 0.250000 -0.368527 -0.781295 0.503751 0.000000
0.032928 0.026507 0.280000 -0.020677 0.394233 -0.918778 0.000000
-0.045365 0.026002 0.268000 0.638342 -0.047795 0.768267 0.000000
-0.038917 0.025904 0.267000 -0.158756 -0.666478 -0.728425 0.000000
-0.032761 0.026002 0.268000 -0.531299 -0.722682 -0.442100 0.000000
-0.018508 0.024643 0.254000 0.278200 0.124486 0.952422 0.000000
-0.012486 0.024546 0.253000 0.188487 -0.039393 0.981285 0.000000
-0.006382 0.023964 0.247000 -0.148047 -0.913688 -0.378493 0.000000
-0.000567 0.023673 0.244000 0.289213 -0.915713 -0.278973 0.000000
0.009187 0.023673 0.244000 -0.802863 -0.164347 0.573062 0.000000
0.016133 0.024643 0.254000 -0.001058 -0.594568 0.804044 0.000000
0.030186 0.027069 0.279000 -0.799987 0.246346 0.547114 0.000000
-0.049879 0.027029 0.272000 0.444766 -0.170224 0.879322 0.000000
-0.042365 0.026334 0.265000 0.592321 -0.097978 0.799723 0.000000
-0.036406 0.026532 0.267000 -0.377867 -0.600403 -0.704792 0.000000
-0.029564 0.026035 0.262000 -0.607038 -0.523092 -0.598231 0.000000
-0.022867 0.025439 0.256000 0.507699 0.236690 0.828384 0.000000
-0.016716 0.025240 0.254000 0.239233 0.039759 0.970148 0.000000
-0.010532 0.024744 0.249000 -0.294519 -0.606625 -0.738421 0.000000
-0.004564 0.024147 0.243000 0.162148 -0.943236 -0.289851 0.000000
0.004540 0.023949 0.241000 -0.898501 -0.267420 0.348113 0.000000
0.016730 0.025240 0.254000 0.036597 -0.624421 0.780230 0.000000
0.030842 0.027725 0.279000 -0.806965 0.220682 0.547819 0.000000
-0.048422 0.027567 0.271000 0.546114 -0.179445 0.818266 0.000000
-0.040963 0.026855 0.264000 0.515340 0.026447 0.856578 0.000000
-0.035019 0.027058 0.266000 -0.483606 -0.595305 -0.641667 0.000000
-0.028223 0.026550 0.261000 -0.481151 -0.496533 -0.722460 0.000000
-0.021579 0.025939 0.255000 0.433436 0.136468 0.890791 0.000000
-0.015460 0.025736 0.253000 0.238755 0.081530 0.967651 0.000000
-0.009173 0.024820 0.244000 -0.102426 -0.954865 -0.278823 0.000000
-0.001679 0.024312 0.239000 -0.224456 -0.965034 -0.135387 0.000000
0.003924 0.024210 0.238000 -0.250435 -0.962441 0.104833 0.000000
0.018969 0.025634 0.252000 -0.005670 -0.684209 0.729263 0.000000
0.032269 0.028483 0.280000 -0.813264 0.189304 0.550242 0.000000
-0.047147 0.028204 0.271000 0.584650 -0.121936 0.802070 0.000000
-0.039571 0.027372 0.263000 0.609292 0.050311 0.791348 0.000000
-0.033387 0.027372 0.263000 -0.457778 -0.648633 -0.608041 0.000000
-0.026789 0.026955 0.259000 -0.489556 -0.478285 -0.729094 0.000000
-0.020299 0.026435 0.254000 0.299576 0.090546 0.949766 0.000000
-0.012667 0.025498 0.245000 -0.350967 -0.872999 -0.338665 0.000000
-0.005590 0.024770 0.238000 0.092378 -0.941982 -0.322703 0.000000
0.000007 0.024562 0.236000 -0.215409 -0.970907 -0.104585 0.000000
0.005556 0.024562 0.236000 -0.568395 -0.682463 0.459534 0.000000
0.020911 0.026435 0.254000 -0.212791 -0.739928 0.638142 0.000000
0.032269 0.029141 0.280000 -0.839526 0.156628 0.520253 0.000000
-0.047321 0.028948 0.272000 0.629835 -0.301518 0.715818 0.000000
-0.038953 0.027990 0.263000 0.578947 0.083809 0.811047 0.000000
-0.032519 0.027777 0.261000 -0.543386 -0.593974 -0.593234 0.000000
-0.026079 0.027458 0.258000 -0.468536 -0.476614 -0.743850 0.000000
-0.019702 0.027032 0.254000 0.218759 0.018340 0.975607 0.000000
-0.007795 0.025223 0.237000 0.234564 -0.884932 -0.402338 0.000000
-0.002204 0.025010 0.235000 -0.306302 -0.591116 0.746164 0.000000
0.004408 0.024904 0.234000 -0.530984 -0.692732 0.488035 0.000000
0.028977 0.029799 0.280000 -0.780972 0.306929 0.543947 0.000000
-0.050246 0.029805 0.274000 0.521749 -0.299788 0.798690 0.000000
-0.043004 0.029261 0.269000 0.616377 -0.243303 0.748921 0.000000
-0.034974 0.028391 0.261000 -0.537143 -0.473149 -0.698288 0.000000
-0.028506 0.028065 0.258000 -0.429768 -0.496773 -0.754000 0.000000
-0.022091 0.027629 0.254000 0.299461 0.075262 0.951135 0.000000
-0.009940 0.025563 0.235000 -0.194867 -0.414771 0.888815 0.000000
-0.004376 0.025345 0.233000 -0.298686 0.186544 0.935942 0.000000
0.002208 0.025454 0.234000 -0.480564 -0.626230 0.613917 0.000000
0.021932 0.028173 0.259000 -0.864551 -0.413826 0.285131 0.000000
-0.050890 0.030449 0.274000 0.543544 -0.321425 0.775401 0.000000
-0.043961 0.030116 0.271000 0.589157 -0.277006 0.759053 0.000000
-0.034974 0.029005 0.261000 0.603660 0.359675 0.711497 0.000000
-0.028395 0.028560 0.257000 -0.423928 -0.489005 -0.762338 0.000000
-0.022091 0.028227 0.254000 0.237173 0.017282 0.971314 0.000000
-0.010998 0.026004 0.234000 -0.200186 -0.199480 0.959236 0.000000
-0.005449 0.025782 0.232000 -0.381958 -0.247447 0.890437 0.000000
0.000007 0.025893 0.233000 -0.366028 -0.657000 0.659071 0.000000
0.011999 0.028338 0.255000 -0.682697 0.006433 0.730673 0.000000
0.028420 0.031227 0.281000 -0.760977 0.287544 0.581578 0.000000
-0.046380 0.031094 0.274000 0.552141 -0.264559 0.790664 0.000000
-0.037097 0.029845 0.263000 0.599860 0.129218 0.789601 0.000000
-0.030091 0.029051 0.256000 -0.405888 -0.474606 -0.781028 0.000000
-0.023977 0.028937 0.255000 0.255709 0.099868 0.961582 0.000000
-0.013086 0.026327 0.232000 -0.122073 -0.247622 0.961136 0.000000
-0.007598 0.026214 0.231000 -0.386801 -0.232044 0.892491 0.000000
-0.001637 0.026441 0.233000 -0.399351 -0.582870 0.707659 0.000000
0.005043 0.027008 0.238000 -0.690953 -0.550802 0.468188 0.000000
0.017669 0.029391 0.259000 -0.735077 -0.264623 0.624208 0.000000
-0.047540 0.032085 0.277000 0.711539 -0.313936 0.628615 0.000000
-0.038480 0.030580 0.264000 0.686008 -0.036525 0.726677 0.000000
-0.031294 0.029653 0.256000 0.500656 0.357972 0.788162 0.000000
-0.024577 0.029537 0.255000 0.235044 0.113267 0.965363 0.000000
-0.015795 0.027800 0.240000 0.959867 0.213963 0.181318 0.000000
-0.009728 0.026641 0.230000 -0.418727 -0.260304 0.870006 0.000000
-0.004358 0.026873 0.232000 -0.328254 -0.184478 0.926400 0.000000
0.001112 0.027220 0.235000 -0.479507 -0.596933 0.643230 0.000000
0.012141 0.029885 0.258000 -0.627473 -0.074413 0.775075 0.000000
0.018960 0.030116 0.260000 -0.759056 -0.229407 0.609267 0.000000
-0.045915 0.032973 0.279000 0.990703 -0.003126 0.136005 0.000000
-0.035724 0.030964 0.262000 0.708172 0.088464 0.700476 0.000000
-0.028661 0.030019 0.254000 0.332282 0.202012 0.921292 0.000000
-0.022688 0.030019 0.254000 0.067969 -0.086223 0.993955 0.000000
-0.009728 0.027182 0.230000 -0.333818 -0.319395 0.886878 0.000000
-0.004358 0.027418 0.232000 -0.387889 -0.341570 0.856080 0.000000
0.001117 0.027891 0.236000 -0.504252 -0.589897 0.630676 0.000000
0.012141 0.030491 0.258000 -0.723365 -0.085136 0.685197 0.000000
0.018419 0.030846 0.261000 -0.743055 -0.188901 0.642016 0.000000
-0.040954 0.032303 0.268000 0.681058 -0.149298 0.716848 0.000000
-0.033488 0.031218 0.259000 0.643385 0.254103 0.722141 0.000000
-0.027081 0.030857 0.256000 -0.259598 -0.252878 -0.932020 0.000000
-0.011840 0.027602 0.229000 -0.300384 -0.334390 0.893282 0.000000
-0.006540 0.027964 0.232000 -0.391231 -0.271401 0.879363 0.000000
-0.001103 0.028446 0.236000 -0.439583 -0.545896 0.713277 0.000000
0.005768 0.029531 0.245000 -0.676351 -0.045700 0.735160 0.000000
0.013354 0.031098 0.258000 -0.576408 -0.360883 0.733156 0.000000
0.019722 0.031580 0.262000 -0.759056 -0.229407 0.609267 0.000000
-0.040954 0.032933 0.268000 0.712037 -0.166634 0.682082 0.000000
-0.033488 0.031827 0.259000 0.695973 0.170805 0.697458 0.000000
-0.026975 0.031336 0.255000 0.186020 0.096007 0.977844 0.000000
-0.012378 0.028141 0.229000 -0.340835 -0.339676 0.876614 0.000000
-0.007085 0.028510 0.232000 -0.386259 -0.274450 0.880614 0.000000
-0.001658 0.029001 0.236000 -0.539306 -0.503696 0.674862 0.000000
0.004007 0.029861 0.243000 -0.698341 -0.258081 0.667618 0.000000
0.011489 0.031582 0.257000 -0.801023 -0.123878 0.585676 0.000000
0.017873 0.032196 0.262000 -0.733939 -0.151165 0.662180 0.000000
-0.048574 0.036444 0.291000 0.952519 0.286970 0.101768 0.000000
-0.035861 0.032937 0.263000 0.716207 -0.004587 0.697873 0.000000
-0.028661 0.031810 0.254000 0.316797 0.149019 0.936714 0.000000
-0.022778 0.031936 0.255000 0.078772 0.000485 0.996893 0.000000
-0.009813 0.029055 0.232000 -0.359491 -0.329620 0.872993 0.000000
-0.003861 0.029431 0.235000 -0.454619 -0.455570 0.765361 0.000000
0.002274 0.030182 0.241000 -0.679062 -0.380313 0.627883 0.000000
0.008303 0.031560 0.252000 -0.797533 0.016476 0.603050 0.000000
0.014624 0.032436 0.259000 -0.672204 -0.360523 0.646657 0.000000
0.021274 0.033313 0.266000 -0.732658 -0.044897 0.679114 0.000000
-0.038772 0.033939 0.266000 0.761281 -0.070051 0.644627 0.000000
-0.031294 0.032663 0.256000 0.499286 0.055203 0.864677 0.000000
-0.025275 0.032663 0.256000 -0.070885 -0.031670 -0.996982 0.000000
-0.019180 0.032535 0.255000 0.228008 0.020753 0.973438 0.000000
-0.008759 0.029728 0.233000 -0.376690 -0.308415 0.873490 0.000000
-0.003323 0.030111 0.236000 -0.491454 -0.478784 0.727488 0.000000
0.002864 0.031004 0.243000 -0.655242 -0.341322 0.673911 0.000000
0.008931 0.032280 0.253000 -0.819793 -0.021688 0.572249 0.000000
0.015291 0.033173 0.260000 -0.672204 -0.360523 0.646657 0.000000
-0.042049 0.035214 0.271000 0.759843 -0.262472 0.594766 0.000000
-0.034361 0.033914 0.261000 0.755565 -0.006299 0.655043 0.000000
-0.027575 0.033135 0.255000 0.172023 0.064507 0.982979 0.000000
-0.021663 0.033265 0.256000 -0.117116 -0.065804 -0.990936 0.000000
-0.007146 0.030406 0.234000 -0.366058 -0.334790 0.868284 0.000000
-0.001679 0.031056 0.239000 -0.635444 -0.406015 0.656782 0.000000
0.004040 0.031835 0.245000 -0.616668 -0.294384 0.730108 0.000000
0.010121 0.032875 0.253000 -0.805528 -0.205557 0.555762 0.000000
0.016641 0.034044 0.262000 -0.676380 -0.270303 0.685162 0.000000
-0.038772 0.035190 0.266000 0.759540 -0.124765 0.638383 0.000000
-0.031539 0.034131 0.258000 0.613406 0.070887 0.786580 0.000000
-0.025275 0.033867 0.256000 -0.078393 -0.206897 -0.975217 0.000000
-0.019255 0.033867 0.256000 -0.253686 -0.160858 -0.953818 0.000000
-0.004966 0.031089 0.235000 -0.506348 -0.476433 0.718765 0.000000
0.000576 0.032015 0.242000 -0.595216 -0.479814 0.644590 0.000000
0.006422 0.032808 0.248000 -0.685519 -0.151430 0.712133 0.000000
0.012599 0.033734 0.255000 -0.777024 -0.353252 0.521005 0.000000
-0.047231 0.038643 0.287000 0.969003 0.200377 0.144508 0.000000
-0.037239 0.035546 0.264000 0.754387 -0.102729 0.648342 0.000000
-0.030091 0.034469 0.256000 0.521975 0.141670 0.841113 0.000000
-0.024071 0.034469 0.256000 -0.059412 -0.163146 -0.984811 0.000000
-0.009307 0.031372 0.233000 -0.315839 -0.400091 0.860333 0.000000
-0.003894 0.031910 0.237000 -0.534052 -0.509793 0.674463 0.000000
0.001728 0.032853 0.244000 -0.577516 -0.407575 0.707360 0.000000
0.007619 0.033526 0.249000 -0.739176 -0.087466 0.667809 0.000000
0.013852 0.034469 0.256000 -0.679974 -0.614138 0.400586 0.000000
-0.042204 0.037262 0.272000 0.810397 -0.163506 0.562603 0.000000
-0.034361 0.035756 0.261000 0.767822 -0.073375 0.636447 0.000000
-0.027575 0.034934 0.255000 -0.279911 -0.301278 -0.911527 0.000000
-0.021663 0.035071 0.256000 -0.036745 -0.333326 -0.942095 0.000000
-0.007696 0.032057 0.234000 -0.301080 -0.423299 0.854499 0.000000
-0.002241 0.032742 0.239000 -0.571498 -0.555634 0.603872 0.000000
0.003464 0.033564 0.245000 -0.530062 -0.380356 0.757867 0.000000
0.009375 0.034112 0.249000 -0.781518 -0.012508 0.623757 0.000000
-0.050114 0.040689 0.292000 0.965863 0.214480 0.145283 0.000000
-0.039545 0.037205 0.267000 0.793935 -0.100688 0.599608 0.000000
-0.032270 0.036091 0.259000 0.676663 0.051701 0.734475 0.000000
-0.025877 0.035672 0.256000 -0.168636 -0.362896 -0.916443 0.000000
-0.019857 0.035672 0.256000 -0.261428 -0.431204 -0.863550 0.000000
-0.007696 0.032607 0.234000 -0.423069 -0.522309 0.740409 0.000000
-0.002241 0.033304 0.239000 -0.575081 -0.544268 0.610781 0.000000
0.003464 0.034140 0.245000 -0.531328 -0.368054 0.763038 0.000000
0.009375 0.034697 0.249000 -0.781518 -0.012508 0.623757 0.000000
-0.048920 0.040950 0.289000 0.978405 0.154856 0.136909 0.000000
-0.038772 0.037691 0.266000 0.793200 -0.072528 0.604626 0.000000
-0.031417 0.036416 0.257000 0.616788 0.131382 0.776087 0.000000
-0.025176 0.036133 0.255000 -0.139299 -0.380535 -0.914215 0.000000
-0.019105 0.035991 0.254000 -0.313139 -0.588967 -0.745025 0.000000
-0.008247 0.033157 0.234000 -0.377994 -0.491063 0.784843 0.000000
-0.002803 0.033866 0.239000 -0.584883 -0.524434 0.618774 0.000000
0.002887 0.034716 0.245000 -0.517564 -0.363691 0.774504 0.000000
0.008754 0.035141 0.248000 -0.739176 -0.087466 0.667809 0.000000
-0.048750 0.041486 0.288000 0.980285 0.133324 0.145831 0.000000
-0.038772 0.038317 0.266000 0.794834 -0.067074 0.603108 0.000000
-0.031417 0.037020 0.257000 0.664778 0.136798 0.734409 0.000000
-0.025176 0.036732 0.255000 -0.123160 -0.636842 -0.761094 0.000000
-0.018954 0.036300 0.252000 -0.267440 -0.726462 -0.633031 0.000000
-0.008247 0.033707 0.234000 -0.443424 -0.518596 0.731049 0.000000
-0.002803 0.034428 0.239000 -0.570973 -0.561206 0.599198 0.000000
0.002887 0.035292 0.245000 -0.517564 -0.363691 0.774504 0.000000
0.008754 0.035724 0.248000 -0.739176 -0.087466 0.667809 0.000000
-0.046408 0.041285 0.282000 0.892454 -0.268759 0.362347 0.000000
-0.037239 0.038650 0.264000 0.768850 -0.064914 0.636125 0.000000
-0.030091 0.037478 0.256000 0.651612 0.340190 0.677991 0.000000
-0.023883 0.037186 0.254000 -0.108613 -0.742850 -0.660589 0.000000
-0.012594 0.034111 0.233000 -0.100801 -0.550609 0.828655 0.000000
-0.007177 0.034404 0.235000 -0.472339 -0.515991 0.714597 0.000000
-0.001693 0.035282 0.241000 -0.556636 -0.534718 0.635794 0.000000
0.004040 0.035868 0.245000 -0.485043 -0.387596 0.783902 0.000000
0.009921 0.036307 0.248000 -0.762252 -0.066210 0.643885 0.000000
-0.042515 0.040758 0.274000 0.850642 -0.091954 0.517642 0.000000
-0.034361 0.038824 0.261000 0.792353 -0.011193 0.609961 0.000000
-0.027250 0.037485 0.252000 -0.453949 -0.549265 -0.701597 0.000000
-0.021325 0.037485 0.252000 -0.223036 -0.754917 -0.616730 0.000000
-0.012098 0.034808 0.234000 -0.069309 -0.626159 0.776608 0.000000
-0.006652 0.035105 0.236000 -0.458083 -0.583582 0.670516 0.000000
-0.001136 0.036147 0.243000 -0.499238 -0.562259 0.659261 0.000000
0.004635 0.036593 0.246000 -0.568864 -0.383946 0.727310 0.000000
-0.048073 0.042913 0.284000 0.893015 -0.280919 0.351582 0.000000
-0.038917 0.040344 0.267000 0.802857 -0.050301 0.594045 0.000000
-0.031294 0.038682 0.256000 0.665222 0.252679 0.702590 0.000000
-0.024781 0.037927 0.251000 -0.269434 -0.743062 -0.612588 0.000000
-0.018654 0.037473 0.248000 -0.316051 -0.780359 -0.539584 0.000000
-0.011597 0.035509 0.235000 -0.017479 -0.674568 0.738006 0.000000
-0.006123 0.035811 0.237000 -0.461966 -0.591772 0.660601 0.000000
-0.000567 0.036869 0.244000 -0.507798 -0.546244 0.666152 0.000000
0.005234 0.037322 0.247000 -0.626619 -0.309645 0.715170 0.000000
-0.042360 0.041893 0.273000 0.837336 -0.088782 0.539432 0.000000
-0.034361 0.040051 0.261000 0.802069 0.014333 0.597059 0.000000
-0.027142 0.038517 0.251000 -0.496748 -0.498635 -0.710355 0.000000
-0.021071 0.038210 0.249000 -0.256103 -0.781243 -0.569272 0.000000
-0.014605 0.036676 0.239000 0.329946 -0.717217 0.613787 0.000000
-0.008872 0.036215 0.236000 -0.298264 -0.721074 0.625373 0.000000
-0.003393 0.036982 0.241000 -0.462694 -0.672276 0.577892 0.000000
0.002321 0.037750 0.246000 -0.469820 -0.377180 0.798126 0.000000
-0.044123 0.043002 0.276000 0.896541 -0.098645 0.431837 0.000000
-0.035997 0.041133 0.264000 0.790704 -0.009321 0.612128 0.000000
-0.028322 0.039107 0.251000 -0.594791 -0.422977 -0.683604 0.000000
-0.022152 0.038640 0.248000 -0.332628 -0.745977 -0.576955 0.000000
-0.015992 0.037861 0.243000 0.295905 -0.791762 0.534372 0.000000
-0.009507 0.037082 0.238000 -0.228484 -0.798952 0.556301 0.000000
-0.003976 0.037705 0.242000 -0.446799 -0.675687 0.586360 0.000000
0.001742 0.038328 0.246000 -0.457268 -0.497218 0.737346 0.000000
-0.041412 0.042861 0.271000 0.835821 -0.052820 0.546455 0.000000
-0.033618 0.041121 0.260000 0.816647 0.027711 0.576471 0.000000
-0.026340 0.039381 0.249000 -0.465272 -0.566889 -0.679823 0.000000
-0.020321 0.039065 0.247000 -0.286948 -0.775255 -0.562708 0.000000
-0.014219 0.038274 0.242000 0.089164 -0.901069 0.424410 0.000000
-0.008423 0.037799 0.239000 -0.282061 -0.788010 0.547250 0.000000
-0.002862 0.038590 0.244000 -0.420259 -0.643304 0.639955 0.000000
-0.044772 0.044300 0.276000 0.892066 -0.089537 0.442945 0.000000
-0.035997 0.042374 0.264000 0.801878 -0.004271 0.597472 0.000000
-0.028210 0.040127 0.250000 -0.576806 -0.491231 -0.652676 0.000000
-0.022063 0.039646 0.247000 -0.266648 -0.761376 -0.590936 0.000000
-0.016124 0.039325 0.245000 -0.134306 -0.989935 -0.044611 0.000000
-0.010193 0.038682 0.241000 -0.096417 -0.881908 0.461457 0.000000
-0.004583 0.039164 0.244000 -0.377597 -0.762312 0.525643 0.000000
-0.042844 0.044298 0.272000 0.857535 -0.033587 0.513328 0.000000
-0.035242 0.042832 0.263000 0.811265 -0.001147 0.584678 0.000000
-0.027511 0.040552 0.249000 -0.564927 -0.462086 -0.683618 0.000000
-0.021395 0.040063 0.246000 -0.314615 -0.688793 -0.653132 0.000000
-0.015611 0.040063 0.246000 -0.134306 -0.989935 -0.044611 0.000000
-0.009707 0.039575 0.243000 -0.079333 -0.916259 0.392653 0.000000
-0.004026 0.039901 0.245000 -0.367922 -0.733675 0.571275 0.000000
-0.038917 0.044111 0.267000 0.815843 -0.052797 0.575858 0.000000
-0.031172 0.042129 0.255000 0.712540 0.294059 0.637037 0.000000
-0.024485 0.040972 0.248000 -0.355932 -0.693136 -0.626797 0.000000
-0.018578 0.040807 0.247000 -0.297452 -0.876818 -0.377774 0.000000
-0.012719 0.040642 0.246000 0.015399 -0.992723 0.119428 0.000000
-0.006906 0.040477 0.245000 -0.171046 -0.872376 0.457934 0.000000
-0.039545 0.044739 0.267000 0.815843 -0.052797 0.575858 0.000000
-0.031896 0.042896 0.256000 0.781453 0.251191 0.571169 0.000000
-0.025068 0.041555 0.248000 -0.485892 -0.588689 -0.646030 0.000000
-0.019237 0.041555 0.248000 -0.286948 -0.775255 -0.562708 0.000000
-0.013405 0.041555 0.248000 -0.035796 -0.994459 0.098846 0.000000
-0.041894 0.045877 0.270000 0.834887 -0.037765 0.549124 0.000000
-0.034361 0.044347 0.261000 0.809044 0.028223 0.587070 0.000000
-0.027034 0.042478 0.250000 -0.564927 -0.462086 -0.683618 0.000000
-0.020986 0.042139 0.248000 -0.246833 -0.741628 -0.623748 0.000000
-0.047058 0.047890 0.278000 0.894573 -0.202601 0.398362 0.000000
-0.038917 0.045995 0.267000 0.815843 -0.052797 0.575858 0.000000
-0.031172 0.043928 0.255000 0.756449 0.263734 0.598523 0.000000
-0.024682 0.043066 0.250000 -0.516725 -0.581752 -0.628140 0.000000
-0.037380 0.046273 0.265000 0.822695 -0.001967 0.568479 0.000000
-0.029738 0.044178 0.253000 0.699461 0.319643 0.639204 0.000000
-0.023601 0.043829 0.251000 -0.458949 -0.663321 -0.591076 0.000000
0.019981 0.007255 0.274000 -0.348314 -0.842138 0.411681 2.000000
0.020926 0.008668 0.278000 -0.383722 -0.920846 -0.069289 2.000000
0.018828 0.009255 0.276000 -0.467781 -0.715586 0.518765 2.000000
-0.021507 0.010945 0.305000 0.855908 -0.075100 -0.511646 2.000000
0.018245 0.009940 0.277000 -0.467781 -0.715586 0.518765 2.000000
-0.022790 0.011585 0.303000 0.855908 -0.075100 -0.511646 2.000000
0.015527 0.010515 0.275000 -0.611507 -0.126231 0.781105 2.000000
0.022313 0.010668 0.279000 -0.383722 -0.920846 -0.069289 2.000000
-0.020138 0.012420 0.306000 0.855908 -0.075100 -0.511646 2.000000
0.015527 0.011161 0.275000 0.394764 -0.458759 -0.796054 2.000000
0.022313 0.011324 0.279000 -0.383722 -0.920846 -0.069289 2.000000
-0.021507 0.013096 0.305000 0.855908 -0.075100 -0.511646 2.000000
0.011520 0.011679 0.272000 -0.672275 0.235151 0.701962 2.000000
0.018179 0.011851 0.276000 -0.040976 -0.853238 -0.519910 2.000000
-0.025831 0.013451 0.297000 0.858736 -0.058532 -0.509065 2.000000
-0.019482 0.013904 0.307000 0.855908 -0.075100 -0.511646 2.000000
0.010841 0.012274 0.271000 -0.668788 0.256661 0.697745 2.000000
0.017467 0.012455 0.275000 0.227738 -0.671534 -0.705108 2.000000
-0.027268 0.013816 0.290000 0.350229 0.921971 -0.165251 2.000000
-0.021507 0.014531 0.305000 0.855908 -0.075100 -0.511646 2.000000
0.007513 0.012673 0.266000 -0.807130 0.163251 0.567354 2.000000
0.014079 0.012958 0.272000 0.485938 -0.496181 -0.719492 2.000000
0.020775 0.013149 0.276000 -0.247664 -0.789491 -0.561575 2.000000
-0.025133 0.014848 0.297000 0.864927 -0.066227 -0.497510 2.000000
-0.018760 0.015348 0.307000 0.855908 -0.075100 -0.511646 2.000000
0.009496 0.013448 0.269000 -0.678413 0.294821 0.672932 2.000000
0.016056 0.013648 0.273000 0.298262 -0.597523 -0.744316 2.000000
0.022393 0.013598 0.272000 -0.611618 -0.664418 -0.429503 2.000000
-0.024056 0.015756 0.301000 0.855908 -0.075100 -0.511646 2.000000
-0.017316 0.016070 0.307000 0.864927 -0.066227 -0.497510 2.000000
0.008139 0.013924 0.266000 -0.781268 0.303036 0.545701 2.000000
0.014664 0.014185 0.271000 0.471464 -0.481030 -0.739143 2.000000
0.021192 0.014290 0.273000 -0.551855 -0.701874 -0.450364 2.000000
-0.024963 0.016135 0.295000 0.858736 -0.058532 -0.509065 2.000000
-0.018821 0.016846 0.308000 0.774001 0.343667 -0.531804 2.000000
0.003041 0.014111 0.258000 -0.635341 -0.101625 0.765516 2.000000
0.009425 0.014604 0.267000 -0.681060 0.370429 0.631617 2.000000
0.015938 0.014822 0.271000 0.278039 -0.683083 -0.675346 2.000000
-0.029408 0.015859 0.278000 -0.571893 -0.722796 -0.387948 2.000000
-0.024434 0.016943 0.297000 0.864927 -0.066227 -0.497510 2.000000
-0.018097 0.017570 0.308000 0.774001 0.343667 -0.531804 2.000000
0.000007 0.014604 0.256000 -0.453604 0.003065 0.891198 2.000000
0.006168 0.014946 0.262000 -0.784769 0.217761 0.580275 2.000000
0.012658 0.015346 0.269000 0.451424 -0.519477 -0.725507 2.000000
0.019125 0.015460 0.271000 -0.090032 -0.801746 -0.590845 2.000000
-0.025952 0.016394 0.276000 -0.712178 -0.624462 -0.320702 2.000000
-0.021648 0.018235 0.307000 0.774001 0.343667 -0.531804 2.000000
-0.007103 0.014968 0.252000 -0.310671 0.022739 0.950245 2.000000
-0.001192 0.015147 0.255000 -0.424546 0.033617 0.904782 2.000000
0.004879 0.015384 0.259000 -0.662442 0.083749 0.744417 2.000000
0.011308 0.015859 0.267000 0.536640 -0.540657 -0.647848 2.000000
0.017784 0.016038 0.270000 0.025367 -0.812745 -0.582067 2.000000
-0.026855 0.016796 0.272000 -0.739120 -0.561345 -0.372280 2.000000
-0.023016 0.018895 0.306000 0.658910 0.563272 -0.498560 2.000000
-0.005918 0.015561 0.252000 -0.326563 0.030681 0.944677 2.000000
0.000007 0.015746 0.255000 -0.423278 0.029576 0.905517 2.000000
0.006145 0.016117 0.261000 -0.696578 0.292966 0.654943 2.000000
0.012611 0.016549 0.268000 0.298420 -0.681622 -0.668085 2.000000
0.018913 0.016549 0.268000 -0.218734 -0.838016 -0.499885 2.000000
-0.023831 0.017564 0.274000 -0.722336 -0.605637 -0.333817 2.000000
-0.006511 0.016153 0.252000 -0.300962 0.011268 0.953570 2.000000
-0.000592 0.016346 0.255000 -0.429460 0.059682 0.901112 2.000000
0.005510 0.016666 0.260000 -0.661262 0.208148 0.720699 2.000000
0.011936 0.017115 0.267000 0.402568 -0.670603 -0.623081 2.000000
0.018283 0.017179 0.268000 -0.218734 -0.838016 -0.499885 2.000000
-0.025733 0.017743 0.267000 -0.655991 -0.656922 -0.371658 2.000000
-0.011207 0.016680 0.251000 0.028151 -0.051563 0.998273 2.000000
-0.005347 0.016812 0.253000 -0.320867 0.027438 0.946727 2.000000
0.000609 0.017012 0.256000 -0.527953 0.052017 0.847679 2.000000
0.006758 0.017344 0.261000 -0.670829 0.356216 0.650460 2.000000
0.013192 0.017743 0.267000 0.224687 -0.765563 -0.602851 2.000000
-0.031854 0.018646 0.271000 -0.563738 -0.740078 -0.366721 2.000000
-0.024823 0.018164 0.264000 -0.628991 -0.631414 -0.453526 2.000000
-0.017910 0.017476 0.254000 0.353708 -0.045554 0.934246 2.000000
-0.011207 0.017270 0.251000 0.033761 -0.068795 0.997059 2.000000
-0.005347 0.017407 0.253000 -0.315698 -0.027896 0.948449 2.000000
0.000607 0.017545 0.255000 -0.487908 0.068746 0.870184 2.000000
0.006758 0.017958 0.261000 -0.608965 0.448083 0.654510 2.000000
0.013192 0.018371 0.267000 0.214759 -0.770453 -0.600233 2.000000
-0.030756 0.018998 0.267000 -0.617261 -0.696164 -0.366530 2.000000
-0.023927 0.018572 0.261000 0.677106 0.378502 0.631082 2.000000
-0.017313 0.018073 0.254000 0.353708 -0.045554 0.934246 2.000000
-0.011251 0.017931 0.252000 0.010943 -0.129686 0.991495 2.000000
-0.005347 0.018002 0.253000 -0.310602 -0.035533 0.949876 2.000000
0.000607 0.018145 0.255000 -0.483439 0.086841 0.871060 2.000000
0.006732 0.018500 0.260000 0.537584 -0.427287 -0.726931 2.000000
0.013142 0.018927 0.266000 0.131016 -0.828373 -0.544641 2.000000
-0.026996 0.019185 0.261000 0.675487 0.395602 0.622267 2.000000
-0.020459 0.018818 0.256000 0.480630 0.173108 0.859667 2.000000
-0.014214 0.018524 0.252000 0.280016 -0.039752 0.959172 2.000000
-0.008289 0.018524 0.252000 -0.155152 -0.027769 0.987500 2.000000
-0.002382 0.018671 0.254000 -0.418041 0.152416 0.895551 2.000000
0.003647 0.018965 0.258000 -0.600279 0.177247 0.779903 2.000000
0.009865 0.019259 0.262000 0.405976 -0.751843 -0.519534 2.000000
-0.028332 0.019875 0.262000 0.689371 0.447120 0.569957 2.000000
-0.021663 0.019420 0.256000 0.534998 0.184181 0.824533 2.000000
-0.015460 0.019192 0.253000 0.302574 -0.066575 0.950798 2.000000
-0.009474 0.019116 0.252000 -0.047066 -0.069157 0.996495 2.000000
-0.003576 0.019268 0.254000 -0.316333 0.089024 0.944462 2.000000
0.002425 0.019496 0.257000 -0.565880 0.274558 0.777430 2.000000
0.008599 0.019799 0.261000 0.406199 -0.745731 -0.528098 2.000000
-0.026893 0.020334 0.260000 0.675487 0.395602 0.622267 2.000000
-0.020379 0.019943 0.255000 0.435802 0.142508 0.888689 2.000000
-0.014270 0.019787 0.253000 0.231075 -0.099968 0.967787 2.000000
-0.008289 0.019709 0.252000 -0.164610 0.008399 0.986323 2.000000
-0.002382 0.019865 0.254000 -0.403653 0.155709 0.901565 2.000000
0.003647 0.020178 0.258000 0.511691 -0.456189 -0.728055 2.000000
-0.030525 0.021349 0.265000 -0.607073 -0.614070 -0.504361 2.000000
-0.023561 0.020704 0.257000 0.603406 0.193818 0.773522 2.000000
-0.017313 0.020462 0.254000 0.319944 0.015891 0.947303 2.000000
-0.011251 0.020301 0.252000 0.117386 -0.027753 0.992698 2.000000
-0.005347 0.020382 0.253000 -0.201624 0.025717 0.979125 2.000000
0.000607 0.020543 0.255000 -0.440512 0.282416 0.852168 2.000000
-0.030525 0.021972 0.265000 -0.607073 -0.614070 -0.504361 2.000000
-0.023561 0.021308 0.257000 0.606182 0.209945 0.767116 2.000000
-0.017313 0.021060 0.254000 0.295764 0.032340 0.954713 2.000000
-0.011251 0.020894 0.252000 0.131346 -0.042909 0.990407 2.000000
-0.005347 0.020977 0.253000 -0.201624 0.025717 0.979125 2.000000
0.000607 0.021143 0.255000 0.401496 -0.504551 -0.764349 2.000000
-0.027610 0.022254 0.261000 -0.640450 -0.488243 -0.592825 2.000000
-0.020979 0.021742 0.255000 0.322752 0.128781 0.937682 2.000000
-0.014865 0.021572 0.253000 0.219431 -0.134870 0.966261 2.000000
-0.008916 0.021572 0.253000 -0.052561 -0.062044 0.996688 2.000000
-0.002979 0.021657 0.254000 -0.325040 0.156100 0.932728 2.000000
-0.028948 0.022955 0.262000 -0.634403 -0.537940 -0.555115 2.000000
-0.022265 0.022429 0.256000 0.539347 0.240566 0.806990 2.000000
-0.016119 0.022254 0.254000 0.276794 0.026039 0.960576 2.000000
-0.010106 0.022167 0.253000 0.057808 -0.056346 0.996736 2.000000
-0.004157 0.022167 0.253000 0.308254 -0.241051 -0.920257 2.000000
-0.026893 0.023391 0.260000 -0.617602 -0.417912 -0.666271 2.000000
-0.020379 0.022941 0.255000 0.313475 0.137223 0.939629 2.000000
-0.014327 0.022851 0.254000 0.225342 -0.005429 0.974265 2.000000
-0.008321 0.022761 0.253000 -0.031286 -0.192617 -0.980775 2.000000
-0.026893 0.024003 0.260000 -0.587352 -0.430103 -0.685587 2.000000
-0.020379 0.023541 0.255000 0.313475 0.137223 0.939629 2.000000
-0.014327 0.023449 0.254000 0.216786 -0.004458 0.976209 2.000000
-0.027610 0.024709 0.261000 -0.562962 -0.485351 -0.668961 2.000000
-0.020979 0.024141 0.255000 0.363233 0.200138 0.909949 2.000000
-0.026180 0.025128 0.259000 -0.563988 -0.376221 -0.735102 2.000000
-0.019105 0.024643 0.254000 0.285673 0.176907 0.941857 2.000000
0.005277 -0.001604 0.249000 -0.440071 -0.445716 0.779535 1.000000
0.011355 -0.001636 0.254000 -0.438784 -0.707885 0.553505 1.000000
-0.001721 -0.001002 0.245000 -0.370999 -0.307024 0.876411 1.000000
0.004089 -0.001014 0.248000 -0.461039 -0.361436 0.810436 1.000000
0.010161 -0.001039 0.254000 -0.531506 -0.646359 0.547468 1.000000
-0.010849 -0.000422 0.243000 -0.087465 -0.710146 0.698600 1.000000
-0.005157 -0.000424 0.244000 -0.288145 -0.427626 0.856801 1.000000
0.000585 -0.000428 0.246000 -0.436260 -0.338526 0.833713 1.000000
0.006499 -0.000436 0.251000 -0.509032 -0.495208 0.704027 1.000000
0.012698 -0.000447 0.257000 -0.470157 -0.686244 0.554997 1.000000
-0.015421 0.000149 0.243000 -0.235549 -0.656771 0.716357 1.000000
-0.009787 0.000150 0.245000 -0.050869 -0.626329 0.777897 1.000000
-0.004009 0.000150 0.244000 -0.267064 -0.411922 0.871205 1.000000
0.001749 0.000152 0.247000 -0.455394 -0.360079 0.814223 1.000000
0.007710 0.000155 0.252000 -0.582391 -0.547905 0.600517 1.000000
0.014015 0.000159 0.259000 -0.414413 -0.729443 0.544220 1.000000
-0.032583 0.000747 0.252000 0.238504 -0.776018 0.583877 1.000000
-0.026340 0.000738 0.249000 0.523601 -0.667669 0.529208 1.000000
-0.019992 0.000720 0.243000 0.285590 -0.604456 0.743688 1.000000
-0.014337 0.000723 0.244000 -0.209271 -0.609737 0.764478 1.000000
-0.008634 0.000726 0.245000 0.024913 -0.538499 0.842258 1.000000
-0.002873 0.000726 0.245000 -0.307469 -0.390620 0.867686 1.000000
0.002923 0.000735 0.248000 -0.482726 -0.404938 0.776532 1.000000
0.008966 0.000753 0.254000 -0.604535 -0.568970 0.557504 1.000000
0.015350 0.000774 0.261000 0.221006 0.802505 -0.554205 1.000000
-0.036282 0.001345 0.253000 0.199332 0.623217 -0.756219 1.000000
-0.030333 0.001345 0.253000 0.325795 -0.765635 0.554672 1.000000
-0.023902 0.001318 0.248000 0.519778 -0.482118 0.705260 1.000000
-0.017706 0.001292 0.243000 -0.220670 -0.570870 0.790830 1.000000
-0.012140 0.001308 0.246000 -0.080291 -0.471318 0.878301 1.000000
-0.006330 0.001302 0.245000 -0.111130 -0.451540 0.885303 1.000000
-0.000574 0.001313 0.247000 -0.403677 -0.367000 0.838066 1.000000
0.005319 0.001334 0.251000 -0.562296 -0.418736 0.713080 1.000000
0.011534 0.001372 0.258000 -0.555362 -0.620906 0.553217 1.000000
0.017873 0.001393 0.262000 -0.026779 0.791191 -0.610982 1.000000
-0.037022 0.001948 0.254000 0.389843 0.559961 -0.731072 1.000000
-0.031172 0.001955 0.255000 0.282411 -0.759545 0.585948 1.000000
-0.024584 0.001909 0.249000 0.556916 -0.479739 0.678008 1.000000
-0.018353 0.001871 0.244000 -0.055289 -0.521571 0.851415 1.000000
-0.012719 0.001886 0.246000 -0.114677 -0.399415 0.909569 1.000000
-0.006906 0.001879 0.245000 0.009866 -0.448589 0.893684 1.000000
-0.001155 0.001894 0.247000 -0.364542 -0.365337 0.856526 1.000000
0.004710 0.001917 0.250000 -0.525069 -0.421176 0.739536 1.000000
0.010927 0.001978 0.258000 -0.590602 -0.588468 0.552173 1.000000
0.017389 0.002024 0.264000 0.093501 0.824481 -0.558111 1.000000
-0.037168 0.002555 0.255000 0.411040 0.481720 -0.773946 1.000000
-0.031294 0.002565 0.256000 0.288265 -0.723511 0.627244 1.000000
-0.024584 0.002495 0.249000 0.556916 -0.479739 0.678008 1.000000
-0.018353 0.002445 0.244000 -0.004819 -0.486015 0.873937 1.000000
-0.012719 0.002465 0.246000 -0.134548 -0.379277 0.915448 1.000000
-0.006906 0.002455 0.245000 0.010586 -0.435629 0.900064 1.000000
-0.001155 0.002475 0.247000 -0.360198 -0.414980 0.835493 1.000000
0.004710 0.002505 0.250000 -0.532146 -0.420404 0.734902 1.000000
0.010927 0.002585 0.258000 -0.610553 -0.570254 0.549578 1.000000
0.017455 0.002655 0.265000 0.124435 0.849992 -0.511888 1.000000
-0.036712 0.003167 0.256000 0.438231 0.517194 -0.735162 1.000000
-0.030692 0.003167 0.256000 0.377940 -0.656686 0.652629 1.000000
-0.023902 0.003068 0.248000 0.550431 -0.460792 0.696201 1.000000
-0.017852 0.003031 0.245000 -0.080917 -0.413567 0.906871 1.000000
-0.012190 0.003055 0.247000 -0.092421 -0.329604 0.939585 1.000000
-0.006330 0.003031 0.245000 -0.140864 -0.457199 0.878138 1.000000
-0.000574 0.003055 0.247000 -0.398847 -0.425904 0.812113 1.000000
0.005319 0.003105 0.251000 -0.574749 -0.434441 0.693487 1.000000
0.011579 0.003204 0.259000 -0.609841 -0.575696 0.544672 1.000000
0.018078 0.003278 0.265000 0.108784 0.895324 -0.431927 1.000000
-0.035315 0.003813 0.259000 0.324956 0.503742 -0.800405 1.000000
-0.028661 0.003739 0.254000 0.420064 -0.649376 0.633922 1.000000
-0.022063 0.003636 0.247000 0.529142 -0.399780 0.748455 1.000000
-0.016124 0.003607 0.245000 -0.199847 -0.396988 0.895802 1.000000
-0.010447 0.003636 0.247000 -0.039354 -0.346938 0.937062 1.000000
-0.004602 0.003607 0.245000 -0.193281 -0.426657 0.883519 1.000000
0.001173 0.003651 0.248000 -0.471495 -0.426600 0.771819 1.000000
0.007146 0.003725 0.253000 -0.648084 -0.469761 0.599426 1.000000
0.013561 0.003857 0.262000 -0.557056 -0.640252 0.528929 1.000000
0.019872 0.003887 0.264000 -0.037057 0.907130 -0.419215 1.000000
-0.032752 0.004405 0.258000 0.042319 0.616928 -0.785881 1.000000
-0.025962 0.004285 0.251000 0.639288 -0.491732 0.591195 1.000000
-0.019500 0.004166 0.244000 0.277552 -0.371203 0.886100 1.000000
-0.013876 0.004200 0.246000 -0.170497 -0.324897 0.930254 1.000000
-0.008091 0.004200 0.246000 0.021020 -0.392680 0.919435 1.000000
-0.002316 0.004217 0.247000 -0.323594 -0.455534 0.829322 1.000000
0.003534 0.004268 0.250000 -0.512285 -0.442233 0.736202 1.000000
0.009676 0.004388 0.257000 -0.647333 -0.534758 0.543133 1.000000
0.016148 0.004507 0.264000 0.144742 0.865361 -0.479792 1.000000
-0.036392 0.005012 0.258000 0.447411 0.438803 -0.779279 1.000000
-0.029973 0.004953 0.255000 0.407601 -0.617649 0.672586 1.000000
-0.023225 0.004798 0.247000 0.530646 -0.404201 0.745008 1.000000
-0.017276 0.004759 0.245000 -0.133638 -0.406860 0.903663 1.000000
-0.011562 0.004778 0.246000 -0.087701 -0.321801 0.942737 1.000000
-0.005777 0.004778 0.246000 -0.177566 -0.424398 0.887894 1.000000
0.000007 0.004837 0.249000 -0.430877 -0.503698 0.748754 1.000000
0.005933 0.004895 0.252000 -0.600656 -0.480453 0.639044 1.000000
0.012282 0.005070 0.261000 -0.560438 -0.624286 0.544221 1.000000
0.018842 0.005186 0.267000 -0.001367 0.864933 -0.501885 1.000000
-0.033488 0.005640 0.259000 0.238937 0.588042 -0.772733 1.000000
-0.026658 0.005488 0.252000 0.640200 -0.494282 0.588073 1.000000
-0.020156 0.005335 0.245000 0.363260 -0.295793 0.883487 1.000000
-0.014454 0.005357 0.246000 -0.199926 -0.255426 0.945932 1.000000
-0.008670 0.005357 0.246000 -0.030828 -0.358695 0.932946 1.000000
-0.002897 0.005379 0.247000 -0.330368 -0.483872 0.810386 1.000000
0.002946 0.005444 0.250000 -0.508119 -0.470565 0.721376 1.000000
0.009072 0.005596 0.257000 -0.664097 -0.515145 0.541849 1.000000
0.015586 0.005771 0.265000 -0.281670 -0.825191 0.489615 1.000000
-0.035179 0.006225 0.258000 0.307833 0.454924 -0.835634 1.000000
-0.028661 0.006128 0.254000 0.532223 -0.491087 0.689618 1.000000
-0.021974 0.005935 0.246000 0.492330 -0.407674 0.769034 1.000000
-0.016124 0.005911 0.245000 -0.165292 -0.328575 0.929902 1.000000
-0.010447 0.005959 0.247000 -0.071891 -0.276680 0.958269 1.000000
-0.004639 0.005959 0.247000 -0.229257 -0.470296 0.852211 1.000000
0.001188 0.006056 0.251000 -0.419050 -0.599707 0.681725 1.000000
0.007203 0.006152 0.255000 -0.652061 -0.530822 0.541336 1.000000
0.013664 0.006370 0.264000 -0.537425 -0.693674 0.479573 1.000000
-0.034097 0.006858 0.259000 0.278740 0.522352 -0.805886 1.000000
-0.027250 0.006673 0.252000 0.639284 -0.490516 0.592209 1.000000
-0.020732 0.006487 0.245000 0.425292 -0.421562 0.800882 1.000000
-0.015032 0.006514 0.246000 -0.168510 -0.253362 0.952582 1.000000
-0.009248 0.006514 0.246000 -0.069012 -0.275320 0.958873 1.000000
-0.003478 0.006540 0.247000 -0.307049 -0.528196 0.791663 1.000000
0.002368 0.006646 0.251000 -0.415334 -0.604322 0.679921 1.000000
0.008501 0.006832 0.258000 -0.681930 -0.545362 0.487394 1.000000
-0.035179 0.007438 0.258000 0.342494 0.477915 -0.808885 1.000000
-0.028999 0.007409 0.257000 0.308354 -0.408115 0.859279 1.000000
-0.021974 0.007092 0.246000 0.505276 -0.360213 0.784183 1.000000
-0.016124 0.007063 0.245000 -0.138198 -0.253184 0.957496 1.000000
-0.010405 0.007092 0.246000 -0.071891 -0.276680 0.958269 1.000000
-0.004677 0.007179 0.249000 -0.279056 -0.600084 0.749685 1.000000
0.001192 0.007265 0.252000 -0.424296 -0.599409 0.678736 1.000000
0.007287 0.007438 0.258000 -0.669673 -0.511266 0.538651 1.000000
-0.033618 0.008107 0.260000 0.261742 0.797024 -0.544282 1.000000
-0.026658 0.007858 0.252000 0.655539 -0.426601 0.623122 1.000000
-0.018926 0.007608 0.244000 -0.033908 -0.425474 0.904335 1.000000
-0.012770 0.007702 0.247000 -0.142403 -0.171932 0.974762 1.000000
-0.006408 0.007733 0.248000 -0.174872 -0.584720 0.792163 1.000000
0.001785 0.007858 0.252000 -0.435629 -0.592790 0.677368 1.000000
0.007986 0.008138 0.261000 -0.696432 -0.511664 0.503172 1.000000
0.002994 0.008517 0.254000 -0.523466 -0.591091 0.613672 1.000000
