0.021290 -0.044892 0.362000 -0.744323 -0.624807 -0.235794 0.000000
0.017034 -0.043189 0.362000 -0.697918 -0.682059 -0.218414 0.000000
0.007608 -0.041987 0.359000 -0.717724 -0.671069 -0.185846 0.000000
-0.019992 -0.027849 0.243000 -0.546015 0.449967 -0.706681 0.000000
-0.011745 -0.027276 0.238000 0.085803 0.819500 -0.566619 0.000000
0.007203 -0.029224 0.255000 -0.266504 0.789408 0.553002 0.000000
-0.017977 -0.026829 0.239000 -0.376673 0.500069 -0.779775 0.000000
-0.012253 -0.026604 0.237000 0.085803 0.819500 -0.566619 0.000000
-0.007132 -0.028400 0.253000 -0.371837 0.610213 0.699555 0.000000
0.000607 -0.028625 0.255000 0.094462 0.649541 0.754436 0.000000
0.006551 -0.028400 0.253000 -0.188861 0.667202 0.720537 0.000000
-0.029853 -0.027366 0.249000 0.221209 0.345132 0.912113 0.000000
-0.023516 -0.026816 0.244000 0.595829 0.091454 0.797888 0.000000
-0.017342 -0.026157 0.238000 -0.247434 0.593941 -0.765513 0.000000
-0.011696 -0.026047 0.237000 0.212491 0.761341 -0.612542 0.000000
-0.005989 -0.028025 0.255000 -0.155934 0.690251 0.706568 0.000000
0.000007 -0.028025 0.255000 0.094462 0.649541 0.754436 0.000000
0.005933 -0.027695 0.252000 -0.172479 0.683153 0.709615 0.000000
0.012423 -0.029014 0.264000 -0.794024 0.440340 0.419079 0.000000
-0.028682 -0.026780 0.249000 0.315659 0.355476 0.879770 0.000000
-0.022369 -0.026242 0.244000 0.619200 0.077510 0.781398 0.000000
-0.016154 -0.025490 0.237000 -0.190309 0.621425 -0.760009 0.000000
-0.010671 -0.025705 0.239000 0.358681 0.677110 -0.642550 0.000000
-0.004206 -0.027533 0.256000 0.066078 0.636472 0.768464 0.000000
0.001785 -0.027103 0.252000 0.088694 0.636726 0.765972 0.000000
0.007772 -0.027318 0.254000 -0.373376 0.631052 0.679974 0.000000
0.014664 -0.029146 0.271000 -0.707529 0.535625 0.460987 0.000000
0.021968 -0.030437 0.283000 -0.664610 0.504565 0.551097 0.000000
-0.033815 -0.026089 0.248000 -0.086781 0.295535 0.951382 0.000000
-0.027984 -0.026089 0.248000 0.315659 0.355476 0.879770 0.000000
-0.021706 -0.025563 0.243000 0.568089 0.005853 0.822946 0.000000
-0.015597 -0.024932 0.237000 -0.179813 0.588525 -0.788229 0.000000
-0.010193 -0.025353 0.241000 0.393405 0.674950 -0.624240 0.000000
0.000007 -0.026721 0.254000 0.094462 0.649541 0.754436 0.000000
0.005933 -0.026510 0.252000 -0.227226 0.640359 0.733695 0.000000
0.012423 -0.027773 0.264000 -0.794024 0.440340 0.419079 0.000000
0.019760 -0.029456 0.280000 -0.664610 0.504565 0.551097 0.000000
-0.038791 -0.025712 0.250000 0.477671 -0.091280 0.873784 0.000000
-0.032649 -0.025506 0.248000 -0.021406 0.393874 0.918915 0.000000
-0.026818 -0.025506 0.248000 0.331778 0.333747 0.882347 0.000000
-0.020394 -0.024786 0.241000 0.477879 -0.314544 0.820179 0.000000
-0.014483 -0.024375 0.237000 -0.012772 0.669534 -0.742672 0.000000
-0.009173 -0.025095 0.244000 0.461783 0.615612 -0.638576 0.000000
-0.001785 -0.026123 0.254000 0.075484 0.631375 0.771795 0.000000
0.004139 -0.025815 0.251000 0.039893 0.590050 0.806380 0.000000
0.010321 -0.026535 0.258000 -0.755917 0.472638 0.452993 0.000000
0.017530 -0.028386 0.276000 -0.670017 0.545424 0.503578 0.000000
0.024542 -0.029003 0.282000 -0.668092 0.492919 0.557391 0.000000
-0.037897 -0.024923 0.248000 0.331618 0.197685 0.922470 0.000000
-0.032066 -0.024923 0.248000 -0.002278 0.377823 0.925875 0.000000
-0.026129 -0.024823 0.247000 0.370973 0.370720 0.851437 0.000000
-0.019827 -0.024220 0.241000 0.482890 -0.402260 0.777820 0.000000
-0.013984 -0.023918 0.238000 0.161475 0.684034 -0.711353 0.000000
-0.008634 -0.024622 0.245000 0.568889 0.410509 -0.712634 0.000000
-0.001785 -0.025526 0.254000 0.061500 0.638971 0.766768 0.000000
0.004122 -0.025124 0.250000 0.018046 0.538659 0.842330 0.000000
0.010321 -0.025928 0.258000 -0.807045 0.366876 0.462688 0.000000
0.017530 -0.027737 0.276000 -0.670017 0.545424 0.503578 0.000000
0.024455 -0.028240 0.281000 -0.668092 0.492919 0.557391 0.000000
-0.039906 -0.024144 0.246000 0.363938 0.066976 0.929012 0.000000
-0.034260 -0.024242 0.247000 -0.068631 0.354588 0.932501 0.000000
-0.028567 -0.024340 0.248000 0.255171 0.407144 0.876996 0.000000
-0.022277 -0.023849 0.243000 0.584723 0.030639 0.810654 0.000000
-0.016291 -0.023457 0.239000 -0.011532 0.649623 -0.760169 0.000000
-0.010760 -0.023653 0.241000 0.425826 0.656552 -0.622584 0.000000
-0.005305 -0.024634 0.251000 -0.294508 0.651125 0.699501 0.000000
0.000597 -0.024634 0.251000 0.087678 0.636500 0.766277 0.000000
0.006499 -0.024634 0.251000 -0.212762 0.428975 0.877902 0.000000
0.013044 -0.025910 0.264000 -0.781043 0.436043 0.447033 0.000000
0.020345 -0.027383 0.279000 -0.664610 0.504565 0.551097 0.000000
-0.049278 -0.025098 0.262000 0.731752 -0.068369 0.678134 0.000000
-0.040484 -0.023565 0.246000 0.384173 -0.101341 0.917682 0.000000
-0.034700 -0.023565 0.246000 -0.087606 0.336073 0.937753 0.000000
-0.029150 -0.023757 0.248000 0.207065 0.430724 0.878408 0.000000
-0.022943 -0.023374 0.244000 0.555645 0.100668 0.825303 0.000000
-0.016923 -0.022991 0.240000 -0.288629 0.556239 -0.779289 0.000000
-0.011327 -0.023086 0.241000 0.425826 0.656552 -0.622584 0.000000
-0.005824 -0.023757 0.248000 -0.495290 0.208620 0.843306 0.000000
0.000007 -0.024044 0.251000 0.098074 0.663739 0.741506 0.000000
0.005886 -0.023948 0.250000 -0.212762 0.428975 0.877902 0.000000
0.012235 -0.024906 0.260000 -0.821431 0.402945 0.403591 0.000000
0.019619 -0.026631 0.278000 -0.664610 0.504565 0.551097 0.000000
0.026250 -0.026726 0.279000 -0.695541 0.450892 0.559392 0.000000
-0.045563 -0.023828 0.255000 0.659936 -0.403469 0.633796 0.000000
-0.038015 -0.022893 0.245000 0.252797 0.159500 0.954282 0.000000
-0.032649 -0.023174 0.248000 -0.057514 0.340459 0.938499 0.000000
-0.026818 -0.023174 0.248000 0.344382 0.421639 0.838821 0.000000
-0.020478 -0.022613 0.242000 0.299776 -0.236079 0.924338 0.000000
-0.014727 -0.022520 0.241000 -0.026326 0.649260 -0.760111 0.000000
-0.009173 -0.022800 0.244000 0.465606 0.475417 -0.746451 0.000000
-0.003520 -0.023361 0.250000 -0.166691 0.612069 0.773037 0.000000
0.002349 -0.023267 0.249000 -0.008943 0.504539 0.863342 0.000000
0.008270 -0.023454 0.251000 -0.482718 0.302264 0.821961 0.000000
0.015188 -0.025136 0.269000 -0.712614 0.512516 0.479070 0.000000
0.022313 -0.026070 0.279000 -0.668092 0.492919 0.557391 0.000000
-0.053783 -0.024230 0.266000 0.495495 0.366784 0.787372 0.000000
-0.045384 -0.023137 0.254000 0.667947 -0.412976 0.619111 0.000000
-0.038015 -0.022317 0.245000 0.252797 0.159500 0.954282 0.000000
-0.032649 -0.022591 0.248000 -0.065817 0.314535 0.946961 0.000000
-0.026709 -0.022499 0.247000 0.357523 0.434477 0.826684 0.000000
-0.020563 -0.022135 0.243000 0.228484 -0.175724 0.957557 0.000000
-0.014788 -0.022044 0.242000 0.136783 0.673781 -0.726161 0.000000
-0.009210 -0.022317 0.245000 -0.462037 -0.407645 0.787621 0.000000
-0.003520 -0.022773 0.250000 -0.226538 0.571344 0.788826 0.000000
0.002349 -0.022682 0.249000 -0.036018 0.491602 0.870075 0.000000
0.008270 -0.022864 0.251000 -0.482718 0.302264 0.821961 0.000000
0.015075 -0.024321 0.267000 -0.748895 0.474992 0.462102 0.000000
0.022153 -0.025232 0.277000 -0.664610 0.504565 0.551097 0.000000
-0.054817 -0.023782 0.268000 0.564005 0.346276 0.749661 0.000000
-0.045981 -0.022540 0.254000 0.676433 -0.420448 0.604700 0.000000
-0.038749 -0.021830 0.246000 0.316809 0.064124 0.946319 0.000000
-0.033098 -0.021919 0.247000 -0.022988 0.365985 0.930337 0.000000
-0.027290 -0.021919 0.247000 0.263308 0.478597 0.837624 0.000000
-0.021221 -0.021652 0.244000 0.285511 -0.183348 0.940674 0.000000
-0.015421 -0.021564 0.243000 0.025538 0.608204 -0.793370 0.000000
-0.009787 -0.021741 0.245000 -0.442706 -0.411797 0.796514 0.000000
-0.004091 -0.022096 0.249000 -0.342791 0.336166 0.877204 0.000000
0.001771 -0.022185 0.250000 0.005071 0.549777 0.835296 0.000000
0.007649 -0.022185 0.250000 -0.437214 0.215616 0.873129 0.000000
0.014231 -0.023339 0.263000 -0.770368 0.465242 0.435985 0.000000
0.021269 -0.024315 0.274000 -0.639875 0.516367 0.569144 0.000000
-0.054613 -0.023066 0.267000 0.527222 0.373730 0.763127 0.000000
-0.045981 -0.021943 0.254000 0.662998 -0.433416 0.610397 0.000000
-0.038749 -0.021251 0.246000 0.391960 -0.129207 0.910864 0.000000
-0.033098 -0.021338 0.247000 -0.030970 0.347374 0.937215 0.000000
-0.027180 -0.021251 0.246000 0.270868 0.460691 0.845218 0.000000
-0.021134 -0.020992 0.243000 0.160376 -0.174857 0.971445 0.000000
-0.015421 -0.020992 0.243000 0.033592 0.636350 -0.770669 0.000000
-0.009787 -0.021165 0.245000 -0.442706 -0.411797 0.796514 0.000000
-0.004075 -0.021424 0.248000 -0.376499 0.021294 0.926172 0.000000
0.001764 -0.021511 0.249000 -0.053568 0.478526 0.876438 0.000000
0.007649 -0.021597 0.250000 -0.435002 0.197531 0.878496 0.000000
0.014231 -0.022720 0.263000 -0.770368 0.465242 0.435985 0.000000
0.021833 -0.023584 0.273000 -0.644987 0.525020 0.555289 0.000000
-0.054408 -0.022354 0.266000 0.527222 0.373730 0.763127 0.000000
-0.045981 -0.021345 0.254000 0.657488 -0.365111 0.659094 0.000000
-0.038906 -0.020757 0.247000 0.404511 -0.330049 0.852900 0.000000
-0.032517 -0.020757 0.247000 -0.050396 0.352772 0.934351 0.000000
-0.026493 -0.020589 0.245000 0.266106 0.407213 0.873708 0.000000
-0.020563 -0.020421 0.243000 0.060639 -0.350342 0.934657 0.000000
-0.014849 -0.020421 0.243000 0.167934 0.636293 -0.752947 0.000000
-0.009248 -0.020673 0.246000 -0.446519 -0.370527 0.814451 0.000000
-0.002344 -0.021009 0.250000 0.041447 0.574369 0.817547 0.000000
0.003492 -0.020757 0.247000 -0.187913 0.349893 0.917749 0.000000
0.009450 -0.021093 0.251000 -0.571879 0.212722 0.792277 0.000000
0.016392 -0.022522 0.268000 -0.736668 0.483188 0.473128 0.000000
0.023202 -0.023026 0.274000 -0.660669 0.480802 0.576495 0.000000
-0.052758 -0.021565 0.264000 0.488607 0.337548 0.804565 0.000000
-0.044434 -0.020585 0.252000 0.592682 -0.543512 0.594410 0.000000
-0.037745 -0.020176 0.247000 0.404511 -0.330049 0.852900 0.000000
-0.031807 -0.020095 0.246000 0.113877 0.297115 0.948027 0.000000
-0.025811 -0.019931 0.244000 0.319383 0.259930 0.911280 0.000000
-0.019992 -0.019850 0.243000 0.042080 -0.394528 0.917920 0.000000
-0.014278 -0.019850 0.243000 0.263950 0.619708 -0.739116 0.000000
-0.008670 -0.020095 0.246000 -0.451355 -0.363939 0.814756 0.000000
-0.001169 -0.020421 0.250000 0.046855 0.530698 0.846265 0.000000
0.004653 -0.020176 0.247000 -0.327794 0.246784 0.911948 0.000000
0.010673 -0.020585 0.252000 -0.667532 0.235702 0.706290 0.000000
0.017784 -0.022055 0.270000 -0.690770 0.506937 0.515608 0.000000
0.024491 -0.022382 0.274000 -0.669235 0.483562 0.564174 0.000000
-0.050931 -0.020706 0.261000 0.467181 0.261281 0.844674 0.000000
-0.043077 -0.019913 0.251000 0.598037 -0.531591 0.599802 0.000000
-0.036583 -0.019595 0.247000 0.447589 -0.424024 0.787317 0.000000
-0.030526 -0.019437 0.245000 0.219350 0.372402 0.901777 0.000000
-0.024563 -0.019278 0.243000 0.231379 0.120962 0.965314 0.000000
-0.018771 -0.019199 0.242000 0.043769 -0.447153 0.893386 0.000000
-0.013189 -0.019357 0.244000 0.311406 0.609848 -0.728774 0.000000
-0.005220 -0.019595 0.247000 -0.492141 0.100543 0.864690 0.000000
0.005862 -0.019754 0.249000 -0.421246 0.196692 0.885361 0.000000
0.013457 -0.020627 0.260000 -0.811760 0.394364 0.430724 0.000000
0.020399 -0.021500 0.271000 -0.698858 0.469996 0.539167 0.000000
-0.056496 -0.020554 0.267000 0.541225 0.300426 0.785379 0.000000
-0.048525 -0.019862 0.258000 0.645889 -0.211575 0.733528 0.000000
-0.041142 -0.019246 0.250000 0.621238 -0.540010 0.567849 0.000000
-0.034700 -0.018938 0.246000 0.171569 0.065073 0.983021 0.000000
-0.028680 -0.018784 0.244000 0.175364 0.308020 0.935078 0.000000
-0.022849 -0.018707 0.243000 0.011248 -0.104005 0.994513 0.000000
-0.017135 -0.018707 0.243000 0.005311 0.567512 -0.823348 0.000000
-0.011468 -0.018784 0.244000 0.371027 0.538089 -0.756835 0.000000
-0.005824 -0.019092 0.248000 -0.499020 -0.059912 0.864517 0.000000
0.001183 -0.019246 0.250000 -0.134507 0.407790 0.903114 0.000000
0.007680 -0.019323 0.251000 -0.409805 0.122761 0.903875 0.000000
0.014177 -0.020169 0.262000 -0.806541 0.406981 0.428786 0.000000
0.021036 -0.020862 0.271000 -0.716848 0.454917 0.528375 0.000000
-0.055450 -0.019777 0.265000 0.541225 0.300426 0.785379 0.000000
-0.047919 -0.019255 0.258000 0.626473 -0.264311 0.733261 0.000000
-0.040879 -0.018807 0.252000 0.596510 -0.499893 0.627919 0.000000
-0.033982 -0.018285 0.245000 0.127703 0.070212 0.989324 0.000000
-0.027991 -0.018135 0.243000 0.226556 0.125987 0.965816 0.000000
-0.022277 -0.018135 0.243000 -0.034924 -0.144340 0.988912 0.000000
-0.016563 -0.018135 0.243000 -0.000127 0.569864 -0.821739 0.000000
-0.010939 -0.018285 0.245000 0.307156 0.504235 -0.807095 0.000000
-0.004658 -0.018509 0.248000 -0.204011 0.356385 0.911794 0.000000
0.008860 -0.018732 0.251000 -0.614479 0.109455 0.781303 0.000000
0.015527 -0.019703 0.264000 -0.795714 0.414234 0.441870 0.000000
0.022393 -0.020300 0.272000 -0.741946 0.432006 0.512725 0.000000
-0.054620 -0.019082 0.264000 0.474049 0.319155 0.820620 0.000000
-0.047312 -0.018648 0.258000 0.475166 -0.406110 0.780571 0.000000
-0.040286 -0.018215 0.252000 0.540334 -0.568056 0.620767 0.000000
-0.033406 -0.017709 0.245000 0.127703 0.070212 0.989324 0.000000
-0.026848 -0.017564 0.243000 0.258569 0.055624 0.964390 0.000000
-0.021221 -0.017636 0.244000 -0.249334 -0.332768 0.909449 0.000000
-0.015484 -0.017636 0.244000 0.126554 0.618735 -0.775339 0.000000
-0.009866 -0.017853 0.247000 0.144846 0.421613 -0.895133 0.000000
0.011355 -0.018359 0.254000 -0.725424 0.156022 0.670386 0.000000
0.018214 -0.019299 0.267000 -0.782331 0.354737 0.511976 0.000000
0.025135 -0.019805 0.274000 -0.807746 0.285706 0.515673 0.000000
-0.053176 -0.018391 0.263000 0.492163 0.323493 0.808163 0.000000
-0.045920 -0.017972 0.257000 0.578107 -0.405053 0.708324 0.000000
-0.039256 -0.017692 0.253000 0.469279 -0.526395 0.709003 0.000000
-0.031549 -0.017063 0.244000 0.295263 0.053994 0.953889 0.000000
-0.024563 -0.016993 0.243000 0.064928 0.016863 0.997747 0.000000
-0.019082 -0.017202 0.246000 0.200357 0.404783 -0.892193 0.000000
-0.012667 -0.017132 0.245000 0.284987 0.580530 -0.762737 0.000000
-0.006991 -0.017342 0.248000 -0.213991 -0.157390 0.964073 0.000000
-0.001155 -0.017272 0.247000 0.036291 0.445858 0.894368 0.000000
0.007649 -0.017482 0.250000 -0.547669 0.139315 0.825015 0.000000
0.014680 -0.018181 0.260000 -0.827696 0.308570 0.468727 0.000000
0.021594 -0.018881 0.270000 -0.758169 0.307684 0.574900 0.000000
-0.056054 -0.017705 0.262000 0.376541 0.322718 0.868372 0.000000
-0.049513 -0.017570 0.260000 0.381597 -0.048585 0.923051 0.000000
-0.040766 -0.017232 0.255000 0.560281 -0.472210 0.680517 0.000000
-0.033543 -0.016624 0.246000 0.547503 -0.351067 0.759600 0.000000
-0.026277 -0.016421 0.243000 0.235142 -0.027494 0.971572 0.000000
-0.020817 -0.016624 0.246000 -0.225583 -0.224019 0.948118 0.000000
-0.014454 -0.016624 0.246000 0.250127 0.562445 -0.788094 0.000000
-0.008740 -0.016759 0.248000 0.190053 0.392113 -0.900071 0.000000
0.003478 -0.016624 0.246000 -0.456594 0.307181 0.834962 0.000000
0.010673 -0.017029 0.252000 -0.636939 0.076653 0.767094 0.000000
0.017323 -0.017773 0.263000 -0.817347 0.329486 0.472634 0.000000
0.024491 -0.018516 0.274000 -0.842954 0.209192 0.495648 0.000000
-0.053590 -0.017089 0.262000 0.426777 0.176691 0.886928 0.000000
-0.046886 -0.016893 0.259000 0.506357 -0.302000 0.807712 0.000000
-0.040324 -0.016698 0.256000 0.568056 -0.437338 0.697171 0.000000
-0.031102 -0.015980 0.245000 0.388382 -0.159320 0.907621 0.000000
-0.025238 -0.015915 0.244000 0.209781 -0.007820 0.977717 0.000000
-0.019740 -0.016111 0.247000 0.285474 0.334813 -0.898001 0.000000
-0.013932 -0.016111 0.247000 0.163857 0.620077 -0.767238 0.000000
-0.008157 -0.016176 0.248000 0.106613 -0.214012 0.970996 0.000000
0.000583 -0.015980 0.245000 -0.142098 0.346275 0.927309 0.000000
0.007061 -0.016306 0.250000 -0.543926 0.152940 0.825078 0.000000
0.013199 -0.016633 0.255000 -0.764563 0.177169 0.619721 0.000000
0.020023 -0.017350 0.266000 -0.791849 0.264357 0.550537 0.000000
-0.057287 -0.016473 0.262000 0.431393 0.185812 0.882822 0.000000
-0.050931 -0.016410 0.261000 0.357628 -0.052199 0.932404 0.000000
-0.044450 -0.016284 0.259000 0.557066 -0.189247 0.808618 0.000000
-0.037324 -0.015844 0.252000 0.492172 -0.531554 0.689360 0.000000
-0.029254 -0.015341 0.244000 0.263995 -0.079383 0.961252 0.000000
-0.023516 -0.015341 0.244000 -0.146336 0.063006 0.987226 0.000000
-0.018070 -0.015593 0.248000 -0.405764 -0.260491 0.876071 0.000000
-0.012239 -0.015593 0.248000 0.117796 0.522990 -0.844160 0.000000
-0.005220 -0.015530 0.247000 0.275204 0.153277 0.949089 0.000000
0.001742 -0.015467 0.246000 -0.320074 0.325863 0.889587 0.000000
0.007680 -0.015781 0.251000 -0.640560 0.100660 0.761282 0.000000
0.013798 -0.016033 0.255000 -0.764563 0.177169 0.619721 0.000000
0.020726 -0.016787 0.267000 -0.790060 0.241804 0.563325 0.000000
-0.057287 -0.015857 0.262000 0.384144 0.139513 0.912672 0.000000
-0.050931 -0.015796 0.261000 0.311052 -0.117423 0.943111 0.000000
-0.044622 -0.015736 0.260000 0.527504 -0.038756 0.848668 0.000000
-0.037472 -0.015312 0.253000 0.388505 -0.387583 0.835968 0.000000
-0.030072 -0.014889 0.246000 0.383827 -0.211101 0.898951 0.000000
-0.024090 -0.014768 0.244000 -0.127252 0.129554 0.983373 0.000000
-0.018654 -0.015010 0.248000 -0.385798 -0.193378 0.902089 0.000000
-0.012874 -0.015070 0.249000 0.149990 0.493703 -0.856598 0.000000
-0.006991 -0.015010 0.248000 0.291235 0.070130 0.954078 0.000000
0.000007 -0.014828 0.245000 -0.093962 0.294236 0.951103 0.000000
0.005862 -0.015070 0.249000 -0.548640 0.215431 0.807827 0.000000
0.011858 -0.015252 0.252000 -0.663975 0.037934 0.746792 0.000000
0.018419 -0.015796 0.261000 -0.880352 0.163495 0.445253 0.000000
0.025967 -0.016704 0.276000 -0.851442 0.154827 0.501075 0.000000
-0.050931 -0.015183 0.261000 0.311052 -0.117423 0.943111 0.000000
-0.044450 -0.015066 0.259000 0.539048 -0.032611 0.841644 0.000000
-0.037620 -0.014776 0.254000 0.284371 -0.212318 0.934909 0.000000
-0.030900 -0.014427 0.248000 0.564788 -0.363489 0.740872 0.000000
-0.024664 -0.014194 0.244000 0.246794 0.025946 0.968721 0.000000
-0.019159 -0.014368 0.247000 -0.353003 0.215639 0.910433 0.000000
-0.013459 -0.014485 0.249000 -0.181083 -0.284374 0.941457 0.000000
-0.007574 -0.014427 0.248000 0.284138 0.088959 0.954648 0.000000
-0.001714 -0.014194 0.244000 0.082193 0.213198 0.973545 0.000000
0.004073 -0.014368 0.247000 -0.479190 0.293770 0.827089 0.000000
0.010041 -0.014601 0.251000 -0.640630 0.105588 0.760556 0.000000
0.016324 -0.014950 0.257000 -0.855034 0.118833 0.504773 0.000000
0.024491 -0.015939 0.274000 -0.834933 0.133494 0.533917 0.000000
-0.053590 -0.014625 0.262000 0.271618 -0.018992 0.962218 0.000000
-0.047067 -0.014513 0.260000 0.516861 -0.081974 0.852136 0.000000
-0.040324 -0.014290 0.256000 0.547083 -0.008371 0.837037 0.000000
-0.033768 -0.014067 0.252000 0.613179 -0.439965 0.656080 0.000000
-0.027069 -0.013676 0.245000 0.350469 0.039868 0.935725 0.000000
-0.021134 -0.013564 0.243000 -0.317588 0.353988 0.879676 0.000000
-0.015801 -0.013899 0.249000 -0.292874 0.199890 0.935023 0.000000
-0.009946 -0.013899 0.249000 0.114352 -0.019132 0.993256 0.000000
-0.004009 -0.013620 0.244000 0.238254 0.212668 0.947632 0.000000
0.001735 -0.013676 0.245000 -0.261831 0.037689 0.964377 0.000000
0.007649 -0.013955 0.250000 -0.635057 0.159263 0.755869 0.000000
0.013744 -0.014178 0.254000 -0.729467 0.046509 0.682433 0.000000
0.022228 -0.015071 0.270000 -0.838248 0.096948 0.536602 0.000000
-0.055841 -0.013955 0.261000 0.272140 0.038785 0.961476 0.000000
-0.049703 -0.013955 0.261000 0.327244 -0.109788 0.938540 0.000000
-0.042732 -0.013688 0.256000 0.556331 0.013917 0.830844 0.000000
-0.036425 -0.013581 0.254000 0.436048 0.016439 0.899773 0.000000
-0.029613 -0.013207 0.247000 0.454087 -0.425788 0.782630 0.000000
-0.023516 -0.013046 0.244000 -0.061536 0.279906 0.958053 0.000000
-0.017852 -0.013100 0.245000 -0.281141 0.369956 0.885490 0.000000
-0.012288 -0.013314 0.249000 -0.096009 0.329728 0.939181 0.000000
-0.006356 -0.013153 0.246000 0.405886 0.123891 0.905487 0.000000
0.000007 -0.013100 0.245000 -0.097855 0.057506 0.993538 0.000000
0.005839 -0.013260 0.248000 -0.557079 0.194042 0.807472 0.000000
0.011858 -0.013474 0.252000 -0.700951 0.034709 0.712365 0.000000
0.018348 -0.013902 0.260000 -0.879928 0.079120 0.468472 0.000000
0.025967 -0.014757 0.276000 -0.861424 0.112874 0.495186 0.000000
-0.052158 -0.013342 0.261000 0.241532 -0.105350 0.964657 0.000000
-0.045668 -0.013239 0.259000 0.553284 0.034827 0.832264 0.000000
-0.038814 -0.012984 0.254000 0.361586 -0.071674 0.929580 0.000000
-0.032454 -0.012830 0.251000 0.654403 -0.299413 0.694340 0.000000
-0.025811 -0.012473 0.244000 0.334386 0.187258 0.923645 0.000000
-0.019992 -0.012422 0.243000 -0.232106 0.399853 0.886704 0.000000
-0.014572 -0.012677 0.248000 -0.192507 0.479051 0.856417 0.000000
-0.008740 -0.012677 0.248000 0.223052 0.074375 0.971965 0.000000
-0.002862 -0.012473 0.244000 0.105914 0.038068 0.993646 0.000000
0.002899 -0.012575 0.246000 -0.276451 0.039907 0.960199 0.000000
0.008825 -0.012779 0.250000 -0.684453 0.099933 0.722175 0.000000
0.015056 -0.013086 0.256000 -0.837078 -0.032648 0.546109 0.000000
0.022228 -0.013802 0.270000 -0.847425 0.063751 0.527074 0.000000
-0.055227 -0.012728 0.261000 0.211909 0.058144 0.975558 0.000000
-0.049090 -0.012728 0.261000 0.335088 -0.004895 0.942174 0.000000
-0.041965 -0.012435 0.255000 0.526049 0.116337 0.842460 0.000000
-0.035828 -0.012387 0.254000 0.436048 0.016439 0.899773 0.000000
-0.028915 -0.011996 0.246000 0.487603 -0.120285 0.864740 0.000000
-0.022849 -0.011850 0.243000 -0.213279 0.422559 0.880884 0.000000
-0.017205 -0.011899 0.244000 -0.200012 0.507079 0.838371 0.000000
-0.010532 -0.012143 0.249000 -0.023132 0.184828 0.982499 0.000000
-0.004583 -0.011899 0.244000 0.256774 0.034148 0.965868 0.000000
0.001159 -0.011948 0.245000 -0.181506 -0.077425 0.980337 0.000000
0.007005 -0.012094 0.248000 -0.605180 0.140964 0.783509 0.000000
0.013147 -0.012387 0.254000 -0.741509 0.016356 0.670743 0.000000
0.019872 -0.012874 0.264000 -0.859064 0.060110 0.508326 0.000000
-0.056671 -0.012161 0.262000 0.248033 0.095405 0.964042 0.000000
-0.050317 -0.012114 0.261000 0.314124 -0.031883 0.948846 0.000000
-0.043164 -0.011836 0.255000 0.502593 0.178530 0.845889 0.000000
-0.037022 -0.011789 0.254000 0.391857 0.208139 0.896173 0.000000
-0.029374 -0.011372 0.245000 0.377447 0.184202 0.907526 0.000000
-0.022849 -0.011279 0.243000 -0.213279 0.422559 0.880884 0.000000
-0.017205 -0.011325 0.244000 -0.210517 0.577584 0.788720 0.000000
-0.005178 -0.011372 0.245000 0.320062 0.133063 0.938006 0.000000
0.000583 -0.011372 0.245000 -0.125267 -0.253561 0.959174 0.000000
0.006396 -0.011464 0.247000 -0.565512 0.166699 0.807717 0.000000
0.012550 -0.011789 0.254000 -0.729278 -0.023158 0.683825 0.000000
0.019251 -0.012253 0.264000 -0.848680 0.011196 0.528788 0.000000
-0.056671 -0.011545 0.262000 0.209306 0.121590 0.970261 0.000000
-0.050317 -0.011500 0.261000 0.309295 0.034599 0.950336 0.000000
-0.043164 -0.011236 0.255000 0.518945 0.215271 0.827257 0.000000
-0.037022 -0.011192 0.254000 0.391857 0.208139 0.896173 0.000000
-0.026848 -0.010707 0.243000 0.111553 0.536388 0.836567 0.000000
-0.021047 -0.010663 0.242000 -0.180576 0.453462 0.872791 0.000000
-0.015484 -0.010751 0.244000 -0.235894 0.548246 0.802359 0.000000
-0.003435 -0.010751 0.244000 0.069758 -0.234894 0.969515 0.000000
0.002311 -0.010795 0.245000 -0.214309 -0.153581 0.964616 0.000000
0.008204 -0.010972 0.249000 -0.681634 0.029881 0.731083 0.000000
0.014567 -0.011368 0.258000 -0.837864 -0.145369 0.526166 0.000000
0.021514 -0.011853 0.269000 -0.843074 0.043032 0.536074 0.000000
-0.055032 -0.010970 0.263000 0.183542 0.096771 0.978237 0.000000
-0.048476 -0.010887 0.261000 0.415005 0.099894 0.904319 0.000000
-0.041203 -0.010595 0.254000 0.469524 0.300765 0.830113 0.000000
-0.034815 -0.010470 0.251000 0.623943 0.293843 0.724121 0.000000
-0.027081 -0.010011 0.240000 -0.217922 0.707289 0.672497 0.000000
-0.021617 -0.010094 0.242000 -0.218938 0.501544 0.836971 0.000000
-0.015992 -0.010136 0.243000 -0.192136 0.510282 0.838270 0.000000
-0.006934 -0.010261 0.246000 0.082129 0.215500 0.973044 0.000000
-0.000569 -0.010219 0.245000 -0.065980 -0.411154 0.909175 0.000000
0.005192 -0.010219 0.245000 -0.380090 0.023814 0.924643 0.000000
0.011310 -0.010553 0.253000 -0.739490 -0.044318 0.671707 0.000000
0.018010 -0.011012 0.264000 -0.857968 -0.089064 0.505924 0.000000
0.025227 -0.011471 0.275000 -0.846084 0.077634 0.527367 0.000000
-0.051126 -0.010312 0.262000 0.301578 0.044851 0.952386 0.000000
-0.043764 -0.010037 0.255000 0.539888 0.302321 0.785572 0.000000
-0.037620 -0.009998 0.254000 0.389091 0.292499 0.873529 0.000000
-0.024462 -0.009525 0.242000 -0.103945 0.610350 0.785282 0.000000
-0.018771 -0.009525 0.242000 -0.155205 0.412702 0.897546 0.000000
-0.013189 -0.009604 0.244000 -0.287475 0.564638 0.773655 0.000000
-0.004026 -0.009643 0.245000 -0.165689 -0.498626 0.850834 0.000000
0.001735 -0.009643 0.245000 -0.098129 -0.331486 0.938343 0.000000
0.007588 -0.009761 0.248000 -0.665873 -0.018314 0.745841 0.000000
0.013906 -0.010116 0.257000 -0.835745 -0.173727 0.520912 0.000000
0.020803 -0.010549 0.268000 -0.843885 0.021996 0.536073 0.000000
-0.055862 -0.009770 0.264000 0.158305 0.163289 0.973795 0.000000
-0.049090 -0.009659 0.261000 0.436264 0.132636 0.889990 0.000000
-0.041203 -0.009400 0.254000 0.511174 0.347664 0.786022 0.000000
-0.030902 -0.008845 0.239000 0.425374 0.755878 0.497700 0.000000
-0.024927 -0.008919 0.241000 -0.185954 0.609378 0.770766 0.000000
-0.019340 -0.008956 0.242000 -0.211427 0.441176 0.872160 0.000000
-0.013706 -0.008993 0.243000 -0.261425 0.499468 0.825947 0.000000
-0.008091 -0.009104 0.246000 -0.018579 0.334293 0.942286 0.000000
-0.001728 -0.009104 0.246000 -0.096442 -0.531310 0.841670 0.000000
0.004040 -0.009067 0.245000 -0.159300 -0.347927 0.923889 0.000000
0.010041 -0.009289 0.251000 -0.694710 -0.088405 0.713836 0.000000
0.016641 -0.009696 0.262000 -0.842869 -0.100101 0.528726 0.000000
0.023846 -0.010140 0.274000 -0.849030 0.053911 0.525586 0.000000
-0.053795 -0.009115 0.263000 0.177972 0.207217 0.961970 0.000000
-0.046886 -0.008976 0.259000 0.551046 0.125425 0.824995 0.000000
-0.040166 -0.008838 0.255000 0.531033 0.357198 0.768384 0.000000
-0.029155 -0.008110 0.234000 0.217042 0.812094 0.541660 0.000000
-0.023695 -0.008318 0.240000 -0.355632 0.568455 0.741879 0.000000
-0.018202 -0.008387 0.242000 -0.168144 0.434313 0.884929 0.000000
-0.012564 -0.008422 0.243000 -0.273454 0.454655 0.847651 0.000000
-0.006934 -0.008526 0.246000 -0.248428 -0.031187 0.968148 0.000000
-0.001155 -0.008560 0.247000 -0.102969 -0.546154 0.831332 0.000000
0.004616 -0.008491 0.245000 -0.182593 -0.416035 0.890828 0.000000
0.010673 -0.008734 0.252000 -0.745890 -0.177470 0.641990 0.000000
0.017323 -0.009115 0.263000 -0.828648 -0.100570 0.550662 0.000000
0.024491 -0.009496 0.274000 -0.822497 0.079382 0.563203 0.000000
-0.054620 -0.008529 0.264000 -0.042305 -0.277729 -0.959728 0.000000
-0.047495 -0.008367 0.259000 0.499751 0.125538 0.857023 0.000000
-0.040606 -0.008206 0.254000 0.531033 0.357198 0.768384 0.000000
-0.030256 -0.007560 0.234000 0.375673 0.710022 0.595599 0.000000
-0.025177 -0.007689 0.238000 -0.496448 0.643673 0.582430 0.000000
-0.019992 -0.007850 0.243000 -0.223730 0.441685 0.868826 0.000000
-0.014219 -0.007818 0.242000 -0.177720 0.432129 0.884127 0.000000
-0.006934 -0.007947 0.246000 -0.392988 0.004968 0.919530 0.000000
0.000007 -0.008012 0.248000 0.029960 0.571767 -0.819869 0.000000
0.005791 -0.007947 0.246000 -0.355839 -0.405418 0.842030 0.000000
0.011952 -0.008206 0.254000 -0.766118 -0.233387 0.598828 0.000000
0.018701 -0.008561 0.265000 -0.814472 -0.062314 0.576846 0.000000
0.025967 -0.008916 0.276000 -0.818271 0.100671 0.565948 0.000000
-0.052974 -0.007848 0.262000 0.110181 0.304534 0.946107 0.000000
-0.045920 -0.007698 0.257000 0.634485 0.082755 0.768492 0.000000
-0.039256 -0.007579 0.253000 0.513973 0.423057 0.746227 0.000000
-0.028782 -0.006920 0.231000 -0.103095 0.655556 0.748076 0.000000
-0.024057 -0.007129 0.238000 -0.550034 0.522059 0.651857 0.000000
-0.018849 -0.007279 0.243000 -0.161901 0.430630 0.887888 0.000000
-0.013081 -0.007249 0.242000 -0.244653 0.436720 0.865691 0.000000
-0.006382 -0.007399 0.247000 -0.378828 0.002248 0.925465 0.000000
0.000007 -0.007459 0.249000 0.026258 0.611220 -0.791025 0.000000
0.005815 -0.007399 0.247000 -0.336497 -0.467361 0.817523 0.000000
0.011952 -0.007608 0.254000 -0.767403 -0.247463 0.591485 0.000000
0.018701 -0.007938 0.265000 -0.809589 -0.050488 0.584822 0.000000
0.025967 -0.008268 0.276000 -0.813400 0.102136 0.572668 0.000000
-0.052772 -0.007204 0.261000 0.095970 0.396045 0.913202 0.000000
-0.045920 -0.007094 0.257000 0.576964 0.136464 0.805289 0.000000
-0.038203 -0.006901 0.250000 0.435800 0.476610 0.763493 0.000000
-0.028361 -0.006404 0.232000 -0.103095 0.655556 0.748076 0.000000
-0.023498 -0.006570 0.238000 -0.553906 0.449498 0.700814 0.000000
-0.018202 -0.006680 0.242000 -0.127423 0.452297 0.882718 0.000000
-0.012512 -0.006680 0.242000 -0.279838 0.407557 0.869246 0.000000
-0.006962 -0.006818 0.247000 -0.528419 -0.012086 0.848897 0.000000
-0.001164 -0.006873 0.249000 -0.181501 -0.501582 0.845856 0.000000
0.004653 -0.006818 0.247000 -0.116957 -0.584538 0.802892 0.000000
0.010673 -0.006956 0.252000 -0.688878 -0.301651 0.659131 0.000000
0.017323 -0.007260 0.263000 -0.808582 -0.050318 0.586228 0.000000
0.024491 -0.007563 0.274000 -0.811328 0.122429 0.571628 0.000000
-0.053181 -0.006566 0.260000 -0.005352 0.564556 0.825378 0.000000
-0.046705 -0.006515 0.258000 0.546051 0.193375 0.815129 0.000000
-0.035128 -0.006086 0.241000 0.776727 0.440391 0.450278 0.000000
-0.028361 -0.005858 0.232000 -0.103095 0.655556 0.748076 0.000000
-0.023399 -0.005985 0.237000 -0.650808 0.418624 0.633405 0.000000
-0.018127 -0.006086 0.241000 -0.139848 0.437712 0.888173 0.000000
-0.012512 -0.006111 0.242000 -0.304673 0.356068 0.883397 0.000000
-0.006962 -0.006237 0.247000 -0.530272 0.044905 0.846638 0.000000
-0.001164 -0.006288 0.249000 -0.198794 -0.459913 0.865425 0.000000
0.004672 -0.006262 0.248000 -0.151737 -0.603594 0.782720 0.000000
0.010673 -0.006363 0.252000 -0.681989 -0.369156 0.631359 0.000000
0.017323 -0.006641 0.263000 -0.790444 -0.039763 0.611242 0.000000
0.024401 -0.006894 0.273000 -0.811328 0.122429 0.571628 0.000000
-0.052977 -0.005931 0.259000 -0.050053 0.587597 0.807604 0.000000
-0.046705 -0.005908 0.258000 0.418979 0.304258 0.855502 0.000000
-0.039379 -0.005725 0.250000 0.654356 0.406625 0.637553 0.000000
-0.030126 -0.005336 0.233000 0.063885 -0.791833 0.607387 0.000000
-0.024859 -0.005382 0.235000 -0.645807 0.315716 0.695167 0.000000
-0.019827 -0.005519 0.241000 -0.321984 0.428771 0.844086 0.000000
-0.014160 -0.005519 0.241000 -0.188305 0.384594 0.903675 0.000000
-0.008599 -0.005588 0.244000 -0.517801 0.296112 0.802620 0.000000
-0.002920 -0.005702 0.249000 -0.410413 -0.229006 0.882676 0.000000
0.002946 -0.005725 0.250000 0.058451 0.700460 -0.711294 0.000000
0.008825 -0.005725 0.250000 -0.573801 -0.479094 0.664245 0.000000
0.015291 -0.005954 0.260000 -0.798702 -0.164163 0.578900 0.000000
0.022228 -0.006183 0.270000 -0.822280 0.112003 0.557952 0.000000
-0.053985 -0.005302 0.258000 -0.112623 0.619323 0.777017 0.000000
-0.048290 -0.005343 0.260000 0.061352 0.396978 0.915775 0.000000
-0.040717 -0.005158 0.251000 0.648079 0.327740 0.687445 0.000000
-0.032179 -0.004850 0.236000 0.679796 -0.094364 0.727306 0.000000
-0.026291 -0.004788 0.233000 -0.362681 0.564975 0.741124 0.000000
-0.019745 -0.004932 0.240000 -0.302254 0.318385 0.898484 0.000000
-0.014160 -0.004952 0.241000 -0.195649 0.339139 0.920166 0.000000
-0.008599 -0.005014 0.244000 -0.575381 0.250282 0.778650 0.000000
-0.002920 -0.005117 0.249000 -0.433511 -0.169193 0.885122 0.000000
0.002946 -0.005137 0.250000 0.088258 0.652482 -0.752647 0.000000
0.008860 -0.005158 0.251000 -0.492378 -0.585391 0.644113 0.000000
0.015291 -0.005343 0.260000 -0.788209 -0.137230 0.599913 0.000000
0.022146 -0.005528 0.269000 -0.817627 0.139707 0.558542 0.000000
-0.054380 -0.004677 0.257000 0.198801 -0.612064 -0.765412 0.000000
-0.048902 -0.004731 0.260000 0.111563 0.436622 0.892701 0.000000
-0.041307 -0.004568 0.251000 0.727585 0.240156 0.642608 0.000000
-0.032873 -0.004313 0.237000 0.765842 -0.110994 0.633377 0.000000
-0.026724 -0.004222 0.232000 -0.153806 -0.766038 0.624123 0.000000
-0.021349 -0.004349 0.239000 -0.490347 0.293091 0.820766 0.000000
-0.015860 -0.004386 0.241000 -0.149491 0.338990 0.928837 0.000000
-0.010278 -0.004422 0.243000 -0.493370 0.236128 0.837156 0.000000
-0.004658 -0.004513 0.248000 -0.497036 -0.030315 0.867200 0.000000
0.001183 -0.004549 0.250000 -0.246781 -0.469776 0.847591 0.000000
0.007061 -0.004549 0.250000 -0.441226 -0.645648 0.623264 0.000000
0.013302 -0.004677 0.257000 -0.732790 -0.321769 0.599569 0.000000
0.020023 -0.004841 0.266000 -0.774227 0.082870 0.627460 0.000000
-0.056193 -0.004073 0.257000 0.263904 -0.584750 -0.767086 0.000000
-0.050541 -0.004104 0.259000 -0.040471 0.477611 0.877639 0.000000
-0.043592 -0.004025 0.254000 0.721506 0.213831 0.658563 0.000000
-0.035694 -0.003819 0.241000 0.690963 -0.468956 0.550136 0.000000
-0.029031 -0.003692 0.233000 -0.041416 -0.778401 0.626400 0.000000
-0.023754 -0.003724 0.235000 -0.678025 0.236989 0.695786 0.000000
-0.018616 -0.003803 0.240000 -0.163334 0.281746 0.945485 0.000000
-0.013027 -0.003819 0.241000 -0.346652 0.143655 0.926928 0.000000
-0.007452 -0.003867 0.244000 -0.624043 0.173331 0.761923 0.000000
-0.001749 -0.003946 0.249000 -0.432177 -0.154805 0.888402 0.000000
0.004139 -0.003977 0.251000 -0.192157 -0.607347 0.770847 0.000000
0.010121 -0.004009 0.253000 -0.461261 -0.595537 0.657704 0.000000
0.016641 -0.004152 0.262000 -0.724132 0.054121 0.687534 0.000000
0.023585 -0.004294 0.271000 -0.799719 0.179772 0.572828 0.000000
-0.052363 -0.003455 0.256000 0.207461 -0.546593 -0.811293 0.000000
-0.046886 -0.003495 0.259000 0.229033 0.435217 0.870707 0.000000
-0.038015 -0.003306 0.245000 0.823799 -0.274824 0.495809 0.000000
-0.031069 -0.003185 0.236000 0.527531 -0.529110 0.664646 0.000000
-0.025196 -0.003144 0.233000 -0.573251 -0.033822 0.818681 0.000000
-0.020225 -0.003225 0.239000 -0.413663 0.226948 0.881690 0.000000
-0.014666 -0.003239 0.240000 -0.263646 0.109761 0.958354 0.000000
-0.009098 -0.003266 0.242000 -0.511494 0.133164 0.848906 0.000000
-0.003492 -0.003347 0.248000 -0.539201 -0.060913 0.839971 0.000000
0.002368 -0.003387 0.251000 -0.295101 -0.411404 0.862358 0.000000
0.008303 -0.003401 0.252000 -0.428891 -0.652863 0.624358 0.000000
0.015350 -0.003522 0.261000 -0.722126 0.007779 0.691717 0.000000
0.022064 -0.003617 0.268000 -0.799568 0.167336 0.576793 0.000000
-0.052758 -0.002842 0.255000 0.299000 -0.514964 -0.803375 0.000000
-0.047679 -0.002897 0.260000 0.148117 0.456720 0.877193 0.000000
-0.039487 -0.002752 0.247000 0.784040 -0.092233 0.613820 0.000000
-0.032452 -0.002652 0.238000 0.498060 -0.622559 0.603620 0.000000
-0.026179 -0.002585 0.232000 -0.099610 -0.729171 0.677043 0.000000
-0.021259 -0.002652 0.238000 -0.516250 -0.038512 0.855572 0.000000
-0.015729 -0.002663 0.239000 -0.224617 0.073325 0.971684 0.000000
-0.010193 -0.002686 0.241000 -0.409508 0.044460 0.911223 0.000000
-0.004639 -0.002752 0.247000 -0.624351 0.069888 0.778011 0.000000
0.001188 -0.002797 0.251000 -0.371436 -0.291254 0.881593 0.000000
0.007146 -0.002819 0.253000 -0.382582 -0.642904 0.663555 0.000000
0.013354 -0.002875 0.258000 -0.582663 -0.383186 0.716709 0.000000
0.020023 -0.002964 0.266000 -0.765065 0.146220 0.627133 0.000000
-0.053957 -0.002242 0.255000 0.331053 -0.474917 -0.815388 0.000000
-0.048902 -0.002286 0.260000 0.059443 -0.428884 -0.901402 0.000000
-0.040813 -0.002180 0.248000 0.788000 0.168924 0.592047 0.000000
-0.033712 -0.002101 0.239000 0.442036 -0.714488 0.542319 0.000000
-0.027387 -0.002049 0.233000 -0.101244 -0.746170 0.658012 0.000000
-0.022284 -0.002084 0.237000 -0.635622 -0.026373 0.771550 0.000000
-0.016853 -0.002101 0.239000 -0.232330 -0.042847 0.971693 0.000000
-0.011327 -0.002119 0.241000 -0.430014 -0.069088 0.900175 0.000000
-0.005754 -0.002154 0.245000 -0.675713 0.027185 0.736664 0.000000
0.000007 -0.002198 0.250000 -0.414504 -0.252380 0.874352 0.000000
0.005980 -0.002233 0.254000 -0.380974 -0.645155 0.662294 0.000000
0.012046 -0.002251 0.256000 -0.501637 -0.577918 0.643717 0.000000
0.018701 -0.002330 0.265000 -0.766665 0.144967 0.625468 0.000000
0.025779 -0.002409 0.274000 -0.773126 0.232271 0.590192 0.000000
-0.051159 -0.001649 0.256000 0.240469 -0.535671 -0.809464 0.000000
-0.045139 -0.001649 0.256000 0.467870 0.415971 0.779786 0.000000
-0.037133 -0.001565 0.243000 0.692486 -0.531277 0.488066 0.000000
-0.030514 -0.001520 0.236000 0.334379 -0.753337 0.566281 0.000000
-0.024754 -0.001507 0.234000 -0.488502 -0.517204 0.702756 0.000000
-0.019663 -0.001539 0.239000 -0.278946 -0.373268 0.884794 0.000000
-0.014102 -0.001546 0.240000 -0.320606 -0.218961 0.921557 0.000000
-0.008529 -0.001559 0.242000 -0.479964 -0.156523 0.863212 0.000000
-0.002909 -0.001597 0.248000 -0.577619 -0.088189 0.811529 0.000000
0.002982 -0.001630 0.253000 -0.525819 -0.473073 0.706906 0.000000
0.009037 -0.001649 0.256000 -0.367980 -0.664673 0.650232 0.000000
0.015350 -0.001681 0.261000 -0.596325 -0.148717 0.788847 0.000000
0.022064 -0.001726 0.268000 -0.789018 0.196942 0.581949 0.000000
-0.053358 -0.001043 0.255000 0.273455 -0.382776 -0.882442 0.000000
-0.048104 -0.001059 0.259000 0.007269 0.498365 0.866937 0.000000
-0.040068 -0.001010 0.247000 0.673154 0.000943 0.739502 0.000000
-0.033289 -0.000981 0.240000 0.448827 -0.735336 0.507775 0.000000
-0.027070 -0.000961 0.235000 0.019732 -0.811136 0.584524 0.000000
-0.021911 -0.000977 0.239000 -0.208714 -0.624063 0.752983 0.000000
-0.016291 -0.000977 0.239000 -0.170293 -0.193041 0.966300 0.000000
-0.010760 -0.000986 0.241000 -0.393796 -0.176311 0.902131 0.000000
-0.005178 -0.001002 0.245000 -0.688497 -0.056611 0.723026 0.000000
0.000597 -0.001026 0.251000 -0.504434 -0.208138 0.837989 0.000000
0.006629 -0.001047 0.256000 -0.445797 -0.628688 0.637194 0.000000
0.012747 -0.001055 0.258000 -0.402902 -0.444731 0.799928 0.000000
0.019324 -0.001084 0.265000 -0.731538 0.098152 0.674699 0.000000
0.026423 -0.001120 0.274000 -0.762521 0.259493 0.592642 0.000000
-0.050557 -0.000445 0.256000 0.251185 -0.538605 -0.804245 0.000000
-0.044016 -0.000440 0.253000 0.577190 0.223800 0.785345 0.000000
-0.036712 -0.000424 0.244000 0.591777 -0.691656 0.414019 0.000000
-0.030340 -0.000415 0.239000 0.303891 -0.842335 0.445110 0.000000
-0.024617 -0.000414 0.238000 -0.297208 -0.745625 0.596415 0.000000
-0.019101 -0.000415 0.239000 -0.156013 -0.395075 0.905304 0.000000
-0.013594 -0.000419 0.241000 -0.308592 -0.316475 0.897003 0.000000
-0.007992 -0.000422 0.243000 -0.444748 -0.362021 0.819232 0.000000
-0.002335 -0.000433 0.249000 -0.606205 -0.128965 0.784782 0.000000
0.003591 -0.000441 0.254000 -0.582173 -0.435437 0.686636 0.000000
0.009714 -0.000448 0.258000 -0.443279 -0.620174 0.647216 0.000000
0.015964 -0.000454 0.261000 -0.605229 -0.169513 0.777794 0.000000
0.022694 -0.000466 0.268000 -0.770532 0.193413 0.607348 0.000000
-0.053957 0.000156 0.255000 0.255224 -0.340312 -0.905013 0.000000
-0.048525 0.000158 0.258000 0.000102 0.561489 0.827484 0.000000
-0.040813 0.000152 0.248000 0.710098 0.152072 0.687484 0.000000
-0.034417 0.000150 0.244000 0.384870 -0.783193 0.488348 0.000000
-0.028210 0.000147 0.240000 0.137015 -0.878397 0.457871 0.000000
-0.022567 0.000147 0.240000 -0.169678 -0.730685 0.661293 0.000000
-0.016923 0.000147 0.240000 -0.198136 -0.445663 0.872998 0.000000
-0.011374 0.000148 0.242000 -0.383786 -0.435064 0.814511 0.000000
-0.005754 0.000150 0.245000 -0.639317 -0.174766 0.748820 0.000000
0.000007 0.000154 0.251000 -0.548065 -0.249953 0.798216 0.000000
0.008501 0.000158 0.258000 -0.410734 -0.625459 0.663399 0.000000
0.014624 0.000159 0.259000 -0.339494 -0.380853 0.860055 0.000000
0.021274 0.000163 0.266000 -0.734871 0.148840 0.661673 0.000000
0.028563 0.000169 0.276000 -0.756545 0.263522 0.598495 0.000000
-0.050360 0.000756 0.255000 0.057970 0.412619 0.909057 0.000000
-0.044016 0.000750 0.253000 0.431424 0.182159 0.883568 0.000000
-0.037164 0.000732 0.247000 0.522016 -0.617828 0.588038 0.000000
-0.030848 0.000720 0.243000 0.324314 -0.814178 0.481596 0.000000
-0.024927 0.000715 0.241000 -0.065858 -0.757640 0.649341 0.000000
-0.019260 0.000715 0.241000 -0.098163 -0.522694 0.846850 0.000000
-0.013650 0.000717 0.242000 -0.228620 -0.526545 0.818830 0.000000
-0.008025 0.000723 0.244000 -0.450444 -0.405219 0.795549 0.000000
0.013406 0.000768 0.259000 -0.289479 -0.394798 0.871973 0.000000
0.019872 0.000783 0.264000 -0.711446 0.073824 0.698852 0.000000
0.027068 0.000812 0.274000 -0.761762 0.268984 0.589378 0.000000
-0.051559 0.001356 0.255000 -0.043874 0.261881 0.964102 0.000000
-0.045563 0.001356 0.255000 0.106669 0.591287 0.799376 0.000000
-0.038636 0.001324 0.249000 0.409957 -0.592044 0.693844 0.000000
-0.032386 0.001308 0.246000 0.396488 -0.762171 0.511755 0.000000
-0.026169 0.001287 0.242000 0.112019 -0.784392 0.610066 0.000000
-0.020478 0.001287 0.242000 0.070112 -0.632826 0.771113 0.000000
-0.014788 0.001287 0.242000 -0.217925 -0.539667 0.813184 0.000000
0.021274 0.001414 0.266000 -0.690484 -0.006732 0.723316 0.000000
0.028563 0.001467 0.276000 -0.757101 0.270046 0.594873 0.000000
-0.051559 0.001955 0.255000 0.066038 0.372940 0.925502 0.000000
-0.045384 0.001948 0.254000 0.260639 0.508878 0.820433 0.000000
-0.038946 0.001925 0.251000 0.002917 -0.569680 0.821861 0.000000
-0.032517 0.001894 0.247000 0.420639 -0.750460 0.509777 0.000000
-0.026277 0.001863 0.243000 0.201704 -0.729846 0.653177 0.000000
0.019178 0.002017 0.263000 -0.633237 -0.109659 0.766150 0.000000
0.026327 0.002093 0.273000 -0.750831 0.271850 0.601956 0.000000
-0.053746 0.002545 0.254000 0.209383 0.096863 0.973024 0.000000
-0.047773 0.002545 0.254000 0.269060 0.417429 0.867963 0.000000
-0.041471 0.002525 0.252000 0.048691 0.749080 -0.660688 0.000000
-0.033952 0.002495 0.249000 0.399104 -0.764695 0.505923 0.000000
0.017126 0.002605 0.260000 -0.454324 -0.355670 0.816755 0.000000
0.024044 0.002695 0.269000 -0.737911 0.164862 0.654453 0.000000
-0.055914 0.003130 0.253000 0.640345 -0.188297 0.744649 0.000000
-0.050162 0.003142 0.254000 0.264758 0.250156 0.931303 0.000000
-0.043842 0.003117 0.252000 0.166620 0.447086 0.878836 0.000000
-0.038217 0.003142 0.254000 0.289620 -0.795142 0.532793 0.000000
0.016514 0.003216 0.260000 -0.397461 -0.457009 0.795718 0.000000
0.024044 0.003328 0.269000 -0.729481 0.193529 0.656051 0.000000
0.031272 0.003427 0.277000 -0.750319 0.291771 0.593204 0.000000
-0.050162 0.003739 0.254000 0.353769 -0.028867 0.934887 0.000000
-0.043842 0.003710 0.252000 0.166620 0.447086 0.878836 0.000000
-0.038518 0.003769 0.256000 0.302063 -0.716657 0.628619 0.000000
0.019106 0.003857 0.262000 -0.373933 -0.381263 0.845466 0.000000
0.026134 0.003990 0.271000 -0.717688 0.300895 0.628002 0.000000
-0.055373 0.004371 0.256000 0.601471 -0.259703 0.755505 0.000000
-0.048775 0.004320 0.253000 0.437943 0.242867 0.865576 0.000000
-0.042826 0.004320 0.253000 0.572737 0.299682 -0.762996 0.000000
0.017191 0.004456 0.261000 -0.343166 -0.482822 0.805680 0.000000
0.023954 0.004576 0.268000 -0.664951 0.107163 0.739159 0.000000
0.031159 0.004712 0.276000 -0.720268 0.390225 0.573532 0.000000
-0.050959 0.004953 0.255000 0.566370 -0.182313 0.803733 0.000000
-0.044258 0.004876 0.251000 0.301743 0.182718 0.935717 0.000000
0.015468 0.005109 0.263000 0.152525 0.639121 -0.753831 0.000000
0.021899 0.005167 0.266000 -0.575452 0.023202 0.817506 0.000000
0.029001 0.005322 0.274000 -0.659200 0.386836 0.644836 0.000000
-0.053985 0.005618 0.258000 0.551700 -0.350803 0.756680 0.000000
-0.046619 0.005466 0.251000 0.421089 0.202786 0.884060 0.000000
-0.041528 0.005575 0.256000 0.267382 0.488861 -0.830375 0.000000
0.017942 0.005727 0.263000 -0.387840 -0.271508 0.880831 0.000000
0.024584 0.005836 0.268000 -0.463897 0.163811 0.870612 0.000000
0.031808 0.006010 0.276000 -0.720268 0.390225 0.573532 0.000000
-0.051963 0.006201 0.257000 0.619020 -0.320821 0.716860 0.000000
-0.044491 0.006008 0.249000 0.320549 0.048693 0.945980 0.000000
-0.040187 0.006249 0.259000 0.059240 0.407300 -0.911371 0.000000
0.018631 0.006370 0.264000 -0.323120 -0.414728 0.850643 0.000000
0.025215 0.006466 0.268000 -0.593286 0.286246 0.752380 0.000000
-0.058742 0.006964 0.263000 0.576472 -0.541363 0.612051 0.000000
-0.051159 0.006779 0.256000 0.635056 -0.335695 0.695710 0.000000
-0.043905 0.006593 0.249000 0.189397 0.051157 0.980567 0.000000
-0.039731 0.006884 0.260000 0.035869 0.616637 -0.786430 0.000000
0.017022 0.007096 0.268000 0.046097 0.726210 -0.685925 0.000000
0.023150 0.007043 0.266000 -0.502202 0.114847 0.857090 0.000000
0.030289 0.007255 0.274000 -0.620450 0.434810 0.652673 0.000000
-0.056054 0.007553 0.262000 0.611184 -0.477917 0.630912 0.000000
-0.047989 0.007265 0.252000 0.606794 -0.130226 0.784119 0.000000
-0.041730 0.007208 0.250000 0.482148 0.460282 -0.745435 0.000000
0.013439 0.007842 0.272000 -0.023338 0.859019 -0.511412 0.000000
0.019470 0.007698 0.267000 0.203223 0.509234 -0.836290 0.000000
0.025941 0.007755 0.269000 -0.420583 0.443011 0.791739 0.000000
-0.061749 0.008357 0.268000 0.587129 -0.400331 0.703573 0.000000
-0.053999 0.008138 0.261000 0.586365 -0.489294 0.645575 0.000000
-0.045845 0.007795 0.250000 0.338290 -0.050563 0.939683 0.000000
-0.040926 0.007982 0.256000 0.490961 0.561540 -0.666056 0.000000
0.013538 0.008544 0.274000 -0.199953 -0.909559 0.364310 0.000000
0.019543 0.008357 0.268000 0.125249 0.448965 -0.884728 0.000000
0.025845 0.008357 0.268000 -0.332773 0.551129 0.765192 0.000000
-0.061749 0.008987 0.268000 0.575165 -0.399257 0.713988 0.000000
-0.053999 0.008752 0.261000 0.550665 -0.545916 0.631461 0.000000
-0.045845 0.008383 0.250000 0.308807 -0.399453 0.863177 0.000000
-0.040926 0.008584 0.256000 0.397789 0.604725 -0.689980 0.000000
0.008200 0.008987 0.268000 -0.515553 -0.722509 0.460636 0.000000
0.015043 0.009322 0.278000 -0.419623 -0.904567 -0.075341 0.000000
0.021274 0.008920 0.266000 -0.445919 -0.060680 0.893014 0.000000
0.028046 0.009087 0.271000 -0.522994 0.490994 0.696708 0.000000
-0.059635 0.009581 0.267000 0.575165 -0.399257 0.713988 0.000000
-0.051559 0.009258 0.258000 0.577343 -0.470572 0.667261 0.000000
-0.044082 0.008971 0.250000 -0.214600 -0.473702 0.854139 0.000000
-0.000597 0.009222 0.257000 -0.456126 -0.772370 0.442034 0.000000
0.005658 0.009581 0.267000 -0.661005 -0.642675 0.387351 0.000000
0.016409 0.010012 0.279000 -0.542922 -0.815615 -0.200022 0.000000
0.022440 0.009509 0.265000 -0.400223 0.584024 0.706213 0.000000
0.029428 0.009761 0.272000 -0.500298 0.522339 0.690553 0.000000
-0.058161 0.010171 0.266000 0.581442 -0.431616 0.689661 0.000000
-0.049955 0.009788 0.256000 0.571954 -0.512316 0.640625 0.000000
-0.043077 0.009597 0.251000 0.389891 0.562539 -0.729064 0.000000
-0.038360 0.009903 0.259000 0.344286 0.836131 -0.427027 0.000000
-0.006588 0.009750 0.255000 -0.473750 -0.718966 0.508575 0.000000
-0.000602 0.009903 0.259000 -0.469495 -0.735146 0.489013 0.000000
0.005722 0.010324 0.270000 -0.542457 -0.660614 0.518969 0.000000
0.019689 0.010324 0.270000 -0.185356 0.291441 -0.938459 0.000000
0.026376 0.010209 0.267000 -0.458447 0.591233 0.663528 0.000000
-0.061980 0.010918 0.269000 0.551737 -0.379068 0.742896 0.000000
-0.054206 0.010634 0.262000 0.518808 -0.599918 0.609045 0.000000
-0.046395 0.010269 0.253000 0.249129 -0.650945 0.717082 0.000000
-0.040926 0.010390 0.256000 0.406394 0.771608 -0.489351 0.000000
-0.008486 0.010471 0.258000 -0.572425 -0.787582 0.228132 0.000000
-0.002419 0.010471 0.258000 -0.428223 -0.710271 0.558695 0.000000
0.003817 0.010959 0.270000 -0.698596 -0.474617 0.535446 0.000000
0.019689 0.010959 0.270000 -0.222470 0.147152 -0.963771 0.000000
0.026277 0.010796 0.266000 -0.370848 0.552334 0.746592 0.000000
-0.061347 0.011550 0.269000 0.550371 -0.374833 0.746051 0.000000
-0.053386 0.011207 0.261000 0.525042 -0.599359 0.604235 0.000000
-0.045981 0.010906 0.254000 0.143897 -0.744047 0.652448 0.000000
-0.040639 0.011078 0.258000 0.400251 0.841028 -0.363965 0.000000
-0.036184 0.012710 0.296000 0.780377 -0.462342 -0.421012 0.000000
-0.028678 0.013096 0.305000 0.658620 -0.599865 -0.454293 0.000000
-0.004865 0.011121 0.259000 -0.155164 -0.783065 0.602273 0.000000
0.001263 0.011465 0.267000 -0.603070 -0.479325 0.637616 0.000000
0.019195 0.011679 0.272000 -0.738599 -0.578736 -0.345740 0.000000
0.024650 0.011250 0.262000 -0.579884 0.661424 0.475661 0.000000
-0.063480 0.012228 0.270000 0.537858 -0.352754 0.765685 0.000000
-0.056073 0.012002 0.265000 0.525635 -0.523943 0.670218 0.000000
-0.048337 0.011640 0.257000 0.320582 -0.751568 0.576518 0.000000
-0.042294 0.011640 0.257000 0.403570 0.810514 -0.424497 0.000000
-0.037322 0.013315 0.294000 0.861393 0.181134 -0.474544 0.000000
-0.031237 0.013678 0.302000 0.658620 -0.599865 -0.454293 0.000000
-0.024535 0.013904 0.307000 0.143017 -0.985245 0.094008 0.000000
-0.009234 0.011866 0.262000 -0.246744 -0.956324 0.156723 0.000000
-0.003061 0.011821 0.261000 -0.359185 -0.636968 0.682098 0.000000
0.003206 0.012319 0.272000 -0.709518 0.074510 0.700737 0.000000
0.021405 0.011775 0.260000 -0.649675 0.625022 0.432747 0.000000
0.028365 0.012138 0.268000 -0.331037 0.628030 0.704268 0.000000
-0.060082 0.012816 0.269000 0.550015 -0.355359 0.755780 0.000000
-0.052158 0.012434 0.261000 0.457781 -0.649471 0.607144 0.000000
-0.045139 0.012196 0.256000 0.197295 0.867499 -0.456639 0.000000
-0.040648 0.012673 0.266000 0.132585 -0.808094 0.573938 0.000000
-0.034792 0.014102 0.296000 0.801908 -0.365208 -0.472828 0.000000
-0.016560 0.012911 0.271000 -0.184820 -0.978258 -0.094092 0.000000
-0.009925 0.012577 0.264000 0.026831 -0.997128 -0.070827 0.000000
-0.003689 0.012482 0.262000 -0.184734 -0.632964 0.751818 0.000000
0.002566 0.012958 0.272000 0.618908 -0.343627 -0.706310 0.000000
0.021240 0.012291 0.258000 -0.618585 0.573476 0.537101 0.000000
0.028154 0.012673 0.266000 -0.392884 0.654536 0.645929 0.000000
-0.058598 0.013398 0.268000 0.526899 -0.407122 0.746076 0.000000
-0.050736 0.012998 0.260000 0.441480 -0.684032 0.580686 0.000000
-0.044107 0.012848 0.257000 0.244689 0.889816 -0.385168 0.000000
-0.038592 0.014398 0.288000 0.425840 0.901735 0.074394 0.000000
-0.018888 0.014348 0.287000 0.036593 -0.995476 0.087685 0.000000
-0.011251 0.013298 0.266000 -0.017562 -0.991656 -0.127714 0.000000
-0.003703 0.013148 0.263000 0.074047 0.585677 -0.807155 0.000000
0.002566 0.013598 0.272000 0.618908 -0.343627 -0.706310 0.000000
0.022193 0.012748 0.255000 -0.570805 0.558191 0.602167 0.000000
0.029405 0.013298 0.266000 -0.406182 0.648203 0.644087 0.000000
-0.056285 0.013924 0.266000 0.494521 -0.490126 0.717792 0.000000
-0.048713 0.013557 0.259000 0.351479 -0.729449 0.586827 0.000000
-0.043282 0.013766 0.263000 0.226112 0.859886 -0.457678 0.000000
-0.039531 0.014918 0.285000 0.504528 0.862421 0.041009 0.000000
-0.016866 0.014447 0.276000 -0.165423 -0.982118 -0.089891 0.000000
-0.009962 0.013871 0.265000 0.062947 -0.968703 -0.240110 0.000000
-0.003717 0.013819 0.264000 0.312794 -0.788963 -0.528864 0.000000
0.018419 0.014133 0.270000 -0.730967 -0.528644 -0.431534 0.000000
0.023300 0.013295 0.254000 -0.272400 0.735752 0.620054 0.000000
0.030886 0.014028 0.268000 -0.343141 0.712954 0.611515 0.000000
-0.055034 0.014549 0.266000 0.445350 -0.544437 0.710811 0.000000
-0.047862 0.014276 0.261000 0.213779 -0.826377 0.520961 0.000000
-0.043164 0.014768 0.270000 0.077068 -0.971221 0.225369 0.000000
-0.038997 0.015643 0.286000 -0.345851 -0.924436 -0.160643 0.000000
-0.009925 0.014440 0.264000 0.062947 -0.968703 -0.240110 0.000000
-0.003096 0.014440 0.264000 0.428376 -0.550953 -0.716201 0.000000
0.019178 0.014385 0.263000 -0.693857 -0.527560 -0.490146 0.000000
0.024591 0.013947 0.255000 -0.546214 0.619290 0.564031 0.000000
-0.062031 0.015517 0.272000 0.544718 -0.348199 0.762915 0.000000
-0.054408 0.015174 0.266000 0.415432 -0.510892 0.752599 0.000000
-0.047792 0.015060 0.264000 0.121493 -0.815685 0.565594 0.000000
-0.043317 0.015688 0.275000 -0.118341 -0.983672 0.135589 0.000000
-0.014324 0.015117 0.265000 -0.217262 -0.930431 -0.295120 0.000000
-0.008001 0.014946 0.262000 0.115915 -0.817982 -0.563445 0.000000
-0.001869 0.015174 0.266000 0.602680 -0.524798 -0.601135 0.000000
0.021339 0.014376 0.252000 -0.480690 0.392953 0.783917 0.000000
0.028563 0.015060 0.264000 -0.369060 0.835586 0.406928 0.000000
-0.057338 0.015919 0.268000 0.389267 -0.357623 0.848868 0.000000
-0.050275 0.015681 0.264000 0.423811 -0.530741 0.733961 0.000000
-0.044448 0.016275 0.274000 0.214850 0.940455 -0.263407 0.000000
-0.039392 0.016869 0.284000 0.598750 0.796191 0.087056 0.000000
-0.009163 0.015444 0.260000 -0.000224 -0.891791 -0.452447 0.000000
0.016576 0.016097 0.271000 -0.621961 -0.595203 -0.508820 0.000000
0.021932 0.014968 0.252000 -0.480690 0.392953 0.783917 0.000000
0.029294 0.015741 0.265000 -0.284468 0.810784 0.511574 0.000000
-0.056078 0.016549 0.268000 0.417572 -0.327588 0.847538 0.000000
-0.049405 0.016425 0.266000 0.255548 -0.541062 0.801216 0.000000
-0.043446 0.017290 0.280000 0.518084 0.770964 -0.370410 0.000000
-0.012732 0.015931 0.258000 -0.023210 -0.821836 -0.569251 0.000000
-0.006718 0.016055 0.260000 0.351834 -0.700345 -0.621072 0.000000
0.020829 0.015623 0.253000 -0.491430 -0.625563 -0.605944 0.000000
0.027730 0.016178 0.262000 -0.493475 0.663533 0.562322 0.000000
-0.056920 0.017243 0.269000 0.411057 -0.326086 0.851293 0.000000
-0.050218 0.017115 0.267000 0.263399 -0.381028 0.886250 0.000000
-0.045915 0.017884 0.279000 0.650052 0.649329 -0.394720 0.000000
-0.039636 0.018012 0.281000 -0.425482 -0.796399 -0.429782 0.000000
0.014610 0.017307 0.270000 -0.397341 -0.771965 -0.496175 0.000000
0.019794 0.016346 0.255000 -0.652648 -0.640349 -0.404974 0.000000
0.026195 0.016602 0.259000 -0.501551 0.685969 0.527156 0.000000
-0.057552 0.017876 0.269000 0.452609 -0.287807 0.843986 0.000000
-0.051036 0.017809 0.268000 -0.239204 0.199491 -0.950255 0.000000
-0.046079 0.018607 0.280000 0.667483 0.687950 -0.284939 0.000000
-0.013184 0.016945 0.255000 0.120579 -0.464255 -0.877455 0.000000
0.016209 0.017610 0.265000 -0.573697 -0.740344 -0.350375 0.000000
0.021424 0.016812 0.253000 -0.491430 -0.625563 -0.605944 0.000000
-0.062671 0.018715 0.272000 0.550636 -0.321531 0.770336 0.000000
-0.055655 0.018508 0.269000 0.402012 -0.328138 0.854817 0.000000
-0.048226 0.019334 0.281000 0.685616 0.594105 -0.420679 0.000000
-0.041619 0.019334 0.281000 -0.613539 -0.735074 -0.288505 0.000000
0.016641 0.018027 0.262000 -0.588059 -0.768259 -0.252912 0.000000
0.022106 0.017476 0.254000 -0.491430 -0.625563 -0.605944 0.000000
-0.061392 0.019354 0.272000 0.484977 -0.329279 0.810168 0.000000
-0.054187 0.019070 0.268000 0.426049 -0.239457 0.872435 0.000000
-0.046573 0.020137 0.283000 0.754612 0.616660 -0.224257 0.000000
0.012070 0.019212 0.270000 -0.095028 -0.821597 -0.562093 0.000000
0.017601 0.018358 0.258000 -0.668610 -0.690753 -0.275357 0.000000
0.024274 0.018358 0.258000 -0.488040 -0.841775 -0.230721 0.000000
-0.057552 0.019773 0.269000 0.398826 -0.286604 0.871089 0.000000
-0.051608 0.019920 0.271000 0.235964 0.047228 -0.970613 0.000000
-0.043246 0.020802 0.283000 0.636986 0.755853 0.151444 0.000000
0.013768 0.019553 0.266000 -0.366692 -0.847642 -0.383457 0.000000
0.019044 0.018597 0.253000 -0.545181 -0.564112 -0.620125 0.000000
-0.062259 0.020709 0.273000 0.529470 -0.289350 0.797457 0.000000
-0.054817 0.020330 0.268000 0.469263 -0.193705 0.861551 0.000000
-0.046070 0.021544 0.284000 0.636986 0.755853 0.151444 0.000000
0.009496 0.020406 0.269000 0.055528 -0.825153 -0.562174 0.000000
0.015350 0.019799 0.261000 -0.625384 -0.689242 -0.365841 0.000000
0.021424 0.019192 0.253000 -0.596537 0.116616 0.794068 0.000000
-0.058401 0.021117 0.270000 0.470894 -0.282218 0.835830 0.000000
-0.046902 0.022290 0.285000 0.636986 0.755853 0.151444 0.000000
0.006940 0.020960 0.268000 0.238971 -0.778955 -0.579761 0.000000
0.013142 0.020804 0.266000 -0.318431 -0.869702 -0.377120 0.000000
0.018894 0.019631 0.251000 -0.502304 -0.503093 -0.703270 0.000000
-0.060334 0.021993 0.273000 0.583384 -0.242552 0.775133 0.000000
-0.050688 0.022557 0.280000 0.451983 0.859823 -0.237518 0.000000
-0.044892 0.022960 0.285000 -0.395900 -0.758951 -0.516969 0.000000
0.007570 0.021590 0.268000 0.183014 -0.798933 -0.572898 0.000000
0.013664 0.021268 0.264000 -0.369598 -0.867131 -0.333889 0.000000
0.018894 0.020221 0.251000 -0.536098 -0.516702 -0.667546 0.000000
-0.056920 0.022303 0.269000 0.518066 -0.213782 0.828194 0.000000
-0.048569 0.023464 0.283000 0.767990 0.636127 -0.074390 0.000000
-0.041619 0.023298 0.281000 -0.393690 -0.675954 -0.622972 0.000000
0.008830 0.022220 0.268000 0.157835 -0.810983 -0.563378 0.000000
0.014567 0.021391 0.258000 -0.607663 -0.716737 -0.342103 0.000000
0.020664 0.020811 0.251000 -0.032906 0.320602 0.946642 0.000000
-0.050148 0.023021 0.270000 0.005810 0.117784 -0.993022 0.000000
-0.046232 0.024300 0.285000 -0.445169 -0.754583 -0.482109 0.000000
0.003088 0.022339 0.262000 0.420286 -0.807534 -0.413822 0.000000
0.009354 0.022595 0.265000 -0.049957 -0.927836 -0.369627 0.000000
0.015943 0.021401 0.251000 -0.554377 -0.563213 -0.612746 0.000000
0.021845 0.021401 0.251000 -0.149491 0.263435 0.953024 0.000000
-0.049962 0.023568 0.269000 -0.214627 0.143375 -0.966115 0.000000
-0.046070 0.024883 0.284000 -0.396821 -0.715833 -0.574557 0.000000
0.000616 0.022692 0.259000 0.331521 -0.806108 -0.490187 0.000000
0.006784 0.022955 0.262000 0.147664 -0.929187 -0.338832 0.000000
0.012797 0.022692 0.259000 -0.137758 -0.857944 -0.494929 0.000000
0.018743 0.021816 0.249000 -0.058942 0.051519 0.996931 0.000000
-0.061869 0.024921 0.277000 0.469448 -0.289202 0.834254 0.000000
-0.053157 0.023931 0.266000 0.507206 -0.082433 0.857873 0.000000
-0.047711 0.025011 0.278000 0.105679 -0.942064 -0.318352 0.000000
-0.041471 0.025191 0.280000 -0.384338 -0.718605 -0.579561 0.000000
0.002443 0.023301 0.259000 0.288939 -0.871479 -0.396282 0.000000
0.008566 0.023391 0.260000 -0.023371 -0.930231 -0.366230 0.000000
0.014285 0.022761 0.253000 -0.532625 -0.503821 -0.680055 0.000000
0.019914 0.022402 0.249000 -0.058942 0.051519 0.996931 0.000000
-0.060129 0.025387 0.275000 0.520050 -0.283655 0.805660 0.000000
-0.051711 0.024464 0.265000 0.539103 -0.067248 0.839551 0.000000
-0.047196 0.025387 0.275000 0.007728 -0.915676 -0.401844 0.000000
-0.041471 0.025849 0.280000 -0.384338 -0.718605 -0.579561 0.000000
0.000609 0.023633 0.256000 0.292002 -0.879657 -0.375418 0.000000
0.006655 0.023726 0.257000 0.096890 -0.842478 -0.529946 0.000000
0.012648 0.023633 0.256000 -0.328637 -0.720407 -0.610747 0.000000
0.018158 0.022987 0.249000 0.130169 0.113527 0.984971 0.000000
0.024495 0.023449 0.254000 -0.860937 -0.357907 0.361511 0.000000
-0.053985 0.025277 0.267000 0.578109 -0.180736 0.795691 0.000000
-0.047707 0.025277 0.267000 0.174395 -0.615127 -0.768899 0.000000
-0.043601 0.026602 0.281000 -0.379193 -0.756776 -0.532449 0.000000
-0.004190 0.024141 0.255000 0.166641 -0.849802 -0.500068 0.000000
0.001785 0.023857 0.252000 0.270770 -0.890703 -0.365146 0.000000
0.009037 0.024235 0.256000 -0.164581 -0.735222 -0.657543 0.000000
0.014703 0.023667 0.250000 0.172669 -0.069277 0.982541 0.000000
0.020582 0.023667 0.250000 -0.462349 -0.305901 0.832261 0.000000
-0.058408 0.026487 0.273000 0.491851 -0.274881 0.826150 0.000000
-0.050465 0.025710 0.265000 0.608639 -0.124231 0.783661 0.000000
-0.045402 0.026390 0.272000 0.031377 -0.957541 -0.286585 0.000000
-0.039293 0.026584 0.274000 -0.475562 -0.800426 -0.364909 0.000000
-0.004733 0.024449 0.252000 0.048307 -0.837581 -0.544173 0.000000
0.001183 0.024255 0.250000 0.278144 -0.924117 -0.261999 0.000000
0.008369 0.024643 0.254000 -0.170964 -0.627469 -0.759640 0.000000
0.014172 0.024352 0.251000 -0.249997 0.097762 -0.963299 0.000000
0.020074 0.024352 0.251000 -0.384794 -0.392652 0.835320 0.000000
-0.057554 0.027029 0.272000 0.498185 -0.290649 0.816906 0.000000
-0.049842 0.026334 0.265000 0.508676 -0.104474 0.854596 0.000000
-0.044434 0.026830 0.270000 0.029017 -0.910814 -0.411797 0.000000
-0.013081 0.025141 0.253000 -0.106877 -0.486473 -0.867134 0.000000
-0.007019 0.024744 0.249000 -0.087352 -0.901285 -0.424329 0.000000
-0.001159 0.024644 0.248000 0.527013 -0.848363 0.050387 0.000000
0.005862 0.024744 0.249000 -0.292720 -0.691131 0.660797 0.000000
0.012992 0.024942 0.251000 0.004426 -0.452973 0.891513 0.000000
0.018894 0.024942 0.251000 -0.368527 -0.492696 0.788314 0.000000
-0.057554 0.027669 0.272000 0.529202 -0.310382 0.789689 0.000000
-0.049842 0.026957 0.265000 0.578543 -0.491541 0.650903 0.000000
-0.044104 0.027262 0.268000 0.110331 -0.887000 -0.448394 0.000000
-0.037803 0.027262 0.268000 -0.477425 -0.818708 -0.319033 0.000000
-0.011162 0.025431 0.250000 -0.076184 -0.748215 -0.659068 0.000000
-0.003450 0.024922 0.245000 -0.125339 -0.954262 -0.271430 0.000000
0.002876 0.024820 0.244000 0.071962 -0.997300 0.014622 0.000000
0.010081 0.025634 0.252000 -0.116625 -0.319736 0.940302 0.000000
0.015879 0.025431 0.250000 0.092968 -0.182306 0.978837 0.000000
0.028218 0.028381 0.279000 -0.490097 0.387126 -0.780985 0.000000
-0.054592 0.028100 0.270000 0.530435 -0.392507 0.751383 0.000000
-0.046992 0.027372 0.263000 0.284798 -0.900715 -0.328028 0.000000
-0.041584 0.027892 0.268000 -0.196120 -0.934297 -0.297701 0.000000
-0.018435 0.026331 0.253000 -0.150965 -0.273253 -0.950022 0.000000
-0.012239 0.025811 0.248000 -0.174962 -0.739948 -0.649512 0.000000
-0.001700 0.025186 0.242000 -0.385735 -0.920285 0.065452 0.000000
0.003990 0.025186 0.242000 -0.220942 -0.955940 0.193296 0.000000
0.011858 0.026227 0.252000 0.175801 -0.275761 0.945013 0.000000
0.017925 0.026435 0.254000 -0.199980 -0.675630 0.709600 0.000000
-0.059910 0.029161 0.274000 0.562629 -0.438766 0.700666 0.000000
-0.052297 0.028522 0.268000 0.466134 -0.476555 0.745395 0.000000
-0.044965 0.027884 0.262000 0.130965 -0.898986 -0.417938 0.000000
-0.039397 0.028309 0.266000 -0.281829 -0.885027 -0.370541 0.000000
-0.022004 0.026926 0.253000 0.241980 0.244170 0.939056 0.000000
-0.015801 0.026500 0.249000 -0.203722 -0.676799 -0.707418 0.000000
-0.005072 0.025542 0.240000 -0.337481 -0.941269 -0.010934 0.000000
0.001131 0.025436 0.239000 -0.578920 -0.787909 0.209884 0.000000
0.009450 0.026713 0.251000 -0.117079 -0.308351 0.944040 0.000000
0.015414 0.026819 0.252000 -0.188701 -0.669966 0.718009 0.000000
0.027098 0.029906 0.281000 -0.853195 0.389811 0.346562 0.000000
-0.056275 0.029587 0.272000 0.577205 -0.377380 0.724168 0.000000
-0.048596 0.028826 0.265000 0.627149 -0.418408 0.656977 0.000000
-0.041725 0.028391 0.261000 -0.340376 -0.776650 -0.530056 0.000000
-0.035588 0.028391 0.261000 -0.434702 -0.757190 -0.487542 0.000000
-0.025675 0.027629 0.254000 0.477814 0.317379 0.819124 0.000000
-0.019469 0.027303 0.251000 -0.259886 -0.461248 -0.848357 0.000000
-0.013135 0.026433 0.243000 -0.099263 -0.965773 -0.239642 0.000000
-0.004451 0.025780 0.237000 -0.458874 -0.792752 0.401222 0.000000
0.003941 0.025998 0.239000 -0.535066 -0.778394 0.328339 0.000000
0.011905 0.027521 0.253000 0.192411 -0.281809 0.939980 0.000000
0.018207 0.028065 0.258000 -0.352270 -0.596197 0.721426 0.000000
0.029184 0.030675 0.282000 -0.950572 0.222960 0.216106 0.000000
-0.054157 0.030116 0.271000 0.465171 -0.456331 0.758537 0.000000
-0.046197 0.029116 0.262000 0.586268 -0.776490 0.230984 0.000000
-0.039578 0.028782 0.259000 0.411605 0.314265 0.855464 0.000000
-0.033488 0.028782 0.259000 -0.203054 -0.390376 -0.897984 0.000000
-0.026869 0.028227 0.254000 0.470789 0.314055 0.824456 0.000000
-0.020568 0.027782 0.250000 -0.342527 -0.465513 -0.816071 0.000000
-0.011745 0.026449 0.238000 -0.327685 -0.893339 0.307519 0.000000
-0.006097 0.026226 0.236000 -0.464177 -0.833504 0.299686 0.000000
-0.000546 0.026115 0.235000 -0.465169 -0.762883 0.449029 0.000000
0.009488 0.028004 0.252000 -0.176916 -0.345951 0.921422 0.000000
0.015475 0.028116 0.253000 -0.254045 -0.647713 0.718281 0.000000
0.025777 0.031227 0.281000 -0.791597 0.416996 0.446642 0.000000
-0.057124 0.030980 0.273000 0.539270 -0.488667 0.685852 0.000000
-0.049776 0.030413 0.268000 0.584660 -0.396478 0.707798 0.000000
-0.042014 0.029391 0.259000 0.543626 -0.090338 0.834452 0.000000
-0.035786 0.029278 0.258000 -0.263789 -0.406944 -0.874536 0.000000
-0.029373 0.028937 0.255000 -0.453209 -0.370881 -0.810586 0.000000
-0.023102 0.028597 0.252000 0.261938 0.255361 0.930688 0.000000
-0.011647 0.026781 0.236000 -0.170509 -0.895072 -0.412035 0.000000
-0.006046 0.026554 0.234000 -0.483877 -0.709721 0.512015 0.000000
-0.000546 0.026668 0.235000 -0.465169 -0.762883 0.449029 0.000000
0.008895 0.028597 0.252000 -0.248807 -0.467748 0.848119 0.000000
0.014939 0.028824 0.254000 -0.273950 -0.629692 0.726938 0.000000
0.023541 0.031548 0.278000 -0.793056 0.423122 0.438211 0.000000
-0.059266 0.031738 0.274000 0.611419 -0.513420 0.602135 0.000000
-0.052438 0.031506 0.272000 0.490152 -0.467725 0.735516 0.000000
-0.044180 0.030232 0.261000 0.672763 -0.295278 0.678381 0.000000
-0.037314 0.029653 0.256000 0.351698 0.332172 0.875197 0.000000
-0.031294 0.029653 0.256000 -0.396898 -0.382690 -0.834278 0.000000
-0.024979 0.029305 0.253000 0.370219 0.244737 0.896126 0.000000
-0.013255 0.027220 0.235000 -0.076339 0.531960 0.843322 0.000000
-0.007664 0.026989 0.233000 -0.428985 -0.457064 0.779143 0.000000
-0.001651 0.027220 0.235000 -0.458874 -0.792752 0.401222 0.000000
0.007118 0.029190 0.252000 -0.255139 -0.277821 0.926131 0.000000
0.013095 0.029305 0.253000 -0.181269 -0.528404 0.829416 0.000000
0.021036 0.031390 0.271000 -0.808573 0.381458 0.447995 0.000000
0.028521 0.032665 0.282000 -0.860818 0.356908 0.362781 0.000000
-0.054556 0.032264 0.273000 0.495638 -0.467993 0.731659 0.000000
-0.046726 0.031319 0.265000 0.735087 -0.363486 0.572298 0.000000
-0.039120 0.030255 0.256000 0.413429 0.059319 0.908602 0.000000
-0.033230 0.030373 0.257000 -0.197273 -0.363127 -0.910616 0.000000
-0.026763 0.029900 0.253000 0.384941 0.241943 0.890665 0.000000
-0.017123 0.027773 0.235000 -0.545040 -0.014931 0.838277 0.000000
-0.011400 0.027300 0.231000 -0.358466 -0.039005 0.932727 0.000000
-0.006046 0.027655 0.234000 -0.474142 -0.607973 0.636835 0.000000
0.004122 0.029546 0.250000 -0.319635 -0.406961 0.855696 0.000000
0.010161 0.030019 0.254000 -0.266424 -0.400357 0.876774 0.000000
0.016994 0.030491 0.258000 -0.486213 -0.505019 0.713129 0.000000
0.025685 0.033091 0.280000 -0.799491 0.427683 0.421784 0.000000
-0.054756 0.033026 0.274000 0.507978 -0.393556 0.766206 0.000000
-0.046726 0.031942 0.265000 0.705506 -0.322834 0.630904 0.000000
-0.039120 0.030857 0.256000 0.459982 -0.122033 0.879502 0.000000
-0.033100 0.030857 0.256000 -0.271782 -0.308940 -0.911423 0.000000
-0.026763 0.030495 0.253000 0.384941 0.241943 0.890665 0.000000
-0.016359 0.027964 0.232000 -0.252328 -0.034093 0.967041 0.000000
-0.010857 0.027843 0.231000 -0.358466 -0.039005 0.932727 0.000000
-0.005543 0.028446 0.236000 -0.511765 -0.616821 0.598021 0.000000
0.004748 0.030375 0.252000 -0.224058 -0.301138 0.926884 0.000000
0.010800 0.030736 0.255000 -0.350970 -0.412149 0.840805 0.000000
0.017060 0.031218 0.259000 -0.599558 -0.375871 0.706577 0.000000
0.025685 0.033750 0.280000 -0.804881 0.400856 0.437586 0.000000
-0.051535 0.033671 0.274000 0.382548 -0.247470 0.890177 0.000000
-0.042953 0.032073 0.261000 0.713651 -0.230761 0.661402 0.000000
-0.035969 0.031336 0.255000 0.270894 0.188637 0.943945 0.000000
-0.029855 0.031213 0.254000 0.383994 0.212701 0.898502 0.000000
-0.018151 0.028755 0.234000 0.425295 0.131650 0.895428 0.000000
-0.012432 0.028264 0.230000 -0.203189 0.111994 0.972714 0.000000
-0.007207 0.029001 0.236000 -0.472653 -0.622407 0.623866 0.000000
0.004155 0.030967 0.252000 -0.280310 -0.299756 0.911906 0.000000
0.010201 0.031336 0.255000 -0.318091 -0.459312 0.829368 0.000000
0.016387 0.031705 0.258000 -0.541610 -0.472777 0.695083 0.000000
0.024020 0.033917 0.276000 -0.817339 0.383201 0.430249 0.000000
-0.049059 0.033939 0.271000 0.595253 -0.395786 0.699305 0.000000
-0.040796 0.032436 0.259000 0.540692 -0.238385 0.806737 0.000000
-0.034304 0.032061 0.256000 0.345844 0.097881 0.933173 0.000000
-0.027953 0.031685 0.253000 0.430908 0.171917 0.885868 0.000000
-0.013030 0.028930 0.231000 -0.259106 0.002970 0.965844 0.000000
-0.006709 0.029806 0.238000 -0.544653 -0.600349 0.585605 0.000000
0.006577 0.031810 0.254000 -0.306665 -0.343807 0.887555 0.000000
0.012648 0.032061 0.256000 -0.444340 -0.501882 0.742075 0.000000
0.019251 0.033063 0.264000 -0.866465 0.041605 0.497502 0.000000
-0.051819 0.035597 0.279000 0.655760 -0.400745 0.639829 0.000000
-0.040796 0.033045 0.259000 0.548015 -0.366343 0.751979 0.000000
-0.034304 0.032663 0.256000 0.361782 0.106635 0.926144 0.000000
-0.027953 0.032280 0.253000 0.428182 0.163827 0.888719 0.000000
-0.009897 0.029856 0.234000 -0.540452 -0.278345 0.794000 0.000000
0.005383 0.032408 0.254000 -0.281090 -0.271038 0.920612 0.000000
0.011489 0.032790 0.257000 -0.462906 -0.420939 0.780082 0.000000
0.017805 0.033301 0.261000 -0.625292 -0.543497 0.560019 0.000000
-0.045026 0.034564 0.266000 0.711763 -0.276558 0.645686 0.000000
-0.037314 0.033265 0.256000 0.457614 -0.132098 0.879283 0.000000
-0.031172 0.033135 0.255000 0.423438 0.033184 0.905317 0.000000
-0.024880 0.032745 0.252000 0.521397 0.257168 0.813640 0.000000
-0.012540 0.030146 0.232000 -0.259106 0.002970 0.965844 0.000000
-0.001749 0.032355 0.249000 -0.567697 -0.173817 0.804679 0.000000
0.004188 0.033005 0.254000 -0.298286 -0.171756 0.938896 0.000000
0.010241 0.033265 0.256000 -0.400500 -0.420099 0.814320 0.000000
0.016514 0.033784 0.260000 -0.522500 -0.543968 0.656576 0.000000
-0.050145 0.036645 0.277000 0.667399 -0.314009 0.675260 0.000000
-0.041111 0.034528 0.261000 0.621577 -0.337929 0.706715 0.000000
-0.034304 0.033867 0.256000 0.384364 -0.126883 0.914421 0.000000
-0.027953 0.033470 0.253000 0.419913 0.159882 0.893371 0.000000
-0.021395 0.032544 0.246000 -0.674908 -0.447977 -0.586358 0.000000
-0.011548 0.030956 0.234000 -0.372949 -0.160089 0.913937 0.000000
0.000007 0.033602 0.254000 -0.352259 -0.094390 0.931131 0.000000
0.005980 0.033602 0.254000 -0.272424 -0.224875 0.935530 0.000000
0.012141 0.034131 0.258000 -0.489518 -0.427705 0.759895 0.000000
0.018489 0.034660 0.262000 -0.625292 -0.543497 0.560019 0.000000
-0.046799 0.036219 0.269000 0.731196 -0.308365 0.608492 0.000000
-0.038969 0.034873 0.259000 0.548334 -0.401799 0.733408 0.000000
-0.032498 0.034469 0.256000 0.436929 -0.031228 0.898954 0.000000
-0.026169 0.034065 0.253000 0.437181 0.191216 0.878811 0.000000
-0.013690 0.031372 0.233000 -0.442689 -0.125268 0.887882 0.000000
-0.007360 0.032449 0.241000 -0.733512 -0.492555 0.468348 0.000000
0.000007 0.034199 0.254000 -0.352259 -0.094390 0.931131 0.000000
0.005980 0.034199 0.254000 -0.307480 -0.166093 0.936947 0.000000
0.012141 0.034738 0.258000 -0.489518 -0.427705 0.759895 0.000000
0.018560 0.035411 0.263000 -0.638897 -0.585391 0.499128 0.000000
-0.047961 0.037262 0.272000 0.760318 -0.342022 0.552212 0.000000
-0.039884 0.035756 0.261000 0.621092 -0.380141 0.685374 0.000000
-0.033100 0.035071 0.256000 0.449877 -0.052007 0.891575 0.000000
-0.026763 0.034660 0.253000 0.486407 0.194810 0.851738 0.000000
-0.013199 0.032057 0.234000 -0.587954 -0.147056 0.795415 0.000000
-0.006304 0.033427 0.244000 -0.832807 -0.293517 0.469340 0.000000
0.001202 0.034797 0.254000 -0.353810 -0.097223 0.930251 0.000000
0.007203 0.034934 0.255000 -0.419991 -0.192284 0.886924 0.000000
0.013406 0.035482 0.259000 -0.536441 -0.452713 0.712237 0.000000
-0.061668 0.042500 0.305000 0.922906 0.190936 0.334346 0.000000
-0.046973 0.037623 0.270000 0.740643 -0.299046 0.601681 0.000000
-0.039421 0.036509 0.262000 0.627362 -0.362264 0.689335 0.000000
-0.032371 0.035533 0.255000 0.439332 -0.044600 0.897217 0.000000
-0.026169 0.035254 0.253000 0.486407 0.194810 0.851738 0.000000
-0.014238 0.032468 0.233000 -0.294630 -0.188529 0.936830 0.000000
-0.008910 0.033025 0.237000 -0.677481 -0.395295 0.620291 0.000000
0.000602 0.035254 0.253000 -0.352259 -0.094390 0.931131 0.000000
0.006577 0.035394 0.254000 -0.292010 -0.043804 0.955412 0.000000
0.012797 0.036091 0.259000 -0.550071 -0.361443 0.752848 0.000000
-0.059049 0.042367 0.299000 0.911659 0.262913 0.315839 0.000000
-0.045534 0.038117 0.269000 0.773722 -0.207007 0.598751 0.000000
-0.038043 0.036983 0.261000 0.574194 -0.322135 0.752682 0.000000
-0.031172 0.036133 0.255000 0.501032 0.002738 0.865424 0.000000
-0.024979 0.035849 0.253000 0.537556 0.220018 0.814019 0.000000
-0.012649 0.033157 0.234000 -0.520841 -0.213922 0.826415 0.000000
-0.006822 0.034291 0.242000 -0.793112 -0.467059 0.390934 0.000000
0.002387 0.035849 0.253000 -0.354155 -0.098078 0.930030 0.000000
0.008402 0.036133 0.255000 -0.456982 -0.197740 0.867218 0.000000
0.014680 0.036841 0.260000 -0.559340 -0.436727 0.704563 0.000000
-0.049136 0.039613 0.275000 0.784594 -0.302089 0.541437 0.000000
-0.040963 0.038029 0.264000 0.686583 -0.222194 0.692267 0.000000
-0.033834 0.037020 0.257000 0.662247 -0.179237 0.727532 0.000000
-0.027358 0.036444 0.253000 0.550321 0.184827 0.814239 0.000000
-0.013690 0.033563 0.233000 -0.343096 -0.269599 0.899779 0.000000
-0.007828 0.034284 0.238000 -0.681584 -0.439766 0.584849 0.000000
0.002377 0.036300 0.252000 -0.333359 -0.000086 0.942800 0.000000
0.008402 0.036732 0.255000 -0.471622 -0.124905 0.872910 0.000000
-0.060051 0.043481 0.297000 0.929996 0.157611 0.332064 0.000000
-0.049136 0.040260 0.275000 0.806241 -0.239098 0.541117 0.000000
-0.041118 0.038796 0.265000 0.695247 -0.190902 0.692956 0.000000
-0.033834 0.037625 0.257000 0.665777 -0.183345 0.723274 0.000000
-0.027358 0.037039 0.253000 0.583423 0.200860 0.786939 0.000000
-0.013690 0.034111 0.233000 -0.441834 -0.301089 0.845061 0.000000
-0.001770 0.036893 0.252000 -0.303853 0.060378 0.950804 0.000000
0.004172 0.037039 0.253000 -0.324051 -0.037704 0.945288 0.000000
0.010201 0.037332 0.255000 -0.477548 -0.279387 0.833001 0.000000
-0.054845 0.042840 0.288000 0.841227 -0.332870 0.426070 0.000000
-0.044735 0.039865 0.268000 0.788305 -0.118756 0.603715 0.000000
-0.037573 0.038973 0.262000 0.637696 -0.138700 0.757698 0.000000
-0.030453 0.037783 0.254000 0.532424 0.095493 0.841074 0.000000
-0.016759 0.034213 0.230000 0.002841 -0.208297 0.978062 0.000000
-0.011548 0.034808 0.234000 -0.627321 -0.371868 0.684239 0.000000
0.001188 0.037337 0.251000 -0.297767 0.014215 0.954533 0.000000
0.007174 0.037783 0.254000 -0.413451 0.031683 0.909975 0.000000
-0.057469 0.043971 0.291000 0.820809 -0.387854 0.419335 0.000000
-0.047147 0.040949 0.271000 0.807195 -0.076438 0.585314 0.000000
-0.039722 0.039891 0.264000 0.685299 -0.015065 0.728106 0.000000
-0.032625 0.038833 0.257000 0.675932 -0.119294 0.727245 0.000000
-0.025962 0.037927 0.251000 0.684507 0.263137 0.679859 0.000000
-0.013690 0.035207 0.233000 -0.431631 -0.341890 0.834749 0.000000
-0.001763 0.037927 0.251000 -0.301226 0.061975 0.951537 0.000000
0.004172 0.038229 0.253000 -0.278115 0.077599 0.957408 0.000000
-0.058153 0.044655 0.291000 0.820809 -0.387854 0.419335 0.000000
-0.048137 0.041893 0.273000 0.815405 -0.138824 0.561998 0.000000
-0.040495 0.040665 0.265000 0.689680 -0.019555 0.723850 0.000000
-0.033359 0.039591 0.258000 0.686812 -0.077977 0.722640 0.000000
-0.026552 0.038517 0.251000 0.694853 0.246775 0.675486 0.000000
-0.014238 0.035755 0.233000 -0.431631 -0.341890 0.834749 0.000000
-0.006485 0.038517 0.251000 -0.535442 -0.503972 0.677727 0.000000
0.000007 0.038517 0.251000 -0.313097 0.061370 0.947736 0.000000
0.005980 0.038977 0.254000 -0.335375 0.145273 0.930817 0.000000
-0.050980 0.043314 0.278000 0.819903 -0.224848 0.526500 0.000000
-0.042524 0.041444 0.266000 0.699966 0.016834 0.713978 0.000000
-0.035588 0.040665 0.261000 0.650553 0.081975 0.755024 0.000000
-0.028435 0.039263 0.252000 0.585500 0.233884 0.776201 0.000000
-0.016359 0.036147 0.232000 -0.010529 -0.256523 0.966481 0.000000
-0.011186 0.037082 0.238000 -0.660105 -0.540737 0.521406 0.000000
-0.003534 0.039107 0.251000 -0.503783 -0.393504 0.768997 0.000000
0.002368 0.039107 0.251000 -0.322929 0.051937 0.944997 0.000000
-0.053893 0.044758 0.283000 0.802649 -0.307552 0.511045 0.000000
-0.044735 0.042386 0.268000 0.775245 0.037025 0.630575 0.000000
-0.037573 0.041437 0.262000 0.655738 0.089198 0.749701 0.000000
-0.030573 0.040330 0.255000 0.684720 0.152237 0.712729 0.000000
-0.021259 0.037641 0.238000 0.811662 0.011964 0.584004 0.000000
-0.015334 0.036851 0.233000 -0.328609 -0.355377 0.875056 0.000000
-0.008157 0.039223 0.248000 -0.582339 -0.617367 0.528904 0.000000
-0.002354 0.039697 0.251000 -0.429917 -0.159068 0.888746 0.000000
-0.059113 0.046387 0.289000 0.841227 -0.332870 0.426070 0.000000
-0.050326 0.044621 0.278000 0.843189 -0.158650 0.513675 0.000000
-0.041584 0.042374 0.264000 0.714029 0.060086 0.697533 0.000000
-0.034974 0.041893 0.261000 0.640498 0.140433 0.755010 0.000000
-0.027732 0.040288 0.251000 0.686616 0.263370 0.677639 0.000000
-0.019251 0.037559 0.234000 -0.151856 -0.207597 0.966356 0.000000
-0.013808 0.037719 0.235000 -0.492089 -0.435280 0.753910 0.000000
-0.008775 0.039967 0.249000 -0.561311 -0.610560 0.558701 0.000000
-0.002944 0.040288 0.251000 -0.429917 -0.159068 0.888746 0.000000
-0.057354 0.046741 0.287000 0.862033 -0.273678 0.426613 0.000000
-0.048490 0.044786 0.275000 0.855725 -0.092960 0.509012 0.000000
-0.040190 0.042832 0.263000 0.678695 0.149291 0.719087 0.000000
-0.033488 0.042181 0.259000 0.712749 0.126766 0.689869 0.000000
-0.026340 0.040552 0.249000 0.694620 0.275128 0.664686 0.000000
-0.019334 0.038272 0.235000 0.531176 -0.217310 0.818919 0.000000
-0.013866 0.038435 0.236000 -0.592502 -0.603567 0.533524 0.000000
-0.008775 0.040552 0.249000 -0.561311 -0.610560 0.558701 0.000000
-0.002944 0.040878 0.251000 -0.429917 -0.159068 0.888746 0.000000
-0.053893 0.046755 0.283000 0.868409 -0.176166 0.463500 0.000000
-0.044568 0.044111 0.267000 0.757519 0.028098 0.652208 0.000000
-0.037429 0.043120 0.261000 0.653679 0.137974 0.744088 0.000000
-0.030453 0.041964 0.254000 0.701897 0.153364 0.695572 0.000000
-0.023613 0.040477 0.245000 0.842556 0.233487 0.485369 0.000000
-0.016500 0.038659 0.234000 -0.265996 -0.277989 0.923021 0.000000
-0.010983 0.040642 0.246000 -0.275995 -0.871091 0.406235 0.000000
-0.005284 0.041303 0.250000 -0.500903 -0.504458 0.703291 0.000000
-0.054083 0.047588 0.284000 0.868409 -0.176166 0.463500 0.000000
-0.044568 0.044739 0.267000 0.772611 0.020964 0.634533 0.000000
-0.037286 0.043566 0.260000 0.653679 0.137974 0.744088 0.000000
-0.030333 0.042393 0.253000 0.707531 0.171114 0.685653 0.000000
-0.023613 0.041053 0.245000 0.835855 0.244114 0.491685 0.000000
-0.017050 0.039210 0.234000 -0.265996 -0.277989 0.923021 0.000000
-0.011028 0.041388 0.247000 -0.329813 -0.857220 0.395472 0.000000
-0.058231 0.048935 0.288000 0.862033 -0.273678 0.426613 0.000000
-0.049315 0.046896 0.276000 0.851318 -0.072701 0.519588 0.000000
-0.039731 0.044178 0.260000 0.651419 0.147900 0.744164 0.000000
-0.033230 0.043668 0.257000 0.726935 0.178429 0.663120 0.000000
-0.026234 0.042139 0.248000 0.694620 0.275128 0.664686 0.000000
-0.017050 0.039760 0.234000 -0.265996 -0.277989 0.923021 0.000000
-0.009946 0.042309 0.249000 -0.418129 -0.789095 0.449997 0.000000
-0.051163 0.048062 0.279000 0.863075 -0.001058 0.505075 0.000000
-0.041885 0.045133 0.262000 0.696910 0.158679 0.699384 0.000000
-0.035179 0.044444 0.258000 0.672411 0.228373 0.704066 0.000000
-0.028210 0.043066 0.250000 0.698803 0.262139 0.665551 0.000000
-0.015465 0.040482 0.235000 -0.522434 -0.540494 0.659492 0.000000
-0.054083 0.049591 0.284000 0.874960 -0.112307 0.470991 0.000000
-0.044401 0.046448 0.266000 0.756756 0.087191 0.647856 0.000000
-0.036999 0.045051 0.258000 0.671565 0.229213 0.704601 0.000000
-0.030213 0.044003 0.252000 0.712577 0.168851 0.680973 0.000000
-0.023806 0.043130 0.247000 0.792737 0.248357 0.556675 0.000000
-0.046338 0.047781 0.270000 0.828464 0.011540 0.559924 0.000000
-0.038360 0.045835 0.259000 0.661749 0.215087 0.718210 0.000000
-0.031647 0.044950 0.254000 0.723594 0.185990 0.664695 0.000000
-0.024967 0.043711 0.247000 0.792737 0.248357 0.556675 0.000000
-0.043775 0.047699 0.266000 0.758378 0.121655 0.640361 0.000000
-0.036392 0.046264 0.258000 0.676310 0.265707 0.687026 0.000000
-0.029503 0.045009 0.251000 0.737395 0.194443 0.646870 0.000000
-0.023225 0.044292 0.247000 0.792737 0.248357 0.556675 0.000000
-0.044735 0.048688 0.268000 0.796090 0.071126 0.600984 0.000000
-0.037142 0.047053 0.259000 0.672566 0.281906 0.684239 0.000000
-0.030213 0.045781 0.252000 0.699713 0.223619 0.678525 0.000000
-0.023902 0.045054 0.248000 0.792737 0.248357 0.556675 0.000000
-0.035179 0.047478 0.258000 0.676849 0.266292 0.686268 0.000000
-0.026340 0.045822 0.249000 0.698803 0.262139 0.665551 0.000000
0.009672 0.010477 0.274000 -0.486601 -0.558715 0.671608 2.000000
0.016468 0.010706 0.280000 -0.542922 -0.815615 -0.200022 2.000000
0.013834 0.011364 0.280000 -0.290813 -0.870407 -0.397265 2.000000
0.009094 0.011851 0.276000 0.537058 -0.114768 -0.835702 2.000000
0.015866 0.012066 0.281000 -0.290813 -0.870407 -0.397265 2.000000
0.009094 0.012500 0.276000 0.480180 -0.343752 -0.807008 2.000000
0.015866 0.012726 0.281000 -0.290813 -0.870407 -0.397265 2.000000
-0.026701 0.014626 0.307000 0.143017 -0.985245 0.094008 2.000000
0.008445 0.013149 0.276000 0.429354 -0.404080 -0.807697 2.000000
0.015151 0.013340 0.280000 -0.290813 -0.870407 -0.397265 2.000000
-0.029915 0.015148 0.303000 0.658620 -0.599865 -0.454293 2.000000
-0.022866 0.015198 0.304000 0.143017 -0.985245 0.094008 2.000000
0.009061 0.013748 0.275000 0.387175 -0.534500 -0.751269 2.000000
0.015753 0.013948 0.279000 -0.389072 -0.819456 -0.420851 2.000000
-0.031735 0.015703 0.300000 0.658620 -0.599865 -0.454293 2.000000
-0.025257 0.016070 0.307000 0.143017 -0.985245 0.094008 2.000000
0.005806 0.014342 0.274000 0.580155 -0.531056 -0.617575 2.000000
0.012383 0.014499 0.277000 -0.075982 -0.816878 -0.571784 2.000000
-0.036688 0.015807 0.289000 0.433252 0.900903 -0.025815 2.000000
-0.031133 0.016463 0.301000 0.658620 -0.599865 -0.454293 2.000000
-0.024455 0.016737 0.306000 0.143017 -0.985245 0.094008 2.000000
0.003206 0.014877 0.272000 0.561568 -0.464588 -0.684690 2.000000
0.009672 0.014987 0.274000 0.208720 -0.632730 -0.745714 2.000000
0.016174 0.015041 0.275000 -0.358033 -0.813499 -0.458291 2.000000
-0.033751 0.016715 0.293000 0.600177 -0.724419 -0.339123 2.000000
-0.027961 0.017399 0.305000 0.658620 -0.599865 -0.454293 2.000000
-0.020312 0.017000 0.298000 0.143017 -0.985245 0.094008 2.000000
0.004468 0.015460 0.271000 0.593583 -0.478229 -0.647268 2.000000
0.010961 0.015631 0.274000 0.201543 -0.743564 -0.637568 2.000000
-0.038056 0.016869 0.284000 0.532015 0.846735 0.000228 2.000000
-0.032594 0.017522 0.295000 0.553687 -0.774847 -0.305030 2.000000
-0.026527 0.018116 0.305000 0.143017 -0.985245 0.094008 2.000000
-0.002476 0.015681 0.264000 0.469748 -0.538964 -0.699181 2.000000
0.003817 0.016038 0.270000 0.564902 -0.475241 -0.674560 2.000000
0.010279 0.016216 0.273000 0.221965 -0.643050 -0.732952 2.000000
-0.038588 0.017475 0.283000 -0.565289 -0.807445 -0.168762 2.000000
-0.033062 0.018093 0.293000 0.600177 -0.724419 -0.339123 2.000000
-0.027244 0.018834 0.305000 0.143017 -0.985245 0.094008 2.000000
-0.006130 0.016117 0.261000 0.407041 -0.633005 -0.658500 2.000000
0.000008 0.016425 0.266000 0.628009 -0.527165 -0.572452 2.000000
0.006333 0.016611 0.269000 0.474276 -0.572839 -0.668519 2.000000
0.012846 0.016858 0.273000 -0.037068 -0.799252 -0.599852 2.000000
-0.035672 0.018012 0.281000 -0.434699 -0.803303 -0.407112 2.000000
-0.031030 0.019230 0.300000 0.658620 -0.599865 -0.454293 2.000000
-0.024375 0.019551 0.305000 0.143017 -0.985245 0.094008 2.000000
-0.005495 0.016666 0.260000 0.557109 -0.593323 -0.581031 2.000000
0.000633 0.017051 0.266000 0.597247 -0.549723 -0.584039 2.000000
0.006965 0.017243 0.269000 0.365763 -0.592170 -0.718020 2.000000
0.013390 0.017371 0.271000 -0.200380 -0.751320 -0.628782 2.000000
-0.033984 0.018474 0.278000 0.236120 -0.881054 -0.409868 2.000000
-0.029915 0.020135 0.303000 0.658620 -0.599865 -0.454293 2.000000
-0.022941 0.020268 0.305000 0.143017 -0.985245 0.094008 2.000000
-0.005474 0.017211 0.259000 0.466117 -0.618303 -0.632800 2.000000
0.000628 0.017543 0.264000 0.590453 -0.504708 -0.629790 2.000000
0.006940 0.017809 0.268000 0.268794 -0.746717 -0.608410 2.000000
0.013340 0.017942 0.270000 -0.283433 -0.818765 -0.499290 2.000000
-0.032851 0.018852 0.274000 0.843045 0.339389 0.417242 2.000000
-0.029203 0.020848 0.303000 0.658620 -0.599865 -0.454293 2.000000
-0.022224 0.020985 0.305000 0.143017 -0.985245 0.094008 2.000000
-0.008387 0.017545 0.255000 0.287194 -0.597011 -0.749064 2.000000
-0.002447 0.017958 0.261000 0.541221 -0.585753 -0.603302 2.000000
0.003760 0.018302 0.266000 0.527088 -0.640679 -0.558308 2.000000
0.010203 0.018646 0.271000 0.093029 -0.767736 -0.633978 2.000000
-0.035169 0.019354 0.272000 0.905478 0.158564 0.393658 2.000000
-0.030426 0.021418 0.301000 0.658620 -0.599865 -0.454293 2.000000
-0.023658 0.021702 0.305000 0.143017 -0.985245 0.094008 2.000000
-0.010146 0.018073 0.254000 0.222460 -0.522867 -0.822874 2.000000
-0.004239 0.018358 0.258000 0.526603 -0.559848 -0.639734 2.000000
0.001870 0.018785 0.264000 0.551949 -0.582438 -0.596756 2.000000
0.008231 0.019141 0.269000 0.142273 -0.786418 -0.601087 2.000000
-0.035545 0.019847 0.270000 0.697022 0.533095 0.479551 2.000000
-0.028548 0.019406 0.264000 -0.686222 -0.531575 -0.496515 2.000000
-0.013676 0.018597 0.253000 -0.072546 0.216039 0.973686 2.000000
-0.007757 0.018671 0.254000 0.292046 -0.556927 -0.777522 2.000000
-0.001827 0.019112 0.260000 0.585604 -0.561485 -0.584640 2.000000
0.004386 0.019553 0.266000 0.458169 -0.717021 -0.525321 2.000000
-0.039724 0.021013 0.277000 -0.463769 -0.686090 -0.560535 2.000000
-0.031772 0.020102 0.265000 0.788821 0.316796 0.526689 2.000000
-0.024480 0.019268 0.254000 0.403528 0.146617 0.903144 2.000000
-0.018435 0.019192 0.253000 0.048308 0.080817 0.995558 2.000000
-0.012486 0.019192 0.253000 0.032252 -0.307869 -0.950882 2.000000
-0.006563 0.019268 0.254000 0.292651 -0.593963 -0.749375 2.000000
-0.000604 0.019723 0.260000 0.534216 -0.620462 -0.574143 2.000000
0.005658 0.020254 0.267000 0.291820 -0.773850 -0.562136 2.000000
-0.034264 0.020725 0.265000 0.777916 0.360510 0.514664 2.000000
-0.027292 0.020178 0.258000 0.599413 0.349181 0.720262 2.000000
-0.020814 0.019787 0.253000 0.169623 0.084797 0.981854 2.000000
-0.014865 0.019787 0.253000 -0.092438 0.194435 0.976550 2.000000
-0.008916 0.019787 0.253000 0.140666 -0.467535 -0.872711 2.000000
-0.003026 0.020178 0.258000 0.503648 -0.643131 -0.576820 2.000000
0.003111 0.020647 0.264000 0.469440 -0.704807 -0.531859 2.000000
-0.034005 0.021187 0.263000 -0.639474 -0.620452 -0.453996 2.000000
-0.027187 0.020704 0.257000 0.580834 0.303934 0.755153 2.000000
-0.020814 0.020382 0.253000 0.206577 0.131716 0.969524 2.000000
-0.014924 0.020462 0.254000 -0.086517 0.177104 0.980382 2.000000
-0.008952 0.020462 0.254000 0.177080 -0.510235 -0.841607 2.000000
-0.003026 0.020785 0.258000 0.500102 -0.623676 -0.600772 2.000000
0.003111 0.021268 0.264000 0.469440 -0.704807 -0.531859 2.000000
-0.031783 0.021557 0.260000 0.649042 0.462668 0.603890 2.000000
-0.025176 0.021143 0.255000 0.487035 0.163723 0.857900 2.000000
-0.019030 0.020977 0.253000 0.117601 0.108377 0.987129 2.000000
-0.013132 0.021060 0.254000 0.032401 -0.291443 -0.956039 2.000000
-0.007160 0.021060 0.254000 0.280689 -0.516980 -0.808669 2.000000
-0.001211 0.021474 0.259000 0.431250 -0.734848 -0.523471 2.000000
-0.035644 0.022680 0.266000 -0.632684 -0.694571 -0.342465 2.000000
-0.028395 0.021913 0.257000 0.570425 0.332815 0.750899 2.000000
-0.022091 0.021657 0.254000 0.284882 0.142196 0.947957 2.000000
-0.016055 0.021572 0.253000 -0.015823 0.242423 0.970042 2.000000
-0.010146 0.021657 0.254000 0.082549 -0.413454 -0.906775 2.000000
-0.004206 0.021827 0.256000 0.376880 -0.674387 -0.634951 2.000000
-0.038649 0.024007 0.274000 -0.557452 -0.712844 -0.425561 2.000000
-0.030326 0.022605 0.258000 0.622521 0.390073 0.678462 2.000000
-0.023883 0.022254 0.254000 0.335632 0.173250 0.925924 2.000000
-0.017840 0.022167 0.253000 0.041830 0.184131 0.982011 2.000000
-0.011938 0.022254 0.254000 -0.049487 0.180487 0.982332 2.000000
-0.005965 0.022254 0.254000 0.303419 -0.523188 -0.796374 2.000000
-0.038649 0.024651 0.274000 -0.557452 -0.712844 -0.425561 2.000000
-0.030443 0.023301 0.259000 -0.573351 -0.456405 -0.680414 2.000000
-0.023883 0.022851 0.254000 0.349456 0.194598 0.916522 2.000000
-0.017840 0.022761 0.253000 0.046992 0.195249 0.979627 2.000000
-0.011938 0.022851 0.254000 -0.049487 0.180487 0.982332 2.000000
-0.005965 0.022851 0.254000 0.173645 -0.680009 -0.712345 2.000000
-0.035644 0.024557 0.266000 -0.625003 -0.695107 -0.355245 2.000000
-0.028395 0.023726 0.257000 0.526671 0.235300 0.816855 2.000000
-0.022091 0.023449 0.254000 0.212193 0.159850 0.964065 2.000000
-0.016055 0.023356 0.253000 0.020887 -0.251058 -0.967747 2.000000
-0.010146 0.023449 0.254000 0.119535 -0.441532 -0.889248 2.000000
-0.038508 0.025845 0.273000 -0.514589 -0.789046 -0.335566 2.000000
-0.030443 0.024519 0.259000 -0.565653 -0.465389 -0.680772 2.000000
-0.023883 0.024046 0.254000 0.351922 0.220773 0.909621 2.000000
-0.017840 0.023951 0.253000 -0.051521 -0.248915 -0.967154 2.000000
-0.011938 0.024046 0.254000 0.000606 -0.383198 -0.923666 2.000000
-0.037450 0.026196 0.270000 -0.513704 -0.828343 -0.223508 2.000000
-0.029719 0.025031 0.258000 -0.523662 -0.354526 -0.774655 2.000000
-0.023286 0.024643 0.254000 0.278075 0.184897 0.942596 2.000000
-0.017245 0.024546 0.253000 -0.027836 -0.238678 -0.970700 2.000000
-0.011296 0.024546 0.253000 -0.032806 -0.482871 -0.875077 2.000000
-0.031661 0.025737 0.259000 -0.526748 -0.487518 -0.696321 2.000000
-0.025176 0.025340 0.255000 0.476205 0.259643 0.840127 2.000000
-0.019030 0.025141 0.253000 -0.206784 -0.246536 -0.946816 2.000000
-0.037034 0.027160 0.267000 -0.531047 -0.783746 -0.322073 2.000000
-0.029719 0.026245 0.258000 -0.520427 -0.349030 -0.779316 2.000000
-0.023286 0.025838 0.254000 0.283467 0.239879 0.928496 2.000000
-0.017245 0.025736 0.253000 -0.044193 -0.269070 -0.962106 2.000000
-0.029604 0.026747 0.257000 -0.474071 -0.369039 -0.799417 2.000000
-0.023286 0.026435 0.254000 -0.284662 -0.276205 -0.917975 2.000000
-0.031539 0.027458 0.258000 -0.430439 -0.413892 -0.802132 2.000000
-0.025077 0.027032 0.254000 -0.448570 -0.341255 -0.826033 2.000000
0.007287 0.000158 0.258000 -0.435703 -0.606083 0.665452 1.000000
0.002387 0.000750 0.253000 -0.598075 -0.360637 0.715715 1.000000
0.008534 0.000768 0.259000 -0.434047 -0.596572 0.675059 1.000000
-0.011992 0.001292 0.243000 -0.310633 -0.496060 0.810822 1.000000
-0.006356 0.001308 0.246000 -0.530921 -0.315930 0.786327 1.000000
-0.000581 0.001329 0.250000 -0.596988 -0.218300 0.771978 1.000000
0.005446 0.001366 0.257000 -0.584361 -0.517778 0.624842 1.000000
0.011623 0.001382 0.260000 -0.262948 -0.578198 0.772363 1.000000
-0.021706 0.001863 0.243000 0.071287 -0.648491 0.757877 1.000000
-0.015926 0.001856 0.242000 -0.128535 -0.563537 0.816030 1.000000
-0.010320 0.001871 0.244000 -0.336235 -0.476436 0.812376 1.000000
-0.004639 0.001894 0.247000 -0.607260 -0.213121 0.765385 1.000000
0.001192 0.001932 0.252000 -0.617199 -0.306514 0.724647 1.000000
0.007344 0.001994 0.260000 -0.431498 -0.614662 0.660303 1.000000
0.013457 0.001994 0.260000 0.174931 0.588320 -0.789480 1.000000
-0.024664 0.002445 0.244000 0.203756 -0.678686 0.705598 1.000000
-0.018849 0.002435 0.243000 0.008195 -0.629424 0.777019 1.000000
-0.013189 0.002445 0.244000 -0.275745 -0.536830 0.797357 1.000000
-0.007513 0.002465 0.246000 -0.451147 -0.382921 0.806125 1.000000
-0.001756 0.002505 0.250000 -0.597334 -0.264331 0.757179 1.000000
0.004221 0.002565 0.256000 -0.651229 -0.409128 0.639152 1.000000
0.010481 0.002625 0.262000 -0.248752 -0.691583 0.678111 1.000000
-0.031737 0.003093 0.250000 0.556327 -0.634914 0.536082 1.000000
-0.025238 0.003018 0.244000 0.208322 -0.643667 0.736407 1.000000
-0.019420 0.003006 0.243000 0.047932 -0.591455 0.804912 1.000000
-0.013763 0.003018 0.244000 -0.246326 -0.516110 0.820338 1.000000
-0.008091 0.003043 0.246000 -0.367887 -0.432752 0.823034 1.000000
-0.002344 0.003093 0.250000 -0.592400 -0.336806 0.731863 1.000000
0.003605 0.003154 0.255000 -0.672948 -0.382843 0.632908 1.000000
0.009865 0.003241 0.262000 -0.276993 -0.688771 0.669977 1.000000
-0.035828 0.003739 0.254000 0.250182 -0.794204 0.553759 1.000000
-0.029150 0.003651 0.248000 0.420130 -0.575827 0.701366 1.000000
-0.023037 0.003607 0.245000 0.124551 -0.491423 0.861969 1.000000
-0.017135 0.003577 0.243000 -0.075418 -0.525533 0.847424 1.000000
-0.011562 0.003622 0.246000 -0.306085 -0.424277 0.852233 1.000000
-0.005801 0.003636 0.247000 -0.496610 -0.356832 0.791233 1.000000
0.000007 0.003695 0.251000 -0.613612 -0.342486 0.711466 1.000000
0.006098 0.003813 0.259000 -0.552719 -0.511435 0.657978 1.000000
0.012423 0.003887 0.264000 0.049348 0.704511 -0.707976 1.000000
-0.035828 0.004337 0.254000 0.284670 -0.739299 0.610246 1.000000
-0.029150 0.004234 0.248000 0.420130 -0.575827 0.701366 1.000000
-0.023037 0.004183 0.245000 0.122738 -0.486576 0.864973 1.000000
-0.017205 0.004166 0.244000 0.027425 -0.484343 0.874448 1.000000
-0.011562 0.004200 0.246000 -0.306530 -0.406540 0.860677 1.000000
-0.005824 0.004234 0.248000 -0.503605 -0.403392 0.763975 1.000000
0.000007 0.004302 0.252000 -0.608843 -0.432558 0.664984 1.000000
0.006098 0.004422 0.259000 -0.551566 -0.516049 0.655339 1.000000
0.012423 0.004507 0.264000 0.139501 0.730322 -0.668707 1.000000
-0.035969 0.004953 0.255000 0.240625 -0.725061 0.645279 1.000000
-0.029150 0.004817 0.248000 0.420130 -0.575827 0.701366 1.000000
-0.023037 0.004759 0.245000 0.125990 -0.446228 0.886006 1.000000
-0.017205 0.004740 0.244000 0.000377 -0.440290 0.897856 1.000000
-0.011562 0.004778 0.246000 -0.304568 -0.450766 0.839076 1.000000
-0.005824 0.004817 0.248000 -0.478153 -0.456526 0.750302 1.000000
0.000007 0.004895 0.252000 -0.608843 -0.432558 0.664984 1.000000
0.006098 0.005031 0.259000 -0.578599 -0.522511 0.626263 1.000000
0.012470 0.005148 0.265000 0.066945 0.774795 -0.628658 1.000000
-0.035969 0.005553 0.255000 0.240625 -0.725061 0.645279 1.000000
-0.029150 0.005400 0.248000 0.466368 -0.522474 0.713808 1.000000
-0.023037 0.005335 0.245000 0.125990 -0.446228 0.886006 1.000000
-0.017205 0.005313 0.244000 -0.032540 -0.444191 0.895341 1.000000
-0.011515 0.005335 0.245000 -0.267277 -0.432944 0.860885 1.000000
-0.005824 0.005400 0.248000 -0.477999 -0.448730 0.755088 1.000000
0.000007 0.005488 0.252000 -0.592233 -0.459326 0.662027 1.000000
0.006098 0.005640 0.259000 -0.568440 -0.531669 0.627857 1.000000
0.012517 0.005792 0.266000 0.077037 0.821883 -0.564423 1.000000
-0.034633 0.006128 0.254000 0.348836 -0.701513 0.621444 1.000000
-0.027871 0.005959 0.247000 0.438842 -0.470637 0.765454 1.000000
-0.021884 0.005911 0.245000 0.156222 -0.371986 0.914998 1.000000
-0.016058 0.005887 0.244000 -0.160103 -0.453967 0.876517 1.000000
-0.010405 0.005935 0.246000 -0.347307 -0.464190 0.814804 1.000000
-0.004677 0.006008 0.249000 -0.519231 -0.558357 0.647021 1.000000
0.001202 0.006128 0.254000 -0.581483 -0.544274 0.604684 1.000000
0.007400 0.006321 0.262000 -0.509032 -0.631653 0.584723 1.000000
-0.038360 0.006858 0.259000 -0.057321 0.682825 -0.728330 1.000000
-0.031149 0.006620 0.250000 0.577259 -0.577231 0.577562 1.000000
-0.024765 0.006487 0.245000 0.329314 -0.410059 0.850532 1.000000
-0.019004 0.006487 0.245000 0.031579 -0.471773 0.881155 1.000000
-0.013243 0.006487 0.245000 -0.210475 -0.547863 0.809658 1.000000
-0.007543 0.006540 0.247000 -0.433884 -0.476891 0.764408 1.000000
-0.001770 0.006673 0.252000 -0.541165 -0.566576 0.621396 1.000000
0.004254 0.006832 0.258000 -0.640990 -0.510534 0.573138 1.000000
0.010681 0.007070 0.267000 0.128549 0.867303 -0.480896 1.000000
-0.033176 0.007265 0.252000 0.572965 -0.543727 0.613247 1.000000
-0.026601 0.007092 0.246000 0.403170 -0.365548 0.838945 1.000000
-0.020732 0.007063 0.245000 0.110045 -0.396307 0.911499 1.000000
-0.014971 0.007063 0.245000 -0.165938 -0.514577 0.841234 1.000000
-0.009248 0.007092 0.246000 -0.347725 -0.442776 0.826460 1.000000
-0.003548 0.007265 0.252000 -0.504062 -0.624146 0.596961 1.000000
0.002425 0.007409 0.257000 -0.559828 -0.658421 0.503066 1.000000
0.008731 0.007640 0.265000 -0.325023 -0.814293 0.480922 1.000000
-0.034036 0.007920 0.254000 0.405811 -0.595388 0.693420 1.000000
-0.027290 0.007702 0.247000 0.436207 -0.419578 0.796038 1.000000
-0.021308 0.007639 0.245000 0.112404 -0.378237 0.918859 1.000000
-0.015547 0.007639 0.245000 -0.157719 -0.488892 0.857968 1.000000
-0.009827 0.007671 0.246000 -0.347725 -0.442776 0.826460 1.000000
-0.004141 0.007858 0.252000 -0.452801 -0.719777 0.526205 1.000000
0.001820 0.008014 0.257000 -0.531463 -0.689081 0.492661 1.000000
0.008139 0.008294 0.266000 -0.403275 -0.772654 0.490281 1.000000
-0.033307 0.008484 0.253000 0.593936 -0.346298 0.726167 1.000000
-0.026709 0.008283 0.247000 0.427573 -0.401062 0.810142 1.000000
-0.020732 0.008216 0.245000 0.070082 -0.493131 0.867128 1.000000
-0.014971 0.008216 0.245000 -0.202326 -0.543352 0.814759 1.000000
-0.009323 0.008316 0.248000 -0.369194 -0.631436 0.681898 1.000000
-0.003576 0.008517 0.254000 -0.411946 -0.756831 0.507452 1.000000
0.002453 0.008719 0.260000 -0.517133 -0.734340 0.439681 1.000000
-0.034036 0.009115 0.254000 0.419159 -0.533542 0.734601 1.000000
-0.027290 0.008863 0.247000 0.445250 -0.363667 0.818229 1.000000
-0.021308 0.008792 0.245000 0.063101 -0.495203 0.866483 1.000000
-0.015674 0.008863 0.247000 -0.186183 -0.537045 0.822750 1.000000
-0.009986 0.008971 0.250000 -0.333660 -0.774261 0.537765 1.000000
-0.004190 0.009151 0.255000 -0.401676 -0.754335 0.519264 1.000000
-0.035043 0.009827 0.257000 -0.012446 -0.686526 0.726999 1.000000
-0.027871 0.009444 0.247000 0.478793 -0.378413 0.792187 1.000000
-0.021884 0.009368 0.245000 0.085321 -0.477526 0.874465 1.000000
-0.016453 0.009559 0.250000 -0.163883 -0.614334 0.771839 1.000000
