0.004001 0.000174 0.283000 -0.617396 0.054145 0.784787 1.000000
0.010843 0.000177 0.288000 -0.493574 0.222278 0.840819 1.000000
0.017799 0.000179 0.291000 -0.497205 -0.061988 0.865416 1.000000
0.000008 0.000830 0.280000 -0.259279 -0.256788 0.931039 1.000000
0.006710 0.000845 0.285000 -0.483757 0.328490 0.811217 1.000000
0.013552 0.000854 0.288000 -0.531553 0.132221 0.836642 1.000000
0.020818 0.000875 0.295000 -0.669530 -0.358758 0.650401 1.000000
-0.003284 0.001489 0.280000 0.088665 -0.427287 0.899758 1.000000
0.003324 0.001499 0.282000 -0.482633 -0.089150 0.871274 1.000000
0.010096 0.001520 0.286000 -0.523950 0.368830 0.767751 1.000000
0.017115 0.001547 0.291000 -0.518489 0.003037 0.855079 1.000000
0.024863 0.001605 0.302000 -0.733802 -0.386102 0.558982 1.000000
-0.004617 0.002155 0.281000 0.175585 -0.460032 0.870368 1.000000
0.001990 0.002155 0.281000 -0.366329 -0.153124 0.917800 1.000000
0.008720 0.002185 0.285000 -0.444597 0.391624 0.805583 1.000000
0.015692 0.002224 0.290000 -0.587000 0.068984 0.806643 1.000000
0.023210 0.002293 0.299000 -0.792006 -0.312238 0.524628 1.000000
-0.009974 0.002835 0.283000 0.175539 -0.583980 0.792561 1.000000
-0.003296 0.002815 0.281000 0.208384 -0.420946 0.882825 1.000000
0.003324 0.002825 0.282000 -0.368191 0.056176 0.928052 1.000000
0.010096 0.002865 0.286000 -0.546184 0.357839 0.757387 1.000000
0.017115 0.002916 0.291000 -0.616511 0.060630 0.785008 1.000000
0.024945 0.003036 0.303000 -0.627300 -0.496352 0.600108 1.000000
-0.012012 0.003513 0.284000 -0.209015 0.635213 -0.743516 1.000000
-0.005297 0.003488 0.282000 0.206116 -0.480186 0.852606 1.000000
0.001330 0.003476 0.281000 -0.219294 -0.209206 0.952965 1.000000
0.008022 0.003513 0.284000 -0.448510 0.314161 0.836745 1.000000
0.015010 0.003587 0.290000 -0.591476 0.078021 0.802539 1.000000
0.022431 0.003686 0.298000 -0.778715 -0.312632 0.543934 1.000000
-0.016863 0.004225 0.287000 -0.244184 0.697316 -0.673887 1.000000
-0.010009 0.004181 0.284000 0.211522 -0.573657 0.791313 1.000000
-0.003307 0.004152 0.282000 0.149032 -0.388294 0.909405 1.000000
0.003324 0.004152 0.282000 -0.271963 0.146281 0.951125 1.000000
0.010060 0.004196 0.285000 -0.554678 0.255846 0.791755 1.000000
0.017115 0.004284 0.291000 -0.620456 0.062801 0.781723 1.000000
0.024945 0.004461 0.303000 -0.581539 -0.487906 0.650968 1.000000
-0.016922 0.004917 0.288000 -0.255435 0.678821 -0.688445 1.000000
-0.010009 0.004849 0.284000 0.212930 -0.582343 0.784562 1.000000
-0.003307 0.004815 0.282000 0.149032 -0.388294 0.909405 1.000000
0.003324 0.004815 0.282000 -0.275048 0.086627 0.957520 1.000000
0.010060 0.004866 0.285000 -0.583431 0.167892 0.794620 1.000000
0.017115 0.004968 0.291000 -0.627793 0.063675 0.775772 1.000000
0.025028 0.005190 0.304000 0.487818 0.473791 -0.733182 1.000000
-0.019631 0.005594 0.288000 -0.292161 0.734840 -0.612089 1.000000
-0.012769 0.005555 0.286000 0.323375 -0.598416 0.733026 1.000000
-0.006002 0.005517 0.284000 0.287347 -0.532981 0.795841 1.000000
0.000669 0.005458 0.281000 0.036153 -0.324138 0.945319 1.000000
0.007328 0.005497 0.283000 -0.391093 0.130571 0.911042 1.000000
0.014279 0.005614 0.289000 -0.635813 0.050563 0.770185 1.000000
0.021804 0.005808 0.299000 -0.776820 -0.375067 0.505841 1.000000
-0.024879 0.006402 0.294000 0.476594 -0.757253 0.446572 1.000000
-0.017660 0.006293 0.289000 -0.283699 0.742647 -0.606622 1.000000
-0.010714 0.006206 0.285000 0.298077 -0.550220 0.780005 1.000000
-0.003985 0.006163 0.283000 0.270829 -0.466011 0.842309 1.000000
0.002660 0.006141 0.282000 -0.152036 -0.033176 0.987818 1.000000
0.009324 0.006163 0.283000 -0.519948 0.138281 0.842931 1.000000
0.016430 0.006337 0.291000 -0.590749 0.020638 0.806592 1.000000
0.024153 0.006576 0.302000 -0.690278 -0.497359 0.525500 1.000000
-0.025831 0.007166 0.297000 -0.345221 0.847787 -0.402591 1.000000
-0.018403 0.006997 0.290000 -0.313603 0.755886 -0.574709 1.000000
-0.011424 0.006900 0.286000 0.331193 -0.567416 0.753890 1.000000
-0.004650 0.006828 0.283000 0.279960 -0.514273 0.810645 1.000000
0.001990 0.006780 0.281000 -0.064807 -0.308468 0.949024 1.000000
0.008628 0.006804 0.282000 -0.408655 0.072049 0.909840 1.000000
0.015692 0.006997 0.290000 -0.608869 0.020987 0.792993 1.000000
0.023365 0.007262 0.301000 -0.746485 -0.423775 0.513005 1.000000
-0.026887 0.007970 0.301000 0.480477 0.710293 -0.514418 1.000000
-0.019151 0.007705 0.291000 -0.352751 0.771408 -0.529619 1.000000
-0.012139 0.007599 0.287000 0.344112 -0.546277 0.763655 1.000000
-0.005334 0.007520 0.284000 0.298815 -0.532465 0.791953 1.000000
0.001330 0.007441 0.281000 0.060784 -0.435621 0.898075 1.000000
0.007965 0.007467 0.282000 -0.408655 0.072049 0.909840 1.000000
0.014958 0.007652 0.289000 -0.645488 -0.116676 0.754806 1.000000
0.022657 0.007970 0.301000 -0.749371 -0.471403 0.464996 1.000000
-0.027869 0.008764 0.304000 0.442161 0.728930 -0.522642 1.000000
-0.019903 0.008418 0.292000 -0.354744 0.794617 -0.492686 1.000000
-0.012859 0.008303 0.288000 0.365534 -0.571851 0.734419 1.000000
-0.006002 0.008188 0.284000 0.274434 -0.537214 0.797550 1.000000
0.000669 0.008101 0.281000 0.075059 -0.429547 0.899920 1.000000
0.007302 0.008130 0.282000 -0.375220 -0.073598 0.924009 1.000000
0.014229 0.008303 0.288000 -0.673915 -0.195463 0.712483 1.000000
0.022168 0.008764 0.304000 -0.707635 -0.407786 0.577030 1.000000
-0.027333 0.009542 0.306000 0.622664 0.617856 -0.480149 1.000000
-0.019217 0.009105 0.292000 0.380094 -0.779256 0.498285 1.000000
-0.012181 0.008980 0.288000 0.347840 -0.537838 0.767944 1.000000
-0.005353 0.008887 0.285000 0.293320 -0.539719 0.789093 1.000000
0.001334 0.008793 0.282000 0.099719 -0.505064 0.857302 1.000000
0.007993 0.008824 0.283000 -0.430500 -0.182010 0.884049 1.000000
0.015010 0.009043 0.290000 -0.718993 -0.397236 0.570309 1.000000
0.023184 0.009604 0.308000 0.608138 0.328887 -0.722497 1.000000
-0.023270 0.010060 0.300000 -0.000618 0.967225 -0.253921 1.000000
-0.015676 0.009725 0.290000 0.426784 -0.606609 0.670731 1.000000
-0.008765 0.009624 0.287000 0.276319 -0.526596 0.803956 1.000000
0.010655 0.009490 0.283000 -0.538424 -0.193620 0.820129 1.000000
-0.029054 0.011088 0.309000 0.471527 0.468141 -0.747333 1.000000
-0.021013 0.010694 0.298000 -0.384062 0.795117 -0.469347 1.000000
-0.013630 0.010406 0.290000 0.432999 -0.534306 0.725967 1.000000
0.006710 0.010227 0.285000 -0.281828 -0.595697 0.752143 1.000000
-0.026148 0.011815 0.309000 -0.144610 0.689486 -0.709716 1.000000
-0.017966 0.011241 0.294000 0.477618 -0.613880 0.628516 1.000000
-0.010827 0.011012 0.288000 0.312885 -0.510328 0.801042 1.000000
-0.004041 0.010974 0.287000 0.255789 -0.403420 0.878535 1.000000
-0.025586 0.012623 0.311000 0.189072 0.377092 -0.906672 1.000000
-0.017392 0.012014 0.296000 0.565184 -0.492384 0.661910 1.000000
-0.010150 0.011689 0.288000 0.339737 -0.472973 0.812942 1.000000
-0.003378 0.011689 0.288000 0.138598 -0.451670 0.881354 1.000000
-0.020994 0.013225 0.308000 0.601775 -0.518418 0.607544 1.000000
-0.011584 0.012452 0.290000 0.401997 -0.495804 0.769790 1.000000
-0.003378 0.012366 0.288000 -0.015151 -0.359378 0.933069 1.000000
0.013412 0.016409 0.300000 -0.699286 0.538401 0.470238 2.000000
0.011069 0.016772 0.294000 -0.619631 0.349153 0.702958 2.000000
0.019563 0.017570 0.308000 -0.666093 0.167871 0.726732 2.000000
0.013277 0.017641 0.297000 -0.643748 0.446964 0.621138 2.000000
0.021080 0.018354 0.309000 -0.661514 0.171778 0.729994 2.000000
0.009621 0.018031 0.292000 -0.532880 0.427468 0.730281 2.000000
0.016995 0.018587 0.301000 -0.557058 0.703278 0.441686 2.000000
-0.017655 0.020064 0.313000 -0.725441 0.056942 -0.685925 2.000000
0.007483 0.018525 0.289000 -0.501350 0.269267 0.822279 2.000000
0.014625 0.018974 0.296000 -0.622700 0.498909 0.602773 2.000000
0.022387 0.019679 0.307000 -0.536620 0.668126 0.515409 2.000000
-0.003354 0.019005 0.286000 0.269203 0.079267 0.959816 2.000000
0.003382 0.019072 0.287000 -0.306231 0.383130 0.871455 2.000000
0.010272 0.019338 0.291000 -0.502892 0.439087 0.744515 2.000000
0.017526 0.019803 0.298000 -0.520712 0.622754 0.583983 2.000000
0.025604 0.020667 0.311000 0.388962 -0.552392 -0.737273 2.000000
-0.013959 0.020435 0.297000 0.620762 -0.074006 0.780498 2.000000
-0.006787 0.019884 0.289000 0.600403 0.016070 0.799536 2.000000
0.000008 0.019609 0.285000 -0.009462 0.155303 0.987822 2.000000
0.006780 0.019815 0.288000 -0.394970 0.465901 0.791792 2.000000
0.013740 0.020091 0.292000 -0.602583 0.467264 0.646960 2.000000
0.021383 0.020848 0.303000 -0.471535 0.788870 0.394131 2.000000
-0.020467 0.022129 0.311000 -0.596265 -0.125048 -0.792988 2.000000
-0.012435 0.020920 0.294000 0.627841 -0.030336 0.777750 2.000000
-0.005409 0.020493 0.288000 0.531001 -0.022089 0.847083 2.000000
0.001348 0.020279 0.285000 -0.033484 0.091311 0.995259 2.000000
0.008163 0.020564 0.289000 -0.423044 0.470017 0.774673 2.000000
0.015217 0.020920 0.294000 -0.527877 0.608148 0.592876 2.000000
0.022808 0.021560 0.303000 -0.421263 0.801753 0.423946 2.000000
-0.020270 0.022640 0.308000 0.707980 0.367696 0.602963 2.000000
-0.012435 0.021611 0.294000 0.636529 0.025807 0.770821 2.000000
-0.005409 0.021170 0.288000 0.489672 -0.084733 0.867780 2.000000
0.001348 0.020949 0.285000 -0.065925 0.097444 0.993055 2.000000
0.008163 0.021243 0.289000 -0.435241 0.444977 0.782663 2.000000
0.015217 0.021611 0.294000 -0.527877 0.608148 0.592876 2.000000
0.022657 0.022125 0.301000 -0.452100 0.764483 0.459534 2.000000
-0.020138 0.023213 0.306000 0.698648 0.448593 0.557364 2.000000
-0.012435 0.022302 0.294000 0.627577 0.021187 0.778266 2.000000
-0.005409 0.021847 0.288000 0.492113 -0.079490 0.866895 2.000000
0.001348 0.021620 0.285000 -0.041978 0.023252 0.998848 2.000000
0.008163 0.021923 0.289000 -0.419806 0.515146 0.747253 2.000000
0.015217 0.022302 0.294000 -0.519577 0.632546 0.574392 2.000000
0.022582 0.022757 0.300000 -0.457844 0.725556 0.513758 2.000000
-0.018332 0.023463 0.300000 0.759360 0.264980 0.594271 2.000000
-0.011015 0.022915 0.293000 0.604662 0.033929 0.795759 2.000000
-0.004041 0.022446 0.287000 0.419860 -0.212533 0.882353 2.000000
0.002689 0.022290 0.285000 -0.145816 0.202830 0.968296 2.000000
0.009555 0.022681 0.290000 -0.447233 0.514758 0.731441 2.000000
0.016656 0.023072 0.295000 -0.475524 0.662560 0.578698 2.000000
-0.022297 0.024652 0.306000 0.630095 0.578017 0.518534 2.000000
-0.014509 0.023685 0.294000 0.614621 0.018816 0.788598 2.000000
-0.007519 0.023443 0.291000 0.612879 -0.015264 0.790029 2.000000
-0.000664 0.023040 0.286000 0.248893 -0.180344 0.951593 2.000000
0.006082 0.023121 0.287000 -0.130246 0.431094 0.892857 2.000000
0.013054 0.023524 0.292000 -0.501945 0.592184 0.630372 2.000000
-0.023091 0.025454 0.307000 0.619796 0.633455 0.463236 2.000000
-0.015252 0.024459 0.295000 0.643322 0.032257 0.764916 2.000000
-0.008203 0.024127 0.291000 0.602087 0.012329 0.798335 2.000000
-0.001337 0.023713 0.286000 0.277547 -0.215295 0.936278 2.000000
0.005388 0.023713 0.286000 -0.095368 0.392977 0.914590 2.000000
0.012325 0.024127 0.291000 -0.480254 0.563881 0.671858 2.000000
-0.020585 0.025750 0.302000 0.654409 0.499478 0.567689 2.000000
-0.013126 0.025067 0.294000 0.614801 0.002251 0.788679 2.000000
-0.006129 0.024726 0.290000 0.477163 -0.096005 0.873555 2.000000
0.000681 0.024385 0.286000 0.216935 -0.068930 0.973749 2.000000
0.007432 0.024471 0.287000 -0.237129 0.467214 0.851752 2.000000
-0.022224 0.026723 0.305000 0.638490 0.582120 0.503454 2.000000
-0.014558 0.025846 0.295000 0.623421 -0.016109 0.781720 2.000000
-0.007493 0.025408 0.290000 0.583984 0.008998 0.811715 2.000000
-0.000667 0.025146 0.287000 0.319124 -0.142200 0.936984 2.000000
0.006061 0.025058 0.286000 -0.087858 0.433077 0.897065 2.000000
-0.019743 0.026990 0.300000 0.653343 0.384659 0.652058 2.000000
-0.012393 0.026360 0.293000 0.601335 -0.024460 0.798622 2.000000
-0.005428 0.026000 0.289000 0.387998 0.004616 0.921648 2.000000
0.001358 0.025820 0.287000 0.223684 0.039675 0.973854 2.000000
-0.020517 0.027788 0.301000 0.592930 0.443651 0.672018 2.000000
-0.013126 0.027141 0.294000 0.592229 -0.042741 0.804636 2.000000
-0.006108 0.026680 0.289000 0.439911 0.016409 0.897892 2.000000
0.000685 0.026588 0.288000 0.318898 0.057461 0.946046 2.000000
-0.016752 0.028117 0.297000 0.618011 0.062836 0.783655 2.000000
-0.009571 0.027549 0.291000 0.584082 0.003097 0.811688 2.000000
0.006018 -0.027873 0.284000 0.079611 0.353774 -0.931937 0.000000
0.005350 -0.027205 0.284000 0.079611 0.353774 -0.931937 0.000000
-0.002002 -0.026631 0.285000 -0.106317 0.014710 0.994223 0.000000
0.004699 -0.026631 0.285000 0.079611 0.353774 -0.931937 0.000000
-0.002009 -0.026052 0.286000 -0.110569 -0.073329 0.991160 0.000000
0.005369 -0.025961 0.285000 0.079611 0.353774 -0.931937 0.000000
-0.005372 -0.025380 0.286000 0.097482 0.433300 0.895962 0.000000
0.001353 -0.025380 0.286000 0.152991 0.191218 -0.969551 0.000000
0.008078 -0.025380 0.286000 0.086485 0.310861 -0.946513 0.000000
-0.004699 -0.024707 0.286000 0.024417 0.376517 0.926088 0.000000
0.002026 -0.024707 0.286000 0.127213 0.250205 -0.959799 0.000000
-0.012266 -0.024371 0.290000 0.204452 0.468385 0.859543 0.000000
-0.002009 -0.024035 0.286000 -0.160177 0.101304 0.981876 0.000000
0.004716 -0.024035 0.286000 0.102461 0.338630 -0.935324 0.000000
-0.009440 -0.023444 0.287000 0.209364 0.441599 0.872443 0.000000
-0.001337 -0.023362 0.286000 -0.242260 0.016047 0.970079 0.000000
0.005407 -0.023444 0.287000 0.093413 0.305531 -0.947589 0.000000
-0.008034 -0.022610 0.285000 0.186046 0.407980 0.893834 0.000000
-0.001337 -0.022690 0.286000 -0.311685 0.039796 0.949352 0.000000
0.005407 -0.022769 0.287000 0.112497 0.295222 -0.948783 0.000000
-0.012859 -0.022171 0.288000 0.175556 0.484223 0.857151 0.000000
-0.006002 -0.021863 0.284000 0.047649 0.327361 0.943697 0.000000
0.000683 -0.022094 0.287000 -0.223148 -0.100347 0.969606 0.000000
0.007432 -0.022094 0.287000 0.073562 0.221165 -0.972458 0.000000
-0.010752 -0.021345 0.286000 0.175556 0.484223 0.857151 0.000000
-0.003999 -0.021195 0.284000 -0.107971 0.230618 0.967036 0.000000
0.002717 -0.021494 0.288000 0.168136 0.190284 -0.967224 0.000000
0.009522 -0.021568 0.289000 0.054838 0.211278 -0.975886 0.000000
-0.010044 -0.020600 0.285000 0.135335 0.471024 0.871677 0.000000
-0.003331 -0.020527 0.284000 -0.279828 0.154626 0.947516 0.000000
0.003382 -0.020744 0.287000 0.165641 0.181756 -0.969292 0.000000
0.010202 -0.020889 0.289000 0.133673 0.129585 -0.982517 0.000000
-0.010714 -0.019930 0.285000 0.178584 0.478128 0.859943 0.000000
-0.003985 -0.019790 0.283000 -0.194785 0.222442 0.955290 0.000000
0.002708 -0.020069 0.287000 -0.243476 -0.107560 0.963924 0.000000
0.009522 -0.020209 0.289000 -0.150700 -0.056355 0.986972 0.000000
-0.011384 -0.019259 0.285000 0.149166 0.524232 0.838409 0.000000
-0.004650 -0.019124 0.283000 -0.014088 0.259645 0.965601 0.000000
0.002033 -0.019395 0.287000 -0.293059 -0.013447 0.956000 0.000000
0.009522 -0.019530 0.289000 -0.171871 -0.029697 0.984672 0.000000
-0.011384 -0.018589 0.285000 0.137227 0.528054 0.838050 0.000000
-0.004650 -0.018459 0.283000 -0.034371 0.314259 0.948715 0.000000
0.002033 -0.018720 0.287000 -0.292795 0.028432 0.955752 0.000000
0.009489 -0.018785 0.288000 -0.101799 0.052454 0.993421 0.000000
-0.010009 -0.017856 0.284000 0.089775 0.463342 0.881620 0.000000
-0.003331 -0.017856 0.284000 -0.332302 0.231474 0.914328 0.000000
0.003394 -0.018108 0.288000 -0.249018 0.020167 0.968289 0.000000
-0.049340 -0.023967 0.396000 0.968239 0.069206 0.240257 0.000000
-0.008643 -0.017128 0.283000 0.001991 0.395820 0.918326 0.000000
-0.002002 -0.017249 0.285000 -0.419167 0.195193 0.886678 0.000000
0.004749 -0.017431 0.288000 -0.145428 0.163327 0.975795 0.000000
-0.011304 -0.016463 0.283000 0.081930 0.503206 0.860274 0.000000
-0.004650 -0.016463 0.283000 -0.185900 0.393155 0.900483 0.000000
0.002040 -0.016753 0.288000 -0.258107 0.178826 0.949422 0.000000
-0.012635 -0.015797 0.283000 0.128226 0.528564 0.839153 0.000000
-0.005981 -0.015797 0.283000 -0.020521 0.429949 0.902620 0.000000
0.000683 -0.016020 0.287000 -0.433402 0.301795 0.849166 0.000000
0.008106 -0.016020 0.287000 -0.180561 0.222322 0.958108 0.000000
-0.014580 -0.015078 0.282000 0.165159 0.592669 0.788331 0.000000
-0.007977 -0.015132 0.283000 -0.080041 0.488985 0.868612 0.000000
-0.001332 -0.015239 0.285000 -0.465977 0.309217 0.829006 0.000000
0.005426 -0.015399 0.288000 -0.191613 0.294464 0.936256 0.000000
-0.024352 -0.014313 0.280000 0.165119 0.166062 0.972193 0.000000
-0.015243 -0.014415 0.282000 0.173370 0.582064 0.794446 0.000000
-0.008643 -0.014466 0.283000 -0.026936 0.548327 0.835830 0.000000
-0.001995 -0.014517 0.284000 -0.348391 0.468757 0.811721 0.000000
0.004749 -0.014722 0.288000 -0.254688 0.378943 0.889683 0.000000
0.011521 -0.014722 0.288000 -0.430324 0.188636 0.882744 0.000000
-0.026422 -0.013703 0.281000 0.209694 -0.212310 0.954439 0.000000
-0.017232 -0.013752 0.282000 0.005347 0.451701 0.892153 0.000000
-0.010564 -0.013703 0.281000 0.052130 0.654667 0.754118 0.000000
-0.003985 -0.013801 0.283000 -0.227536 0.518750 0.824091 0.000000
0.002717 -0.014045 0.288000 -0.279637 0.440020 0.853338 0.000000
0.009423 -0.013947 0.286000 -0.394773 0.291598 0.871277 0.000000
0.016374 -0.014142 0.290000 -0.487628 0.176293 0.855067 0.000000
-0.027941 -0.013135 0.283000 0.398806 -0.407422 0.821560 0.000000
-0.021211 -0.013089 0.282000 0.076088 0.265156 0.961199 0.000000
-0.014528 -0.013042 0.281000 0.199982 0.604171 0.771353 0.000000
-0.007921 -0.013042 0.281000 -0.064164 0.626953 0.776411 0.000000
-0.001323 -0.013135 0.283000 -0.346448 0.567788 0.746719 0.000000
0.005388 -0.013275 0.286000 -0.329790 0.485764 0.809489 0.000000
0.012198 -0.013367 0.288000 -0.456972 0.178229 0.871442 0.000000
0.019299 -0.013599 0.293000 -0.436834 0.237877 0.867520 0.000000
-0.025011 -0.012338 0.280000 0.300420 -0.085905 0.949931 0.000000
-0.018559 -0.012426 0.282000 0.032085 0.294437 0.955132 0.000000
-0.011843 -0.012338 0.280000 0.152551 0.624839 0.765705 0.000000
-0.005259 -0.012338 0.280000 -0.187948 0.590808 0.784615 0.000000
0.001344 -0.012514 0.284000 -0.332760 0.648454 0.684674 0.000000
0.008050 -0.012558 0.285000 -0.429217 0.357435 0.829466 0.000000
0.015010 -0.012778 0.290000 -0.467348 0.093108 0.879157 0.000000
0.022281 -0.013043 0.296000 -0.470584 0.104175 0.876184 0.000000
-0.025761 -0.011721 0.281000 0.348592 -0.191469 0.917509 0.000000
-0.019222 -0.011763 0.282000 0.056034 0.261410 0.963600 0.000000
-0.012501 -0.011679 0.280000 0.192428 0.604933 0.772676 0.000000
-0.005896 -0.011638 0.279000 -0.156732 0.601040 0.783700 0.000000
0.000671 -0.011763 0.282000 -0.338468 0.632201 0.696966 0.000000
0.007380 -0.011888 0.285000 -0.500969 0.349317 0.791838 0.000000
0.014328 -0.012096 0.290000 -0.484725 0.068566 0.871975 0.000000
0.021512 -0.012305 0.295000 -0.470584 0.104175 0.876184 0.000000
-0.028606 -0.011139 0.283000 0.480564 -0.345128 0.806192 0.000000
-0.021796 -0.011060 0.281000 0.124265 0.172547 0.977131 0.000000
-0.015189 -0.011060 0.281000 0.299036 0.485832 0.821307 0.000000
-0.008490 -0.010942 0.278000 -0.040520 0.568650 0.821581 0.000000
-0.001967 -0.011021 0.280000 -0.165759 0.574110 0.801824 0.000000
0.004666 -0.011139 0.283000 -0.442285 0.567545 0.694461 0.000000
0.011561 -0.011375 0.289000 -0.414581 0.037108 0.909256 0.000000
0.018610 -0.011533 0.293000 -0.415494 0.245986 0.875703 0.000000
0.026546 -0.011690 0.297000 -0.778776 -0.015566 0.627109 0.000000
-0.023036 -0.010363 0.280000 0.210940 0.027549 0.977111 0.000000
-0.016452 -0.010363 0.280000 0.288050 0.409433 0.865674 0.000000
-0.009762 -0.010251 0.277000 0.055953 0.404991 0.912607 0.000000
-0.003272 -0.010325 0.279000 -0.221867 0.509334 0.831477 0.000000
0.003312 -0.010400 0.281000 -0.399100 0.538890 0.741833 0.000000
0.010131 -0.010622 0.287000 -0.508091 0.093562 0.856206 0.000000
0.017115 -0.010770 0.291000 -0.434439 0.123723 0.892164 0.000000
0.024287 -0.010918 0.295000 -0.453273 0.084525 0.887355 0.000000
-0.025669 -0.009704 0.280000 0.348592 -0.191469 0.917509 0.000000
-0.018493 -0.009739 0.281000 0.100353 0.283708 0.953645 0.000000
-0.011674 -0.009565 0.276000 0.192937 0.291719 0.936843 0.000000
-0.005203 -0.009600 0.277000 -0.197986 0.224273 0.954203 0.000000
0.001315 -0.009635 0.278000 -0.291759 0.305483 0.906398 0.000000
0.008022 -0.009843 0.284000 -0.619472 0.247321 0.745042 0.000000
0.015010 -0.010051 0.290000 -0.427792 0.021203 0.903628 0.000000
0.022744 -0.010155 0.293000 -0.474676 0.105747 0.873785 0.000000
-0.029685 -0.009272 0.287000 0.691286 -0.413268 0.592734 0.000000
-0.022457 -0.009078 0.281000 0.287133 -0.110181 0.951533 0.000000
-0.015681 -0.008981 0.278000 0.340249 0.329643 0.880662 0.000000
-0.009045 -0.008884 0.275000 -0.064316 0.160646 0.984914 0.000000
-0.002607 -0.008981 0.278000 -0.184156 0.328992 0.926202 0.000000
0.003944 -0.009013 0.279000 -0.446902 0.342056 0.826605 0.000000
0.010843 -0.009304 0.288000 -0.537130 -0.062160 0.841206 0.000000
0.017799 -0.009401 0.291000 -0.372354 0.172585 0.911903 0.000000
0.024896 -0.009498 0.294000 -0.452050 0.060509 0.889938 0.000000
-0.026422 -0.008417 0.281000 0.445375 -0.321428 0.835658 0.000000
-0.019744 -0.008387 0.280000 0.105984 0.185872 0.976841 0.000000
-0.012972 -0.008268 0.276000 0.295691 0.133835 0.945862 0.000000
-0.006482 -0.008268 0.276000 -0.194838 0.017964 0.980671 0.000000
0.000008 -0.008297 0.277000 -0.178019 0.079582 0.980804 0.000000
0.006639 -0.008447 0.282000 -0.721735 -0.004813 0.692152 0.000000
0.013599 -0.008657 0.289000 -0.374868 -0.049056 0.925779 0.000000
0.020607 -0.008747 0.292000 -0.438736 0.068330 0.896014 0.000000
-0.034303 -0.008391 0.304000 0.973941 -0.097287 0.204876 0.000000
-0.025100 -0.007757 0.281000 0.441902 -0.211228 0.871840 0.000000
-0.018361 -0.007701 0.279000 0.292648 0.245817 0.924084 0.000000
-0.011674 -0.007619 0.276000 0.197995 0.037064 0.979502 0.000000
-0.005203 -0.007646 0.277000 -0.148056 -0.096291 0.984280 0.000000
0.001315 -0.007674 0.278000 -0.271346 0.172778 0.946847 0.000000
0.008022 -0.007839 0.284000 -0.715947 -0.165114 0.678349 0.000000
0.014958 -0.007977 0.289000 -0.363937 -0.024004 0.931114 0.000000
0.021980 -0.008060 0.292000 -0.439174 0.062110 0.896252 0.000000
-0.031792 -0.007424 0.294000 0.929190 -0.000584 0.369602 0.000000
-0.023779 -0.007096 0.281000 0.411514 -0.181790 0.893089 0.000000
-0.017049 -0.007045 0.279000 0.328576 0.193691 0.924403 0.000000
-0.010376 -0.006970 0.276000 -0.037296 -0.134969 0.990148 0.000000
-0.003914 -0.007020 0.278000 -0.090007 -0.037904 0.995220 0.000000
0.002623 -0.007020 0.278000 -0.402695 0.055575 0.913646 0.000000
0.009423 -0.007222 0.286000 -0.535334 -0.115142 0.836756 0.000000
0.016374 -0.007323 0.290000 -0.320569 0.016856 0.947075 0.000000
0.023273 -0.007348 0.291000 -0.439179 0.045203 0.897262 0.000000
-0.030202 -0.006687 0.292000 0.905513 -0.136347 0.401816 0.000000
-0.022457 -0.006435 0.281000 0.467437 -0.158927 0.869623 0.000000
-0.015681 -0.006366 0.278000 0.285251 0.016795 0.958306 0.000000
-0.009111 -0.006343 0.277000 -0.155080 -0.305514 0.939474 0.000000
-0.002607 -0.006366 0.278000 -0.108758 -0.106375 0.988360 0.000000
0.003944 -0.006389 0.279000 -0.550004 -0.026225 0.834750 0.000000
0.010843 -0.006595 0.288000 -0.499027 -0.114899 0.858936 0.000000
0.017738 -0.006641 0.290000 -0.294689 -0.037301 0.954865 0.000000
0.024642 -0.006664 0.291000 -0.444095 -0.001574 0.895979 0.000000
-0.027564 -0.005877 0.286000 0.724422 -0.337395 0.601146 0.000000
-0.020402 -0.005754 0.280000 0.420912 -0.031279 0.906562 0.000000
-0.013670 -0.005692 0.277000 0.254409 -0.030364 0.966620 0.000000
-0.007183 -0.005713 0.278000 -0.174572 -0.283576 0.942926 0.000000
-0.000646 -0.005713 0.278000 -0.125374 -0.118689 0.984984 0.000000
0.006018 -0.005836 0.284000 -0.771545 -0.143020 0.619890 0.000000
0.012920 -0.005939 0.289000 -0.325522 -0.017504 0.945372 0.000000
0.019784 -0.005959 0.290000 -0.380653 -0.120886 0.916782 0.000000
0.026969 -0.006041 0.294000 -0.782201 -0.144809 0.605963 0.000000
-0.026036 -0.005168 0.284000 0.704016 -0.374983 0.603116 0.000000
-0.019017 -0.005077 0.279000 0.292070 0.047927 0.955195 0.000000
-0.012367 -0.005041 0.277000 0.039873 -0.340769 0.939301 0.000000
-0.005896 -0.005077 0.279000 -0.028000 -0.236597 0.971204 0.000000
0.000662 -0.005059 0.278000 -0.139585 -0.078526 0.987092 0.000000
0.007432 -0.005223 0.287000 -0.604375 -0.088774 0.791738 0.000000
0.014279 -0.005259 0.289000 -0.354748 -0.022287 0.934696 0.000000
0.021220 -0.005296 0.291000 -0.409502 -0.143681 0.900924 0.000000
-0.033257 -0.004770 0.301000 0.965981 -0.106285 0.235762 0.000000
-0.024787 -0.004516 0.285000 0.714344 -0.343805 0.609517 0.000000
-0.017705 -0.004421 0.279000 0.314455 -0.096572 0.944347 0.000000
-0.011105 -0.004405 0.278000 -0.005723 -0.346223 0.938135 0.000000
-0.004584 -0.004421 0.279000 0.062294 -0.258909 0.963891 0.000000
0.001983 -0.004437 0.280000 -0.473090 -0.206626 0.856441 0.000000
0.008812 -0.004564 0.288000 -0.564939 -0.055490 0.823265 0.000000
0.015746 -0.004611 0.291000 -0.354460 -0.047493 0.933864 0.000000
0.022666 -0.004627 0.292000 -0.404660 -0.075573 0.911339 0.000000
-0.032657 -0.004075 0.302000 0.980095 -0.159185 0.118631 0.000000
-0.024202 -0.003860 0.286000 0.734238 -0.315235 0.601266 0.000000
-0.017049 -0.003765 0.279000 0.272116 -0.140199 0.951996 0.000000
-0.010489 -0.003765 0.279000 -0.084657 -0.396420 0.914158 0.000000
-0.003928 -0.003765 0.279000 -0.004120 -0.311596 0.950206 0.000000
0.002651 -0.003792 0.281000 -0.593898 -0.223055 0.773002 0.000000
0.009522 -0.003900 0.289000 -0.505822 0.013678 0.862529 0.000000
0.016430 -0.003927 0.291000 -0.426631 -0.054698 0.902770 0.000000
0.023593 -0.003981 0.295000 -0.666015 -0.307965 0.679398 0.000000
-0.033588 -0.003388 0.304000 0.991820 -0.109226 0.066051 0.000000
-0.025048 -0.003209 0.288000 0.781132 -0.266976 0.564408 0.000000
-0.017705 -0.003109 0.279000 0.265858 -0.218765 0.938862 0.000000
-0.011145 -0.003109 0.279000 -0.070202 -0.421598 0.904061 0.000000
-0.004584 -0.003109 0.279000 0.062432 -0.319554 0.945509 0.000000
0.001983 -0.003120 0.280000 -0.429411 -0.266097 0.863017 0.000000
0.008842 -0.003220 0.289000 -0.507789 0.013945 0.861368 0.000000
0.015746 -0.003243 0.291000 -0.424959 -0.051763 0.903731 0.000000
0.022899 -0.003287 0.295000 -0.659984 -0.313671 0.682665 0.000000
0.030847 -0.003399 0.305000 0.390533 0.421270 -0.818545 0.000000
-0.026769 -0.002567 0.292000 0.835382 -0.250940 0.489047 0.000000
-0.019017 -0.002453 0.279000 0.390867 -0.252538 0.885126 0.000000
-0.012457 -0.002453 0.279000 0.010674 -0.415238 0.909650 0.000000
-0.005896 -0.002453 0.279000 0.063854 -0.347000 0.935689 0.000000
0.000664 -0.002453 0.279000 -0.295236 -0.308633 0.904202 0.000000
0.007457 -0.002532 0.288000 -0.558331 0.065554 0.827025 0.000000
0.014328 -0.002550 0.290000 -0.374698 -0.022686 0.926869 0.000000
0.021512 -0.002594 0.295000 -0.520269 -0.286281 0.804589 0.000000
0.029316 -0.002673 0.304000 0.553488 0.360836 -0.750632 0.000000
-0.028528 -0.001906 0.296000 0.905889 -0.042162 0.421412 0.000000
-0.020548 -0.001816 0.282000 0.518011 -0.367558 0.772376 0.000000
-0.013720 -0.001791 0.278000 0.108579 -0.368898 0.923106 0.000000
-0.007208 -0.001797 0.279000 -0.039184 -0.366410 0.929628 0.000000
-0.000646 -0.001791 0.278000 -0.088380 -0.282097 0.955306 0.000000
0.006061 -0.001842 0.286000 -0.635638 0.085408 0.767248 0.000000
0.012920 -0.001861 0.289000 -0.387801 0.031417 0.921207 0.000000
0.020056 -0.001894 0.294000 -0.524880 -0.280414 0.803660 0.000000
0.027887 -0.001958 0.304000 -0.598802 -0.363255 0.713781 0.000000
-0.030223 -0.001223 0.299000 0.965917 -0.160519 0.203073 0.000000
-0.022184 -0.001170 0.286000 0.590524 -0.489896 0.641314 0.000000
-0.015027 -0.001137 0.278000 0.151514 -0.415516 0.896878 0.000000
-0.008551 -0.001145 0.280000 -0.044795 -0.413778 0.909275 0.000000
-0.001953 -0.001137 0.278000 -0.010803 -0.291500 0.956510 0.000000
0.004683 -0.001161 0.284000 -0.672641 0.026530 0.739493 0.000000
0.011561 -0.001182 0.289000 -0.472433 0.150602 0.868404 0.000000
0.018547 -0.001194 0.292000 -0.485086 -0.141536 0.862936 0.000000
0.026370 -0.001239 0.303000 -0.757520 -0.355106 0.547781 0.000000
-0.030122 -0.000518 0.298000 0.954991 -0.131399 0.265945 0.000000
-0.022107 -0.000495 0.285000 0.517739 -0.481951 0.706873 0.000000
-0.015081 -0.000485 0.279000 0.103214 -0.496337 0.861973 0.000000
-0.008551 -0.000487 0.280000 -0.032044 -0.471162 0.881464 0.000000
-0.001960 -0.000485 0.279000 -0.043046 -0.329183 0.943284 0.000000
0.004683 -0.000494 0.284000 -0.634173 0.136794 0.760994 0.000000
0.011521 -0.000501 0.288000 -0.463679 0.220904 0.858023 0.000000
0.018547 -0.000508 0.292000 -0.512761 -0.076019 0.855159 0.000000
0.026370 -0.000527 0.303000 -0.689161 -0.387097 0.612546 0.000000
-0.029125 0.000181 0.295000 0.905889 -0.042162 0.421412 0.000000
-0.019744 0.000172 0.280000 0.399631 -0.405172 0.822272 0.000000
-0.013113 0.000171 0.279000 0.031686 -0.563552 0.825473 0.000000
-0.006576 0.000172 0.280000 0.109757 -0.435992 0.893232 0.000000
0.000008 0.000171 0.279000 -0.201839 -0.294009 0.934248 0.000000
0.028162 0.000188 0.307000 0.346657 0.078594 -0.934693 0.000000
-0.029819 0.000875 0.295000 0.838879 0.135929 0.527073 0.000000
-0.020475 0.000833 0.281000 0.482615 -0.499323 0.719555 0.000000
-0.013818 0.000830 0.280000 -0.008114 0.583256 -0.812248 0.000000
-0.007260 0.000833 0.281000 0.097930 -0.478236 0.872754 0.000000
0.028254 0.000913 0.308000 0.309283 0.335335 -0.889885 0.000000
-0.028829 0.001552 0.292000 0.780653 -0.029675 0.624260 0.000000
-0.020548 0.001499 0.282000 0.457137 -0.533423 0.711679 0.000000
-0.013207 0.001494 0.281000 -0.011945 0.618725 -0.785517 0.000000
-0.006599 0.001494 0.281000 0.157977 -0.463135 0.872095 0.000000
-0.031101 0.002254 0.294000 0.692247 0.168336 0.701753 0.000000
-0.022697 0.002178 0.284000 0.456476 -0.555744 0.694822 0.000000
-0.015297 0.002170 0.283000 -0.156739 0.715911 -0.680371 0.000000
-0.008612 0.002162 0.282000 0.146833 -0.561950 0.814035 0.000000
-0.029314 0.002906 0.290000 0.743628 -0.062847 0.665634 0.000000
-0.022029 0.002845 0.284000 0.433522 -0.606906 0.666127 0.000000
-0.015351 0.002845 0.284000 -0.193495 0.751703 -0.630478 0.000000
0.040566 0.003086 0.308000 -0.138819 0.056036 -0.988731 0.000000
-0.027853 0.003575 0.289000 0.559960 -0.415916 0.716560 0.000000
-0.020766 0.003526 0.285000 0.387752 -0.656337 0.647202 0.000000
0.036944 0.003810 0.308000 0.001931 0.056652 -0.998392 0.000000
-0.030677 0.004269 0.290000 0.717458 0.422461 0.553878 0.000000
-0.023529 0.004210 0.286000 0.396137 -0.643167 0.655295 0.000000
0.036944 0.004534 0.308000 -0.018254 0.044213 -0.998855 0.000000
-0.031467 0.004968 0.291000 0.761730 0.489736 0.424176 0.000000
-0.024371 0.004917 0.288000 0.435048 -0.658371 0.614232 0.000000
0.037546 0.005241 0.307000 -0.138819 0.056036 -0.988731 0.000000
-0.033866 0.005711 0.294000 0.727470 0.615723 -0.302776 0.000000
-0.026769 0.005672 0.292000 0.454260 -0.705625 0.543821 0.000000
0.038019 0.005924 0.305000 -0.157869 0.014269 -0.987357 0.000000
-0.033174 0.006402 0.294000 0.727470 0.615723 -0.302776 0.000000
-0.026351 0.006424 0.295000 0.434001 -0.699413 0.567860 0.000000
0.040754 0.006620 0.304000 -0.264409 0.055100 -0.962835 0.000000
-0.032594 0.007118 0.295000 0.620667 0.669368 -0.408311 0.000000
0.032082 0.007479 0.310000 -0.016830 0.125819 -0.991910 0.000000
0.038609 0.007335 0.304000 -0.233070 0.005790 -0.972443 0.000000
-0.034675 0.007811 0.295000 0.647063 0.596878 -0.474391 0.000000
0.029799 0.008182 0.309000 0.112268 0.154846 -0.981539 0.000000
0.036825 0.008129 0.307000 -0.233070 0.005790 -0.972443 0.000000
0.044043 0.008129 0.307000 -0.491555 0.136440 -0.860092 0.000000
-0.031340 0.008736 0.303000 0.769021 0.456371 -0.447585 0.000000
0.037894 0.008764 0.304000 -0.295597 0.049630 -0.954023 0.000000
-0.037322 0.009167 0.294000 0.564904 0.504325 -0.653100 0.000000
-0.031444 0.009479 0.304000 0.691432 0.601951 -0.399472 0.000000
0.039907 0.009448 0.303000 -0.354979 0.077172 -0.931684 0.000000
-0.036631 0.009859 0.294000 0.723877 0.508631 -0.466150 0.000000
-0.031032 0.010295 0.307000 0.631757 0.700683 -0.331552 0.000000
0.036944 0.010328 0.308000 -0.414237 0.116769 -0.902648 0.000000
0.043756 0.010228 0.305000 -0.443710 0.124829 -0.887434 0.000000
-0.034211 0.010658 0.297000 0.690543 0.456230 -0.561252 0.000000
0.012830 0.010299 0.287000 -0.681557 -0.318926 0.658610 0.000000
0.021216 0.011160 0.311000 0.685110 0.252500 -0.683278 0.000000
0.042183 0.010909 0.304000 -0.443710 0.124829 -0.887434 0.000000
-0.035368 0.011280 0.295000 0.656858 0.535303 -0.531026 0.000000
-0.029877 0.011853 0.310000 0.375058 0.560028 -0.738715 0.000000
0.012875 0.011012 0.288000 -0.682032 -0.406625 0.607856 0.000000
0.038144 0.011700 0.306000 -0.414237 0.116769 -0.902648 0.000000
0.045783 0.011815 0.309000 -0.520504 0.155530 -0.839575 0.000000
-0.034211 0.012054 0.297000 0.688546 0.469969 -0.552299 0.000000
0.002033 0.011648 0.287000 -0.084828 -0.620518 0.779591 0.000000
0.008751 0.011608 0.286000 -0.365427 -0.573771 0.732973 0.000000
0.016341 0.012257 0.302000 -0.778088 -0.194636 0.597240 0.000000
0.041468 0.012338 0.304000 -0.520504 0.155530 -0.839575 0.000000
-0.037449 0.012667 0.295000 0.810359 0.401541 -0.426712 0.000000
-0.031754 0.013182 0.307000 0.746529 0.569012 -0.344848 0.000000
0.002061 0.012495 0.291000 -0.225329 -0.141168 0.964001 0.000000
0.010919 0.012452 0.290000 -0.516840 -0.531893 0.670795 0.000000
0.039453 0.013096 0.305000 -0.391549 0.145393 -0.908598 0.000000
-0.039664 0.013406 0.296000 0.834159 0.390812 -0.389159 0.000000
-0.033257 0.013632 0.301000 0.821741 0.312337 -0.476641 0.000000
-0.004732 0.013043 0.288000 0.157400 -0.258645 0.953063 0.000000
0.012579 0.013451 0.297000 -0.598333 -0.396680 0.696163 0.000000
0.040888 0.013813 0.305000 -0.230994 0.131191 -0.964070 0.000000
-0.038272 0.014102 0.296000 0.859549 0.337454 -0.383798 0.000000
-0.032158 0.014483 0.304000 0.782491 0.500066 -0.371001 0.000000
0.008219 0.013864 0.291000 -0.541974 -0.358092 0.760285 0.000000
0.015942 0.014674 0.308000 0.679175 0.129245 -0.722508 0.000000
0.043900 0.014578 0.306000 -0.164698 0.119513 -0.979077 0.000000
-0.035488 0.014798 0.296000 0.795773 0.390813 -0.462613 0.000000
-0.002030 0.014448 0.289000 -0.159672 0.068687 0.984778 0.000000
0.011107 0.014748 0.295000 -0.722635 -0.021685 0.690889 0.000000
0.039583 0.015298 0.306000 -0.035456 0.137095 -0.989923 0.000000
-0.038968 0.015494 0.296000 0.832513 0.385062 -0.398307 0.000000
-0.032549 0.015756 0.301000 0.829948 0.356229 -0.429288 0.000000
-0.004055 0.015075 0.288000 0.011810 0.035580 0.999297 0.000000
0.003441 0.015284 0.292000 -0.324922 0.155016 0.932950 0.000000
0.012664 0.015651 0.299000 -0.714375 0.471197 0.517342 0.000000
0.042183 0.015913 0.304000 -0.035456 0.137095 -0.989923 0.000000
-0.035488 0.016190 0.296000 0.795773 0.390813 -0.462613 0.000000
-0.008887 0.015916 0.291000 0.482404 -0.194565 0.854067 0.000000
-0.002023 0.015752 0.288000 -0.079386 0.250617 0.964826 0.000000
0.004798 0.015916 0.291000 -0.422351 0.192655 0.885722 0.000000
0.041468 0.016627 0.304000 0.100247 0.152130 -0.983263 0.000000
-0.034792 0.016886 0.296000 0.744770 0.419365 -0.519087 0.000000
-0.008146 0.016487 0.289000 0.490300 -0.140920 0.860086 0.000000
-0.001342 0.016372 0.287000 -0.016351 0.242693 0.969965 0.000000
0.005482 0.016601 0.291000 -0.399527 0.342281 0.850425 0.000000
0.043613 0.017342 0.304000 0.100247 0.152130 -0.983263 0.000000
-0.033626 0.017701 0.298000 0.811335 0.354573 -0.464773 0.000000
-0.010326 0.017404 0.293000 0.575203 -0.174119 0.799264 0.000000
-0.003354 0.016988 0.286000 0.180653 0.159473 0.970532 0.000000
0.003418 0.017225 0.290000 -0.358822 0.474789 0.803631 0.000000
0.039244 0.018354 0.309000 0.019474 0.276782 -0.960735 0.000000
-0.034792 0.018278 0.296000 0.790714 0.397748 -0.465368 0.000000
-0.010326 0.018093 0.293000 0.551742 -0.183729 0.813526 0.000000
-0.003354 0.017660 0.286000 0.258566 0.124321 0.957960 0.000000
0.003406 0.017846 0.289000 -0.360465 0.440084 0.822430 0.000000
0.041022 0.018895 0.306000 0.084035 0.159757 -0.983573 0.000000
-0.033588 0.019487 0.304000 0.811156 0.482444 -0.330567 0.000000
-0.004716 0.018397 0.287000 0.494968 -0.008772 0.868867 0.000000
0.037304 0.019935 0.311000 -0.081318 0.169086 -0.982241 0.000000
-0.036306 0.019736 0.297000 0.854678 0.343587 -0.389195 0.000000
-0.004716 0.019072 0.287000 0.498700 -0.014893 0.866647 0.000000
0.042014 0.020467 0.308000 -0.696420 -0.456707 0.553549 0.000000
0.028804 0.021604 0.314000 0.306029 -0.432974 -0.847868 0.000000
0.040566 0.021192 0.308000 -0.591919 -0.475972 0.650448 0.000000
-0.036918 0.021489 0.302000 0.972854 0.093692 -0.211604 0.000000
0.033756 0.022200 0.312000 0.126115 0.172630 -0.976880 0.000000
0.040697 0.021987 0.309000 -0.811029 -0.556518 0.180334 0.000000
0.028070 0.022493 0.306000 -0.444662 0.783571 0.433927 0.000000
0.035381 0.022567 0.307000 -0.636257 -0.566119 0.524105 0.000000
-0.038338 0.022909 0.302000 0.935072 -0.272192 0.227052 0.000000
0.027612 0.022833 0.301000 -0.396138 0.741232 0.541895 0.000000
0.035266 0.023213 0.306000 -0.616014 -0.624687 0.479887 0.000000
-0.037287 0.024323 0.311000 0.735664 -0.323506 0.595099 0.000000
0.026725 0.023385 0.299000 -0.509019 0.584579 0.631797 0.000000
0.034433 0.023854 0.305000 -0.720644 -0.583699 0.374123 0.000000
-0.037406 0.025135 0.312000 0.686425 -0.225752 0.691272 0.000000
0.024451 0.023927 0.297000 -0.524246 0.567514 0.634897 0.000000
0.031858 0.024249 0.301000 -0.726995 0.188923 0.660142 0.000000
-0.038846 0.025371 0.306000 0.812514 -0.423846 0.400221 0.000000
0.019431 0.024459 0.295000 -0.428387 0.628047 0.649647 0.000000
0.026457 0.024542 0.296000 -0.559177 0.474791 0.679628 0.000000
0.034433 0.025288 0.305000 -0.764011 -0.442661 0.469402 0.000000
-0.037025 0.026858 0.315000 0.651318 -0.288651 0.701759 0.000000
0.017982 0.025067 0.294000 -0.460424 0.590904 0.662452 0.000000
0.024980 0.025153 0.295000 -0.571975 0.424879 0.701657 0.000000
0.032782 0.025835 0.303000 -0.731862 0.017258 0.681234 0.000000
-0.037025 0.027599 0.315000 0.679051 -0.293456 0.672884 0.000000
0.014328 0.025408 0.290000 -0.498782 0.660393 0.561335 0.000000
0.021439 0.025759 0.294000 -0.464307 0.528802 0.710484 0.000000
0.028641 0.026022 0.297000 -0.643564 0.240324 0.726684 0.000000
0.037784 0.027599 0.315000 -0.617497 -0.132890 0.775266 0.000000
-0.026402 0.028070 0.312000 -0.494514 -0.520599 -0.696013 0.000000
0.010768 0.025730 0.286000 -0.231640 0.729747 0.643282 0.000000
0.019233 0.026270 0.292000 -0.501448 0.457952 0.734050 0.000000
0.026368 0.026540 0.295000 -0.647563 0.229608 0.726597 0.000000
0.034885 0.027800 0.309000 -0.720149 -0.102321 0.686233 0.000000
-0.035544 0.029080 0.315000 0.716742 -0.373625 0.588800 0.000000
0.003382 0.026495 0.287000 0.188810 0.231232 0.954402 0.000000
0.010060 0.026311 0.285000 -0.194348 0.706209 0.680806 0.000000
0.018483 0.026864 0.291000 -0.478177 0.465300 0.744878 0.000000
0.025674 0.027234 0.295000 -0.674353 0.229859 0.701721 0.000000
0.034158 0.028526 0.309000 -0.763076 -0.062435 0.643286 0.000000
-0.036054 0.029631 0.313000 0.716742 -0.373625 0.588800 0.000000
-0.028603 0.029537 0.312000 -0.524501 -0.280103 -0.804016 0.000000
-0.004749 0.027359 0.289000 0.411377 0.059572 0.909517 0.000000
0.002033 0.027170 0.287000 0.321438 0.234500 0.917435 0.000000
0.008659 0.026791 0.283000 0.130783 0.527533 0.839408 0.000000
0.016205 0.027170 0.287000 -0.611382 0.569308 0.549636 0.000000
0.023513 0.027833 0.294000 -0.633901 0.197410 0.747796 0.000000
0.031254 0.028590 0.302000 -0.785286 -0.064094 0.615807 0.000000
-0.037406 0.030270 0.312000 0.807548 -0.408952 0.425000 0.000000
-0.029974 0.030173 0.311000 0.621823 0.073442 0.779706 0.000000
-0.022005 0.029300 0.302000 0.554730 0.373846 0.743313 0.000000
-0.014558 0.028621 0.295000 0.560356 -0.016997 0.828078 0.000000
-0.007493 0.028136 0.290000 0.571569 0.007348 0.820521 0.000000
-0.000669 0.027942 0.288000 0.427937 0.157206 0.890032 0.000000
0.006018 0.027554 0.284000 0.283213 0.509597 0.812466 0.000000
0.012607 0.027360 0.282000 -0.293195 0.485571 0.823564 0.000000
0.019852 0.028233 0.291000 -0.594431 0.366902 0.715566 0.000000
0.027245 0.028815 0.297000 -0.688631 0.043774 0.723789 0.000000
0.046518 0.033666 0.347000 -0.918140 0.284909 0.275402 0.000000
-0.031234 0.030706 0.309000 0.668103 0.006200 0.744043 0.000000
-0.021932 0.029911 0.301000 0.554730 0.373846 0.743313 0.000000
-0.014608 0.029414 0.296000 0.549521 -0.102434 0.829177 0.000000
-0.007493 0.028818 0.290000 0.563741 0.036982 0.825123 0.000000
-0.000667 0.028520 0.287000 0.426868 0.167275 0.888709 0.000000
0.006018 0.028222 0.284000 0.283213 0.509597 0.812466 0.000000
0.012562 0.027924 0.281000 -0.266673 0.302638 0.915039 0.000000
0.019784 0.028818 0.290000 -0.710762 0.183644 0.679038 0.000000
0.027336 0.029613 0.298000 -0.698447 -0.030249 0.715022 0.000000
-0.039372 0.032145 0.316000 0.818919 -0.371815 0.437180 0.000000
-0.028772 0.031127 0.306000 0.744834 0.299217 0.596399 0.000000
-0.021154 0.030517 0.300000 0.460222 0.232507 0.856817 0.000000
-0.013865 0.030008 0.295000 0.568739 -0.095391 0.816968 0.000000
-0.006787 0.029398 0.289000 0.550173 0.063134 0.832661 0.000000
0.000008 0.029195 0.287000 0.424293 0.211080 0.880580 0.000000
0.006663 0.028788 0.283000 0.224049 0.501790 0.835469 0.000000
0.013223 0.028584 0.281000 -0.266673 0.302638 0.915039 0.000000
0.020536 0.029601 0.291000 -0.710762 0.183644 0.679038 0.000000
0.028225 0.030517 0.300000 -0.753039 -0.066201 0.654638 0.000000
-0.033522 0.032263 0.310000 0.780341 -0.261174 0.568204 0.000000
-0.025556 0.031431 0.302000 0.559642 0.303459 0.771177 0.000000
-0.018210 0.031014 0.298000 0.524562 -0.056350 0.849505 0.000000
-0.011015 0.030494 0.293000 0.652783 -0.034797 0.756745 0.000000
-0.004055 0.029974 0.288000 0.386986 0.132515 0.912514 0.000000
0.002679 0.029557 0.284000 0.426270 0.416418 0.803050 0.000000
0.009919 0.029245 0.281000 -0.055105 0.330679 0.942133 0.000000
0.016762 0.029661 0.285000 -0.715183 0.093859 0.692606 0.000000
0.024451 0.030910 0.297000 -0.678098 -0.039777 0.733894 0.000000
0.032493 0.031951 0.307000 -0.854360 -0.020878 0.519263 0.000000
-0.028396 0.032141 0.302000 0.667350 0.225979 0.709632 0.000000
-0.021083 0.031821 0.299000 0.383568 -0.035122 0.922845 0.000000
-0.013912 0.031502 0.296000 0.512872 -0.178125 0.839782 0.000000
-0.006787 0.030757 0.289000 0.559184 0.028759 0.828545 0.000000
0.000008 0.030331 0.285000 0.465557 0.160298 0.870380 0.000000
0.006639 0.030012 0.282000 0.224723 0.442335 0.868239 0.000000
0.013270 0.030012 0.282000 -0.388843 0.070896 0.918572 0.000000
0.020536 0.030970 0.291000 -0.741957 0.067248 0.667067 0.000000
0.028225 0.031928 0.300000 -0.753729 -0.089464 0.651068 0.000000
-0.033414 0.033612 0.309000 0.780341 -0.261174 0.568204 0.000000
-0.025302 0.032524 0.299000 0.474164 0.088204 0.876007 0.000000
-0.018210 0.032416 0.298000 0.435801 -0.142281 0.888726 0.000000
-0.011053 0.031981 0.294000 0.648532 -0.129584 0.750077 0.000000
-0.004041 0.031219 0.287000 0.416401 0.109337 0.902583 0.000000
0.002670 0.030784 0.283000 0.419533 0.436935 0.795663 0.000000
0.009258 0.030566 0.281000 -0.010723 0.259078 0.965797 0.000000
0.016035 0.030893 0.284000 -0.701524 0.024047 0.712240 0.000000
0.023673 0.032198 0.296000 -0.715643 -0.052488 0.696492 0.000000
0.031461 0.033068 0.304000 -0.789257 -0.088525 0.607649 0.000000
-0.028208 0.033339 0.300000 0.604440 0.001277 0.796649 0.000000
-0.020942 0.033005 0.297000 0.379885 -0.142461 0.913998 0.000000
-0.013912 0.032894 0.296000 0.566686 -0.188496 0.802083 0.000000
-0.006764 0.032005 0.288000 0.505983 -0.024586 0.862193 0.000000
0.000008 0.031672 0.285000 0.593307 0.174248 0.785891 0.000000
0.006592 0.031116 0.280000 0.119807 0.251365 0.960449 0.000000
0.013270 0.031338 0.282000 -0.444198 0.067809 0.893359 0.000000
0.020536 0.032339 0.291000 -0.750990 -0.081681 0.655242 0.000000
0.028225 0.033339 0.300000 -0.785224 0.029359 0.618515 0.000000
-0.033522 0.035179 0.310000 0.784298 -0.163579 0.598431 0.000000
-0.025386 0.034044 0.300000 0.439094 -0.140036 0.887460 0.000000
-0.018149 0.033704 0.297000 0.436432 -0.164948 0.884488 0.000000
-0.011053 0.033363 0.294000 0.646648 -0.162112 0.745363 0.000000
-0.004041 0.032569 0.287000 0.465363 -0.045558 0.883946 0.000000
0.002660 0.032001 0.282000 0.534747 0.257919 0.804689 0.000000
0.009258 0.031888 0.281000 -0.113903 0.079959 0.990269 0.000000
0.016035 0.032228 0.284000 -0.628305 -0.229519 0.743340 0.000000
0.023673 0.033590 0.296000 -0.684616 -0.098970 0.722153 0.000000
0.031461 0.034498 0.304000 -0.801498 0.022044 0.597591 0.000000
-0.029915 0.035097 0.303000 0.737562 -0.140676 0.660464 0.000000
-0.022490 0.034634 0.299000 0.321203 -0.149465 0.935141 0.000000
-0.015356 0.034402 0.297000 0.478247 -0.266029 0.836964 0.000000
-0.008175 0.033591 0.290000 0.591353 -0.130751 0.795742 0.000000
-0.001332 0.033012 0.285000 0.524775 0.108707 0.844271 0.000000
0.005275 0.032433 0.280000 0.107269 0.207182 0.972404 0.000000
0.011986 0.032780 0.283000 -0.416309 0.024193 0.908901 0.000000
0.019036 0.033475 0.289000 -0.707949 -0.260154 0.656603 0.000000
0.026725 0.034634 0.299000 -0.707313 0.092411 0.700834 0.000000
0.035562 0.036487 0.315000 -0.739402 0.257752 0.621971 0.000000
-0.027065 0.035809 0.303000 0.615279 -0.209715 0.759902 0.000000
-0.019677 0.035337 0.299000 0.383401 -0.200266 0.901608 0.000000
-0.012477 0.034864 0.295000 0.644604 -0.234615 0.727628 0.000000
-0.005409 0.034037 0.288000 0.433536 -0.171601 0.884647 0.000000
0.001344 0.033564 0.284000 0.615163 0.148249 0.774336 0.000000
0.007937 0.033209 0.281000 -0.126004 0.082959 0.988555 0.000000
0.014803 0.033800 0.286000 -0.613738 -0.388558 0.687276 0.000000
0.022055 0.034628 0.293000 -0.698402 -0.020673 0.715407 0.000000
0.029834 0.035691 0.302000 -0.807005 0.236138 0.541278 0.000000
-0.033005 0.037607 0.312000 0.777442 -0.117718 0.617840 0.000000
-0.024846 0.036401 0.302000 0.519110 -0.222290 0.825295 0.000000
-0.017568 0.036040 0.299000 0.404617 -0.246616 0.880605 0.000000
-0.010291 0.035196 0.292000 0.626998 -0.268218 0.731391 0.000000
-0.003366 0.034593 0.287000 0.428082 -0.220301 0.876478 0.000000
0.003335 0.034111 0.283000 0.498434 0.084922 0.862758 0.000000
0.009990 0.034111 0.283000 -0.348210 -0.203113 0.915148 0.000000
0.016938 0.034714 0.288000 -0.665647 -0.371972 0.646955 0.000000
0.024451 0.035799 0.297000 -0.580353 0.188249 0.792309 0.000000
0.032387 0.036884 0.306000 -0.805595 0.268960 0.527898 0.000000
-0.031335 0.038095 0.310000 0.766988 -0.124490 0.629469 0.000000
-0.023425 0.037112 0.302000 0.390746 -0.286203 0.874875 0.000000
-0.016162 0.036743 0.299000 0.387971 -0.225048 0.893774 0.000000
-0.008887 0.035760 0.291000 0.583404 -0.309865 0.750749 0.000000
-0.002016 0.035268 0.287000 0.485451 -0.356893 0.798101 0.000000
0.004633 0.034531 0.281000 0.267024 -0.008117 0.963656 0.000000
0.011361 0.034900 0.284000 -0.502499 -0.372803 0.780073 0.000000
0.018420 0.035637 0.290000 -0.624329 -0.333186 0.706541 0.000000
0.025935 0.036620 0.298000 -0.570856 0.222323 0.790377 0.000000
0.034158 0.037972 0.309000 -0.817509 0.327452 0.473765 0.000000
-0.031436 0.038949 0.311000 0.734806 -0.104981 0.670104 0.000000
-0.023503 0.037947 0.303000 0.426287 -0.353835 0.832515 0.000000
-0.016216 0.037571 0.300000 0.382974 -0.248211 0.889788 0.000000
-0.008887 0.036444 0.291000 0.544984 -0.380057 0.747362 0.000000
-0.002023 0.036068 0.288000 0.395563 -0.385214 0.833751 0.000000
0.004633 0.035192 0.281000 0.332719 -0.117832 0.935636 0.000000
0.011361 0.035567 0.284000 -0.517369 -0.381434 0.766053 0.000000
0.018420 0.036319 0.290000 -0.559671 -0.262568 0.786019 0.000000
0.025848 0.037195 0.297000 -0.502680 0.240544 0.830332 0.000000
0.034048 0.038573 0.308000 -0.817960 0.351269 0.455578 0.000000
0.044265 0.039951 0.319000 -0.662036 0.527068 0.532830 0.000000
-0.031436 0.039680 0.311000 0.741362 -0.076978 0.666676 0.000000
-0.023503 0.038659 0.303000 0.454016 -0.337188 0.824727 0.000000
-0.016216 0.038277 0.300000 0.371021 -0.289961 0.882194 0.000000
-0.008887 0.037128 0.291000 0.523845 -0.441671 0.728364 0.000000
-0.002030 0.036873 0.289000 0.440050 -0.424212 0.791455 0.000000
0.004617 0.035725 0.280000 0.321494 -0.155967 0.933979 0.000000
0.011401 0.036363 0.285000 -0.563675 -0.470946 0.678587 0.000000
0.018483 0.037128 0.291000 -0.452025 -0.213282 0.866132 0.000000
0.025848 0.037894 0.297000 -0.440776 0.365308 0.819919 0.000000
0.033937 0.039170 0.307000 -0.819100 0.353191 0.452031 0.000000
0.042630 0.040573 0.318000 -0.662036 0.527068 0.532830 0.000000
-0.028144 0.039892 0.307000 0.745806 -0.140636 0.651149 0.000000
-0.020517 0.039112 0.301000 0.443786 -0.162760 0.881228 0.000000
-0.013260 0.038592 0.297000 0.510884 -0.281205 0.812356 0.000000
-0.006150 0.037813 0.291000 0.449011 -0.578319 0.681129 0.000000
0.000683 0.037293 0.287000 0.617522 -0.409942 0.671278 0.000000
0.007224 0.036253 0.279000 -0.036992 -0.193606 0.980382 0.000000
0.014279 0.037553 0.289000 -0.596429 -0.383074 0.705355 0.000000
0.021439 0.038202 0.294000 -0.496758 0.031307 0.867324 0.000000
0.028738 0.038722 0.298000 -0.570864 0.403404 0.715108 0.000000
0.037544 0.040671 0.313000 -0.658174 0.603183 0.450531 0.000000
-0.039924 0.044053 0.333000 0.888212 -0.045111 0.457214 0.000000
-0.026614 0.040481 0.306000 0.705503 -0.138209 0.695100 0.000000
-0.019165 0.039952 0.302000 0.372715 -0.084060 0.924130 0.000000
-0.011784 0.039026 0.295000 0.552672 -0.394153 0.734301 0.000000
-0.004781 0.038497 0.291000 0.370098 -0.606275 0.703888 0.000000
0.002026 0.037835 0.286000 0.584757 -0.515267 0.626545 0.000000
0.008598 0.037174 0.281000 -0.291703 -0.432931 0.852924 0.000000
0.015746 0.038497 0.291000 -0.562425 -0.214044 0.798663 0.000000
0.022822 0.038894 0.294000 -0.535037 0.201963 0.820333 0.000000
0.030342 0.039687 0.300000 -0.657410 0.489192 0.573152 0.000000
0.039141 0.041540 0.314000 -0.661077 0.535617 0.525445 0.000000
-0.030804 0.042009 0.312000 0.862921 -0.009591 0.505248 0.000000
-0.022640 0.040528 0.301000 0.536209 0.050412 0.842579 0.000000
-0.015511 0.040393 0.300000 0.267187 -0.139989 0.953423 0.000000
-0.008287 0.039585 0.294000 0.363786 -0.536364 0.761560 0.000000
-0.001365 0.039316 0.292000 0.412615 -0.637820 0.650335 0.000000
0.005275 0.037700 0.280000 0.134468 -0.365409 0.921083 0.000000
0.012198 0.038777 0.288000 -0.565943 -0.394004 0.724202 0.000000
0.019365 0.039585 0.294000 -0.429299 0.156937 0.889423 0.000000
0.026278 0.039585 0.294000 0.309189 -0.592414 -0.743941 0.000000
0.034659 0.041335 0.307000 -0.729827 0.571097 0.375766 0.000000
0.042969 0.042412 0.315000 -0.610394 0.619197 0.493978 0.000000
-0.027423 0.042057 0.307000 0.709476 0.031468 0.704026 0.000000
-0.019743 0.041098 0.300000 -0.184472 -0.229187 -0.955742 0.000000
-0.012562 0.040687 0.297000 0.371229 -0.327534 0.868856 0.000000
-0.005541 0.040413 0.295000 0.291201 -0.613229 0.734270 0.000000
0.001367 0.039591 0.289000 0.479576 -0.586808 0.652429 0.000000
0.007965 0.038632 0.282000 -0.182952 -0.475811 0.860310 0.000000
0.015062 0.039865 0.291000 -0.551464 -0.194133 0.811295 0.000000
0.022206 0.040413 0.295000 -0.422904 0.234204 0.875386 0.000000
0.029340 0.040687 0.297000 0.478155 -0.580183 -0.659360 0.000000
0.038036 0.042605 0.311000 -0.622413 0.654074 0.429872 0.000000
0.045932 0.043153 0.315000 0.526410 -0.752752 -0.395295 0.000000
-0.028144 0.042779 0.307000 0.764757 0.066793 0.640848 0.000000
-0.020380 0.041664 0.299000 -0.197781 -0.202593 -0.959082 0.000000
-0.013350 0.041664 0.299000 0.318629 -0.231474 0.919182 0.000000
-0.006235 0.041107 0.295000 0.289299 -0.603420 0.743095 0.000000
0.000693 0.040550 0.291000 0.497202 -0.628063 0.598604 0.000000
0.007302 0.039295 0.282000 -0.014840 -0.591322 0.806299 0.000000
0.014378 0.040550 0.291000 -0.486730 -0.093629 0.868520 0.000000
0.021512 0.041107 0.295000 -0.426218 0.208652 0.880229 0.000000
0.028449 0.041107 0.295000 0.293002 -0.739661 -0.605848 0.000000
0.037064 0.043058 0.309000 -0.642834 0.644107 0.414597 0.000000
0.045048 0.043755 0.314000 0.526410 -0.752752 -0.395295 0.000000
-0.028960 0.043643 0.308000 0.782784 0.050515 0.620240 0.000000
-0.019038 0.042509 0.300000 -0.154207 -0.218304 -0.963620 0.000000
-0.011864 0.042084 0.297000 0.301962 -0.280670 0.911067 0.000000
-0.004864 0.041942 0.296000 0.259222 -0.587237 0.766783 0.000000
0.002047 0.040950 0.289000 0.462581 -0.629065 0.624737 0.000000
0.008689 0.040242 0.284000 -0.305003 -0.546046 0.780261 0.000000
0.015800 0.041376 0.292000 -0.440241 0.107129 0.891466 0.000000
0.022822 0.041659 0.294000 0.148713 -0.616190 -0.773430 0.000000
0.029836 0.041801 0.295000 0.426943 -0.734516 -0.527452 0.000000
0.038393 0.043643 0.308000 0.583318 -0.707928 -0.398220 0.000000
0.046672 0.044635 0.315000 0.514970 -0.754456 -0.406941 0.000000
-0.026440 0.043791 0.304000 0.666037 0.147652 0.731159 0.000000
-0.016921 0.043215 0.300000 0.024417 -0.104900 -0.994183 0.000000
-0.009769 0.042782 0.297000 0.315454 -0.490800 0.812160 0.000000
-0.002776 0.042638 0.296000 0.378932 -0.596912 0.707182 0.000000
0.004029 0.041054 0.285000 0.492204 -0.647026 0.582316 0.000000
0.010843 0.041486 0.288000 -0.522762 -0.355513 0.774810 0.000000
0.017982 0.042350 0.294000 -0.385085 0.103821 0.917023 0.000000
0.024726 0.042062 0.292000 -0.001776 -0.723129 -0.690710 0.000000
0.032241 0.042926 0.298000 -0.605302 0.655493 0.451595 0.000000
0.040566 0.044367 0.308000 0.553620 -0.727701 -0.404916 0.000000
-0.033851 0.046848 0.320000 0.874257 0.068492 0.480607 0.000000
-0.018271 0.043774 0.299000 0.077423 -0.171527 -0.982132 0.000000
-0.011203 0.043627 0.298000 0.178809 -0.369399 0.911905 0.000000
-0.004182 0.043481 0.297000 0.289023 -0.566385 0.771799 0.000000
0.002726 0.042310 0.289000 0.469517 -0.620007 0.628606 0.000000
0.009423 0.041870 0.286000 -0.295861 -0.301655 0.906350 0.000000
0.016487 0.042749 0.292000 -0.438419 0.168352 0.882863 0.000000
0.023433 0.042895 0.293000 0.044643 -0.741212 -0.669785 0.000000
0.030219 0.042749 0.292000 0.303481 -0.808235 -0.504634 0.000000
0.039712 0.044945 0.307000 0.558450 -0.731398 -0.391396 0.000000
0.048001 0.045970 0.314000 0.494620 -0.762204 -0.417607 0.000000
-0.020176 0.044030 0.296000 -0.175901 -0.241714 -0.954271 0.000000
-0.013394 0.044625 0.300000 -0.092374 0.108608 -0.989783 0.000000
-0.006277 0.044179 0.297000 0.256784 -0.559605 0.787975 0.000000
0.000700 0.043733 0.294000 0.446957 -0.568636 0.690567 0.000000
0.007432 0.042692 0.287000 0.308487 -0.533889 0.787273 0.000000
0.014328 0.043138 0.290000 0.268703 -0.386179 -0.882420 0.000000
0.021366 0.043584 0.293000 0.130337 -0.644411 -0.753490 0.000000
0.027966 0.043138 0.290000 -0.017631 -0.778679 -0.627175 0.000000
0.036105 0.044774 0.301000 -0.672144 0.652883 0.349238 0.000000
0.045048 0.046708 0.314000 0.514970 -0.754456 -0.406941 0.000000
-0.027244 0.046086 0.305000 0.785156 0.214278 0.581046 0.000000
-0.014147 0.045482 0.301000 0.019663 0.024668 -0.999502 0.000000
-0.006999 0.045029 0.298000 0.225260 -0.511721 0.829096 0.000000
0.000008 0.044575 0.295000 0.432306 -0.566122 0.701867 0.000000
0.006780 0.043518 0.288000 0.444486 -0.554838 0.703269 0.000000
0.013646 0.043820 0.290000 0.200614 -0.429593 -0.880457 0.000000
0.020607 0.044122 0.292000 0.127775 -0.645860 -0.752688 0.000000
0.027190 0.043669 0.289000 -0.042326 -0.750764 -0.659213 0.000000
0.035162 0.045180 0.299000 -0.644217 0.678047 0.353888 0.000000
0.043886 0.046993 0.311000 0.489631 -0.772903 -0.403588 0.000000
-0.031638 0.048031 0.313000 0.842361 0.155311 0.516049 0.000000
-0.018210 0.045729 0.298000 0.089123 -0.088047 -0.992121 0.000000
-0.011241 0.045883 0.299000 0.100899 -0.279362 0.954870 0.000000
-0.004196 0.045729 0.298000 0.264912 -0.585257 0.766352 0.000000
0.002755 0.044809 0.292000 0.554391 -0.528459 0.642947 0.000000
0.009522 0.044348 0.289000 -0.010108 -0.579129 -0.815173 0.000000
0.016374 0.044502 0.290000 0.181639 -0.598777 -0.780047 0.000000
0.023273 0.044655 0.291000 -0.111133 -0.688235 -0.716925 0.000000
0.029805 0.044195 0.288000 -0.043662 -0.787965 -0.614170 0.000000
0.038482 0.046497 0.303000 0.585535 -0.743486 -0.323074 0.000000
0.046811 0.047724 0.311000 0.489631 -0.772903 -0.403588 0.000000
-0.031537 0.048611 0.312000 0.842361 0.155311 0.516049 0.000000
-0.020176 0.046118 0.296000 0.130607 -0.146197 -0.980596 0.000000
-0.013439 0.046897 0.301000 0.104966 0.268521 -0.957538 0.000000
-0.006298 0.046430 0.298000 0.222792 -0.556809 0.800204 0.000000
0.000704 0.046118 0.296000 0.460789 -0.538559 0.705427 0.000000
0.007509 0.045184 0.290000 0.278174 -0.433439 0.857176 0.000000
0.014279 0.045028 0.289000 0.118331 -0.595457 -0.794625 0.000000
0.021147 0.045184 0.290000 0.074320 -0.764806 -0.639960 0.000000
0.028352 0.044716 0.287000 -0.042326 -0.750764 -0.659213 0.000000
0.036323 0.046274 0.297000 -0.624910 0.708657 0.327554 0.000000
0.045348 0.048455 0.311000 0.489631 -0.772903 -0.403588 0.000000
-0.034063 0.049819 0.315000 0.848435 0.146078 0.508744 0.000000
-0.024763 0.047605 0.301000 0.635404 0.294821 0.713682 0.000000
-0.017509 0.047131 0.298000 0.268565 0.046211 -0.962152 0.000000
-0.009834 0.047289 0.299000 0.093248 -0.399752 0.911868 0.000000
-0.002794 0.047131 0.298000 0.318459 -0.590837 0.741280 0.000000
0.004128 0.046182 0.292000 0.614015 -0.490610 0.618294 0.000000
0.010881 0.045707 0.289000 -0.124904 -0.658365 -0.742263 0.000000
0.017615 0.045549 0.288000 0.197149 -0.772456 -0.603693 0.000000
0.027002 0.045391 0.287000 -0.034996 -0.773808 -0.632453 0.000000
0.034339 0.046182 0.292000 0.503366 -0.719077 -0.479114 0.000000
0.043321 0.048554 0.307000 0.505661 -0.780616 -0.367349 0.000000
-0.036400 0.050721 0.316000 0.850938 0.108753 0.513884 0.000000
-0.027869 0.048794 0.304000 0.781404 0.220416 0.583802 0.000000
-0.020244 0.047671 0.297000 0.238822 -0.045667 -0.969989 0.000000
-0.013439 0.048313 0.301000 -0.303275 -0.407320 0.861461 0.000000
-0.004896 0.047831 0.298000 0.248012 -0.571750 0.782043 0.000000
0.002089 0.047350 0.295000 0.546670 -0.503587 0.668993 0.000000
0.008842 0.046387 0.289000 0.337805 -0.137594 0.931104 0.000000
0.015476 0.045905 0.286000 -0.008255 -0.800679 -0.599036 0.000000
0.023710 0.046226 0.288000 -0.010913 -0.828100 -0.560474 0.000000
0.030271 0.045905 0.286000 0.123596 -0.799102 -0.588353 0.000000
0.041468 0.048794 0.304000 0.523511 -0.778892 -0.345346 0.000000
-0.038006 0.051626 0.317000 0.885495 0.156196 0.437608 0.000000
-0.028678 0.049672 0.305000 0.787587 0.222099 0.574786 0.000000
-0.020942 0.048369 0.297000 0.167916 -0.004493 -0.985791 0.000000
-0.014147 0.049021 0.301000 0.461742 0.233289 -0.855786 0.000000
-0.004210 0.048695 0.299000 0.273719 -0.636304 0.721246 0.000000
0.002792 0.048206 0.296000 0.542406 -0.493682 0.679761 0.000000
0.009489 0.046904 0.288000 -0.315035 -0.388108 -0.866098 0.000000
0.016092 0.046415 0.285000 0.085385 -0.893905 -0.440049 0.000000
0.023710 0.046904 0.288000 -0.010913 -0.828100 -0.560474 0.000000
0.030271 0.046578 0.286000 0.123596 -0.799102 -0.588353 0.000000
0.039512 0.048858 0.300000 0.572306 -0.764651 -0.296268 0.000000
0.047032 0.049346 0.303000 0.484892 -0.793606 -0.367518 0.000000
-0.031032 0.050720 0.307000 0.818928 0.194985 0.539757 0.000000
-0.023193 0.049398 0.299000 -0.438436 -0.197171 -0.876868 0.000000
-0.016108 0.049233 0.298000 0.320917 0.185734 -0.928717 0.000000
-0.005654 0.049729 0.301000 0.166513 -0.691688 0.702738 0.000000
0.001410 0.049233 0.298000 0.520844 -0.528681 0.670237 0.000000
0.008163 0.047746 0.289000 -0.680030 -0.034721 -0.732362 0.000000
0.014700 0.046920 0.284000 -0.098753 -0.855538 -0.508235 0.000000
0.021528 0.047250 0.286000 0.075736 -0.858996 -0.506350 0.000000
0.028253 0.047250 0.286000 0.012539 -0.837540 -0.546232 0.000000
0.036772 0.048737 0.295000 0.585009 -0.724618 -0.364271 0.000000
0.045043 0.050224 0.304000 0.484892 -0.793606 -0.367518 0.000000
-0.033522 0.051944 0.310000 0.841303 0.188574 0.506605 0.000000
-0.025386 0.050269 0.300000 0.634553 0.042720 0.771698 0.000000
-0.018149 0.049766 0.297000 0.382967 0.172961 -0.907425 0.000000
-0.011391 0.050771 0.303000 -0.270858 -0.504449 0.819858 0.000000
-0.004252 0.050604 0.302000 0.205973 -0.684441 0.699368 0.000000
0.002802 0.049766 0.297000 0.539178 -0.500020 0.677693 0.000000
0.009456 0.048090 0.287000 -0.394254 -0.532485 -0.749015 0.000000
0.015979 0.047420 0.283000 0.017888 -0.891098 -0.453457 0.000000
0.022873 0.047923 0.286000 0.032533 -0.875299 -0.482487 0.000000
0.029598 0.047923 0.286000 0.118895 -0.828335 -0.547472 0.000000
0.048297 0.050604 0.302000 0.498358 -0.793487 -0.349311 0.000000
-0.030211 0.051994 0.306000 0.797887 0.189545 0.572232 0.000000
-0.022414 0.050634 0.298000 0.013452 -0.165913 0.986049 0.000000
-0.015511 0.050974 0.300000 0.430417 0.282719 -0.857211 0.000000
-0.008626 0.051994 0.306000 -0.144190 -0.486170 0.861886 0.000000
-0.001412 0.051314 0.302000 0.419193 -0.631473 0.652318 0.000000
0.005558 0.050125 0.295000 0.693529 -0.334239 0.638202 0.000000
0.011986 0.048086 0.283000 -0.342095 -0.694233 -0.633255 0.000000
0.018575 0.047916 0.282000 0.096787 -0.908060 -0.407504 0.000000
0.025653 0.048765 0.287000 0.034739 -0.838685 -0.543508 0.000000
0.032288 0.048595 0.286000 0.227042 -0.812395 -0.537090 0.000000
0.047587 0.051314 0.302000 0.498358 -0.793487 -0.349311 0.000000
-0.031032 0.052885 0.307000 0.810597 0.180192 0.557193 0.000000
-0.023115 0.051335 0.298000 0.148594 -0.191184 0.970241 0.000000
-0.016162 0.051507 0.299000 0.476170 0.264714 -0.838563 0.000000
-0.009345 0.052713 0.306000 0.262344 0.355817 -0.896978 0.000000
-0.002136 0.052369 0.304000 0.262289 -0.555459 0.789094 0.000000
0.004881 0.050990 0.296000 0.587889 -0.454188 0.669402 0.000000
0.011321 0.048751 0.283000 -0.313472 -0.671728 -0.671206 0.000000
0.017785 0.048234 0.280000 -0.007731 -0.964182 -0.265128 0.000000
0.024978 0.049440 0.287000 0.015693 -0.837916 -0.545574 0.000000
0.044598 0.051852 0.301000 0.509405 -0.787031 -0.347978 0.000000
-0.034361 0.054306 0.311000 0.841303 0.188574 0.506605 0.000000
-0.026092 0.052385 0.300000 0.657866 -0.075373 0.749354 0.000000
-0.018911 0.052036 0.298000 -0.291147 -0.314916 0.903361 0.000000
-0.012183 0.053258 0.305000 0.461810 0.272774 -0.843994 0.000000
-0.005044 0.053607 0.307000 -0.102770 -0.560861 0.821507 0.000000
0.002125 0.052385 0.300000 0.547602 -0.575870 0.607047 0.000000
0.008781 0.050115 0.287000 -0.680943 -0.486129 -0.547717 0.000000
0.015640 0.048369 0.277000 0.144110 -0.977132 -0.156350 0.000000
0.024218 0.049940 0.286000 0.047371 -0.854226 -0.517739 0.000000
-0.031032 0.054329 0.307000 0.792602 0.108035 0.600092 0.000000
-0.023038 0.052559 0.297000 -0.044899 -0.332803 0.941927 0.000000
-0.016270 0.053267 0.301000 0.456650 0.306094 -0.835331 0.000000
-0.009376 0.054329 0.307000 0.280079 0.328081 -0.902175 0.000000
-0.002150 0.054152 0.306000 0.262838 -0.504147 0.822649 0.000000
0.004881 0.052383 0.296000 0.674580 -0.363767 0.642351 0.000000
0.011201 0.049551 0.280000 -0.165091 -0.823349 -0.542992 0.000000
0.020491 0.049728 0.281000 0.055140 -0.949625 -0.308499 0.000000
-0.031032 0.055051 0.307000 0.768346 -0.044341 0.638496 0.000000
-0.023038 0.053258 0.297000 -0.055404 -0.341288 0.938324 0.000000
-0.016270 0.053975 0.301000 0.464636 0.324536 -0.823887 0.000000
-0.009376 0.055051 0.307000 0.292833 0.331820 -0.896741 0.000000
-0.002150 0.054872 0.306000 0.262838 -0.504147 0.822649 0.000000
0.004864 0.052899 0.295000 0.679352 -0.334131 0.653328 0.000000
0.011121 0.049851 0.278000 0.648441 -0.751605 0.120886 0.000000
0.020418 0.050209 0.280000 0.055140 -0.949625 -0.308499 0.000000
-0.030113 0.055410 0.305000 0.760602 -0.140307 0.633876 0.000000
-0.022339 0.053956 0.297000 -0.055404 -0.341288 0.938324 0.000000
-0.015614 0.054865 0.302000 0.517799 0.329780 -0.789386 0.000000
-0.008654 0.055773 0.307000 0.260224 0.373526 -0.890371 0.000000
-0.001430 0.055591 0.306000 0.318601 -0.478117 0.818472 0.000000
0.006167 0.052866 0.291000 0.814522 -0.163902 0.556498 0.000000
0.016576 0.049233 0.271000 0.498225 -0.860531 -0.106109 0.000000
-0.028490 0.055759 0.303000 0.660538 -0.325680 0.676478 0.000000
-0.021013 0.054839 0.298000 -0.236742 -0.380018 0.894170 0.000000
-0.014241 0.055759 0.303000 0.473145 0.252341 -0.844072 0.000000
-0.007234 0.056679 0.308000 0.260224 0.373526 -0.890371 0.000000
0.004199 0.054655 0.297000 0.675284 -0.466569 0.571232 0.000000
0.013768 0.048950 0.266000 0.701453 -0.711460 0.042284 0.000000
-0.033738 0.058149 0.312000 0.788863 0.035240 0.613558 0.000000
-0.025217 0.055539 0.298000 0.406919 -0.373557 0.833590 0.000000
-0.018393 0.056098 0.301000 0.392883 0.383953 -0.835597 0.000000
-0.011391 0.056471 0.303000 0.481323 0.193692 -0.854875 0.000000
0.008659 0.052744 0.283000 -0.441931 -0.623010 -0.645412 0.000000
0.016832 0.049389 0.265000 0.594518 -0.801680 -0.062111 0.000000
-0.022490 0.056429 0.299000 -0.136422 -0.431126 0.891919 0.000000
-0.015666 0.057184 0.303000 0.465780 0.308727 -0.829299 0.000000
0.006710 0.053787 0.285000 -0.823126 -0.225247 -0.521274 0.000000
-0.036285 0.060189 0.315000 0.770878 -0.024157 0.636525 0.000000
-0.017034 0.057705 0.302000 0.396482 0.343723 -0.851268 0.000000
-0.010032 0.058278 0.305000 0.324317 0.174745 -0.929668 0.000000
-0.021225 0.058222 0.301000 -0.144382 -0.443168 0.884735 0.000000
-0.014288 0.058802 0.304000 0.426745 0.232362 -0.874012 0.000000
-0.007187 0.059189 0.306000 -0.260224 -0.373526 0.890371 0.000000
-0.015666 0.059321 0.303000 0.447153 0.302247 -0.841844 0.000000
-0.008597 0.059713 0.305000 0.301323 0.250579 -0.920008 0.000000
-0.020585 0.059835 0.302000 -0.170587 -0.455277 0.873855 0.000000
-0.013573 0.060232 0.304000 0.426745 0.232362 -0.874012 0.000000
-0.006467 0.060628 0.306000 -0.258338 -0.350523 0.900219 0.000000
-0.018516 0.060746 0.303000 -0.307486 -0.445994 0.840560 0.000000
-0.011504 0.061347 0.306000 0.374232 0.150925 -0.914971 0.000000
-0.021366 0.061458 0.303000 -0.061329 -0.594405 0.801824 0.000000
