0.024930 -0.047846 0.200000 -0.031068 -0.568645 0.821996 1.000000
0.029930 -0.048324 0.202000 -0.257457 -0.123581 0.958355 1.000000
0.035154 -0.048324 0.202000 0.240233 0.538280 0.807801 1.000000
0.040045 -0.047367 0.198000 -0.008889 -0.852419 0.522784 1.000000
0.026341 -0.047375 0.200000 -0.159646 -0.302528 0.939676 1.000000
0.031510 -0.048086 0.203000 -0.084357 0.174210 0.981089 1.000000
0.036104 -0.047849 0.202000 0.295375 0.298303 0.907617 1.000000
0.040247 -0.047139 0.199000 0.084912 -0.751698 0.654018 1.000000
0.022330 -0.047374 0.202000 0.384884 -0.350627 0.853771 1.000000
0.026946 -0.047140 0.201000 -0.141573 -0.270948 0.952126 1.000000
0.031830 -0.047374 0.202000 -0.011503 0.267231 0.963564 1.000000
0.036398 -0.047140 0.201000 0.323027 -0.024346 0.946077 1.000000
0.040920 -0.046905 0.200000 0.074018 -0.669944 0.738713 1.000000
0.019193 -0.047364 0.204000 0.500932 -0.240475 0.831408 1.000000
0.023755 -0.046899 0.202000 0.220052 -0.308169 0.925532 1.000000
0.028505 -0.046899 0.202000 -0.188941 -0.084094 0.978381 1.000000
0.033254 -0.046899 0.202000 0.091407 0.314554 0.944828 1.000000
0.037628 -0.046435 0.200000 0.169023 -0.165434 0.971629 1.000000
0.042542 -0.046667 0.201000 -0.223832 -0.614803 0.756251 1.000000
0.017444 -0.047344 0.206000 0.571063 -0.312031 0.759292 1.000000
0.021963 -0.046654 0.203000 0.504823 -0.163045 0.847685 1.000000
0.026473 -0.046194 0.201000 -0.038387 -0.136056 0.989957 1.000000
0.031355 -0.046424 0.202000 -0.012900 0.178722 0.983815 1.000000
0.035926 -0.046194 0.201000 0.215769 0.071079 0.973854 1.000000
0.040652 -0.046194 0.201000 -0.006160 -0.515489 0.856874 1.000000
0.045830 -0.046654 0.203000 -0.529516 -0.418837 0.737692 1.000000
0.018323 -0.046632 0.205000 0.502806 -0.147167 0.851780 1.000000
0.022805 -0.045949 0.202000 0.348079 -0.194258 0.917118 1.000000
0.027555 -0.045949 0.202000 -0.199378 -0.021789 0.979680 1.000000
0.032305 -0.045949 0.202000 0.095041 0.242331 0.965527 1.000000
0.036687 -0.045494 0.200000 0.164136 -0.162163 0.973017 1.000000
0.041597 -0.045722 0.201000 -0.188066 -0.567466 0.801632 1.000000
0.047015 -0.046404 0.204000 -0.653010 -0.394211 0.646665 1.000000
0.016475 -0.046375 0.206000 0.671358 -0.276099 0.687785 1.000000
0.021008 -0.045699 0.203000 0.499811 -0.064828 0.863705 1.000000
0.025528 -0.045249 0.201000 0.181187 -0.146797 0.972431 1.000000
0.030405 -0.045474 0.202000 -0.012303 0.160702 0.986926 1.000000
0.034980 -0.045249 0.201000 0.084381 0.156602 0.984051 1.000000
0.039707 -0.045249 0.201000 -0.047768 -0.364400 0.930017 1.000000
0.044654 -0.045474 0.202000 -0.418723 -0.526656 0.739801 1.000000
0.050871 -0.046825 0.208000 -0.507173 -0.390106 0.768501 1.000000
0.017841 -0.045668 0.205000 0.531972 -0.073672 0.843551 1.000000
0.022330 -0.044999 0.202000 0.357870 -0.112754 0.926939 1.000000
0.027080 -0.044999 0.202000 -0.037524 -0.011015 0.999235 1.000000
0.031830 -0.044999 0.202000 0.077121 0.207388 0.975214 1.000000
0.036398 -0.044777 0.201000 0.149419 -0.025033 0.988457 1.000000
0.041329 -0.044999 0.202000 -0.231929 -0.469887 0.851713 1.000000
0.046535 -0.045445 0.204000 -0.548221 -0.414561 0.726356 1.000000
0.052590 -0.046559 0.209000 -0.128239 -0.545045 0.828542 1.000000
0.017841 -0.045186 0.205000 0.547759 -0.043298 0.835515 1.000000
0.022330 -0.044524 0.202000 0.344605 -0.093901 0.934040 1.000000
0.027080 -0.044524 0.202000 -0.002575 0.025110 0.999681 1.000000
0.031672 -0.044304 0.201000 0.066065 0.207992 0.975897 1.000000
0.036398 -0.044304 0.201000 0.069614 0.044313 0.996589 1.000000
0.041329 -0.044524 0.202000 -0.250326 -0.459649 0.852091 1.000000
0.046535 -0.044965 0.204000 -0.548221 -0.414561 0.726356 1.000000
0.052590 -0.046067 0.209000 -0.226138 -0.538856 0.811477 1.000000
0.016475 -0.044922 0.206000 0.705177 -0.075590 0.704991 1.000000
0.021008 -0.044267 0.203000 0.439499 0.005211 0.898228 1.000000
0.025528 -0.043831 0.201000 0.149521 -0.023340 0.988483 1.000000
0.030405 -0.044049 0.202000 0.004543 0.200330 0.979718 1.000000
0.034980 -0.043831 0.201000 0.062207 0.079715 0.994875 1.000000
0.039707 -0.043831 0.201000 -0.236067 -0.429079 0.871874 1.000000
0.044875 -0.044267 0.203000 -0.445770 -0.481629 0.754535 1.000000
0.050871 -0.045358 0.208000 -0.555059 -0.395014 0.732034 1.000000
0.013832 -0.045300 0.210000 0.561836 -0.344943 0.751900 1.000000
0.018234 -0.044006 0.204000 0.539869 0.032631 0.841116 1.000000
0.022805 -0.043574 0.202000 0.290709 -0.073082 0.954017 1.000000
0.027418 -0.043359 0.201000 0.039176 0.027308 0.998859 1.000000
0.032145 -0.043359 0.201000 0.054963 0.155887 0.986245 1.000000
0.036871 -0.043359 0.201000 -0.113365 -0.064196 0.991477 1.000000
0.041804 -0.043574 0.202000 -0.327747 -0.507375 0.796965 1.000000
0.047245 -0.044222 0.205000 -0.594132 -0.425116 0.682850 1.000000
0.053336 -0.045300 0.210000 -0.182382 -0.590676 0.786027 1.000000
0.014258 -0.044593 0.209000 0.653286 -0.242405 0.717257 1.000000
0.018714 -0.043526 0.204000 0.505149 0.035607 0.862297 1.000000
0.023280 -0.043099 0.202000 0.280007 -0.033873 0.959400 1.000000
0.027891 -0.042886 0.201000 0.015569 0.081776 0.996529 1.000000
0.032617 -0.042886 0.201000 0.065203 0.097828 0.993065 1.000000
0.037344 -0.042886 0.201000 -0.148463 -0.155349 0.976640 1.000000
0.042279 -0.043099 0.202000 -0.357207 -0.517932 0.777271 1.000000
0.047960 -0.043953 0.206000 -0.629529 -0.440202 0.640246 1.000000
0.054086 -0.045020 0.211000 -0.284629 -0.599766 0.747842 1.000000
0.012906 -0.044524 0.211000 0.606743 -0.411219 0.680266 1.000000
0.017359 -0.043257 0.205000 0.665502 -0.027490 0.745890 1.000000
0.021855 -0.042624 0.202000 0.345634 -0.071005 0.935679 1.000000
0.026473 -0.042413 0.201000 0.149075 -0.014123 0.988725 1.000000
0.031199 -0.042413 0.201000 0.015518 0.140292 0.989989 1.000000
0.035926 -0.042413 0.201000 -0.027372 -0.073141 0.996946 1.000000
0.040854 -0.042624 0.202000 -0.284419 -0.450934 0.846029 1.000000
0.046281 -0.043257 0.205000 -0.484124 -0.512232 0.709396 1.000000
0.052099 -0.044102 0.209000 -0.408638 -0.519738 0.750258 1.000000
0.058377 -0.045157 0.214000 -0.359004 -0.808981 0.465474 1.000000
0.014190 -0.043401 0.208000 0.712991 -0.167997 0.680750 1.000000
0.018714 -0.042567 0.204000 0.515160 -0.007757 0.857059 1.000000
0.023280 -0.042149 0.202000 0.265671 -0.036836 0.963360 1.000000
0.027891 -0.041941 0.201000 0.073492 0.073086 0.994614 1.000000
0.032455 -0.041732 0.200000 0.021127 0.078112 0.996721 1.000000
0.037344 -0.041941 0.201000 -0.243117 -0.278721 0.929090 1.000000
0.042488 -0.042358 0.203000 -0.373900 -0.559940 0.739368 1.000000
0.047960 -0.042984 0.206000 -0.591964 -0.484015 0.644444 1.000000
0.054086 -0.044027 0.211000 -0.325421 -0.622395 0.711846 1.000000
0.060167 -0.044862 0.215000 -0.215577 -0.883737 0.415373 1.000000
0.014190 -0.042912 0.208000 0.756643 -0.118569 0.642987 1.000000
0.018714 -0.042087 0.204000 0.510502 -0.008401 0.859836 1.000000
0.023280 -0.041674 0.202000 0.291643 -0.067619 0.954134 1.000000
0.027891 -0.041468 0.201000 0.073492 0.073086 0.994614 1.000000
0.032617 -0.041468 0.201000 0.018998 0.083499 0.996327 1.000000
0.037529 -0.041674 0.202000 -0.282979 -0.320398 0.904029 1.000000
0.042488 -0.041881 0.203000 -0.365301 -0.573034 0.733612 1.000000
0.048193 -0.042706 0.207000 -0.565273 -0.490182 0.663466 1.000000
0.054086 -0.043531 0.211000 -0.320824 -0.656804 0.682407 1.000000
0.060726 -0.044769 0.217000 0.010362 0.895300 -0.445342 1.000000
0.013275 -0.042627 0.209000 0.727485 -0.251776 0.638259 1.000000
0.017754 -0.041607 0.204000 0.587053 -0.074319 0.806130 1.000000
0.022330 -0.041199 0.202000 0.348410 -0.097784 0.932228 1.000000
0.026946 -0.040996 0.201000 0.136613 -0.006908 0.990600 1.000000
0.031672 -0.040996 0.201000 -0.011027 0.105184 0.994392 1.000000
0.036398 -0.040996 0.201000 -0.182565 -0.261390 0.947811 1.000000
0.041534 -0.041403 0.203000 -0.392183 -0.560840 0.729144 1.000000
0.046991 -0.042015 0.206000 -0.495126 -0.612789 0.615906 1.000000
0.052842 -0.042831 0.210000 -0.435929 -0.615243 0.656842 1.000000
0.059706 -0.044259 0.217000 -0.377082 -0.823236 0.424373 1.000000
0.013338 -0.042337 0.210000 0.729714 -0.322144 0.603109 1.000000
0.017754 -0.041128 0.204000 0.581471 -0.078010 0.809818 1.000000
0.022440 -0.040926 0.203000 0.351725 -0.096910 0.931073 1.000000
0.026946 -0.040523 0.201000 0.152500 0.000713 0.988303 1.000000
0.031672 -0.040523 0.201000 -0.011027 0.105184 0.994392 1.000000
0.036398 -0.040523 0.201000 -0.212979 -0.260605 0.941661 1.000000
0.041738 -0.041128 0.204000 -0.336879 -0.686155 0.644752 1.000000
0.046991 -0.041531 0.206000 -0.495126 -0.612789 0.615906 1.000000
0.053093 -0.042539 0.211000 -0.419218 -0.629426 0.654278 1.000000
0.059981 -0.043950 0.218000 -0.251809 -0.840009 0.480600 1.000000
0.012845 -0.041844 0.210000 0.740559 -0.383737 0.551650 1.000000
0.017359 -0.040847 0.205000 0.650707 -0.109845 0.751342 1.000000
0.021963 -0.040449 0.203000 0.360815 -0.108357 0.926321 1.000000
0.026473 -0.040050 0.201000 0.179705 -0.079685 0.980488 1.000000
0.031199 -0.040050 0.201000 -0.006092 0.080012 0.996775 1.000000
0.035926 -0.040050 0.201000 -0.173559 -0.214585 0.961161 1.000000
0.041259 -0.040648 0.204000 -0.365800 -0.688985 0.625691 1.000000
0.046733 -0.041246 0.207000 -0.423649 -0.730467 0.535667 1.000000
0.052597 -0.042043 0.211000 -0.430543 -0.652547 0.623550 1.000000
0.059468 -0.043438 0.218000 -0.377578 -0.829064 0.412416 1.000000
0.012410 -0.041547 0.211000 0.724965 -0.496937 0.476948 1.000000
0.016959 -0.040562 0.206000 0.668627 -0.131673 0.731847 1.000000
0.021486 -0.039971 0.203000 0.392803 -0.123716 0.911263 1.000000
0.026000 -0.039578 0.201000 0.190736 -0.089534 0.977550 1.000000
0.030727 -0.039578 0.201000 0.009818 0.059665 0.998170 1.000000
0.035453 -0.039578 0.201000 -0.131971 -0.170134 0.976544 1.000000
0.040979 -0.040365 0.205000 -0.349504 -0.711576 0.609514 1.000000
0.046246 -0.040759 0.207000 -0.402156 -0.780205 0.479115 1.000000
0.052101 -0.041547 0.211000 -0.526297 -0.622492 0.579236 1.000000
0.058685 -0.042728 0.217000 -0.383237 -0.835998 0.392729 1.000000
0.011471 -0.041245 0.212000 0.695241 -0.510562 0.505931 1.000000
0.016068 -0.040272 0.207000 0.761338 -0.156996 0.629060 1.000000
0.020531 -0.039494 0.203000 0.440717 -0.132238 0.887852 1.000000
0.025180 -0.039300 0.202000 0.227509 -0.101100 0.968514 1.000000
0.029781 -0.039105 0.201000 0.046728 0.023828 0.998623 1.000000
0.034679 -0.039300 0.202000 -0.097870 -0.134833 0.986023 1.000000
0.040015 -0.039883 0.205000 -0.400176 -0.662607 0.633097 1.000000
0.045491 -0.040467 0.208000 -0.341035 -0.832122 0.437343 1.000000
0.051109 -0.041051 0.211000 -0.488815 -0.725864 0.483922 1.000000
0.057399 -0.042023 0.216000 -0.446827 -0.799819 0.400793 1.000000
0.010164 -0.041515 0.216000 0.657173 -0.703304 0.271084 1.000000
0.014820 -0.040362 0.210000 0.834993 -0.249586 0.490402 1.000000
0.019193 -0.039209 0.204000 0.518134 -0.162187 0.839781 1.000000
0.023872 -0.039017 0.203000 0.289703 -0.091300 0.952752 1.000000
0.042068 -0.039978 0.208000 -0.266091 -0.892259 0.364787 1.000000
0.047676 -0.040170 0.209000 -0.290918 -0.847283 0.444385 1.000000
0.053597 -0.040939 0.213000 -0.465495 -0.707837 0.531302 1.000000
0.006915 -0.042906 0.226000 -0.140531 0.809802 -0.569625 1.000000
0.011580 -0.040628 0.214000 0.692280 -0.612355 0.381798 1.000000
0.016224 -0.039679 0.209000 0.797168 -0.219357 0.562499 1.000000
0.041978 -0.039868 0.210000 -0.143098 -0.951555 0.272151 1.000000
0.046916 -0.039868 0.210000 -0.244949 -0.867862 0.432222 1.000000
0.052595 -0.040438 0.213000 -0.454728 -0.752762 0.475996 1.000000
0.058956 -0.041387 0.218000 -0.388985 -0.822160 0.415625 1.000000
0.009318 -0.041250 0.220000 0.470101 -0.807089 0.357230 1.000000
0.014030 -0.039937 0.213000 0.757642 -0.519983 0.394456 1.000000
0.041880 -0.039750 0.212000 -0.028108 -0.969716 0.242612 1.000000
0.046644 -0.039562 0.211000 -0.179237 -0.907736 0.379328 1.000000
0.052339 -0.040125 0.214000 -0.417221 -0.802904 0.425759 1.000000
0.058443 -0.040875 0.218000 -0.395097 -0.830933 0.391725 1.000000
0.009360 -0.040917 0.221000 0.404106 -0.879609 0.250970 1.000000
0.014162 -0.039807 0.215000 0.707014 -0.632175 0.316996 1.000000
0.045369 -0.039251 0.212000 -0.095804 -0.942460 0.320298 1.000000
0.051067 -0.039807 0.215000 -0.383029 -0.832522 0.400245 1.000000
0.056905 -0.040362 0.218000 -0.460885 -0.780931 0.421584 1.000000
0.008920 -0.040763 0.223000 0.353515 -0.883094 0.308499 1.000000
0.013783 -0.039667 0.217000 0.641587 -0.722754 0.256890 1.000000
0.048816 -0.039118 0.214000 -0.220656 -0.911314 0.347589 1.000000
0.054855 -0.039849 0.218000 -0.474421 -0.792610 0.383007 1.000000
0.007446 -0.040780 0.226000 -0.098903 0.857892 -0.504221 1.000000
0.012365 -0.039517 0.219000 0.626135 -0.739998 0.245679 1.000000
0.049780 -0.038976 0.216000 -0.244699 -0.909263 0.336694 1.000000
0.055875 -0.039698 0.220000 -0.462323 -0.732822 0.499229 1.000000
0.007978 -0.040249 0.226000 -0.178082 0.893457 -0.412336 1.000000
0.012998 -0.039358 0.221000 0.495116 -0.843441 0.208487 1.000000
0.053289 -0.039180 0.220000 -0.484496 -0.651801 0.583454 1.000000
0.010014 -0.039366 0.224000 0.376444 -0.876796 0.299196 1.000000
0.015213 -0.039190 0.223000 0.438335 -0.877491 0.194608 1.000000
0.009572 -0.039186 0.226000 0.281360 -0.866657 0.411998 1.000000
0.014820 -0.039013 0.225000 0.571793 -0.698760 0.429869 1.000000
0.010148 -0.038826 0.227000 -0.289979 0.800963 -0.523804 1.000000
0.015554 -0.038997 0.228000 -0.575043 0.585665 -0.571247 1.000000
0.011853 -0.038629 0.229000 -0.385988 0.665762 -0.638572 1.000000
0.009741 -0.038257 0.230000 -0.238638 0.660803 -0.711612 1.000000
0.008735 -0.038044 0.232000 -0.083727 0.543598 -0.835159 1.000000
0.034564 -0.030051 0.207000 -0.056109 -0.056007 0.996853 2.000000
0.044581 -0.030922 0.213000 -0.643722 0.195106 0.739970 2.000000
0.033591 -0.029564 0.207000 -0.061605 -0.057839 0.996423 2.000000
0.038458 -0.029564 0.207000 0.237796 -0.222931 -0.945386 2.000000
0.045294 -0.030564 0.214000 -0.626894 0.255004 0.736191 2.000000
0.052442 -0.031849 0.223000 -0.606427 0.063903 0.792567 2.000000
0.033104 -0.029077 0.207000 -0.045533 -0.040271 0.998151 2.000000
0.037972 -0.029077 0.207000 0.102069 -0.125362 -0.986847 2.000000
0.043874 -0.029780 0.212000 0.556663 -0.392163 -0.732349 2.000000
0.050472 -0.030763 0.219000 -0.659443 0.274999 0.699650 2.000000
0.024317 -0.029143 0.211000 -0.506758 -0.117291 -0.854072 2.000000
0.028723 -0.028591 0.207000 -0.308209 -0.241579 -0.920134 2.000000
0.033591 -0.028591 0.207000 -0.045533 -0.040271 0.998151 2.000000
0.038458 -0.028591 0.207000 0.203295 -0.248425 -0.947078 2.000000
0.044372 -0.029281 0.212000 0.556663 -0.392163 -0.732349 2.000000
0.050987 -0.030248 0.219000 -0.620838 0.365481 0.693530 2.000000
0.023821 -0.028647 0.211000 -0.509932 -0.125153 -0.851062 2.000000
0.028237 -0.028104 0.207000 -0.310511 -0.214855 -0.925970 2.000000
0.033104 -0.028104 0.207000 -0.045533 -0.040271 0.998151 2.000000
0.037972 -0.028104 0.207000 0.102069 -0.125362 -0.986847 2.000000
0.043667 -0.028647 0.211000 0.522337 -0.418872 -0.742772 2.000000
0.050011 -0.029462 0.217000 -0.617768 0.396169 0.679274 2.000000
0.009281 -0.030953 0.232000 0.035708 -0.207554 -0.977572 2.000000
0.017618 -0.028551 0.214000 0.637256 0.067999 0.767646 2.000000
0.024317 -0.028151 0.211000 -0.507284 -0.119154 -0.853502 2.000000
0.028723 -0.027617 0.207000 -0.281866 -0.171521 -0.943998 2.000000
0.033591 -0.027617 0.207000 -0.043387 0.004978 0.999046 2.000000
0.038458 -0.027617 0.207000 0.147620 -0.212074 -0.966040 2.000000
0.044163 -0.028151 0.211000 0.522337 -0.418872 -0.742772 2.000000
0.050521 -0.028951 0.217000 0.537739 -0.545846 -0.642565 2.000000
0.057162 -0.029752 0.223000 -0.584537 0.088595 0.806515 2.000000
0.016689 -0.028179 0.215000 0.720718 0.078781 0.688737 2.000000
0.021340 -0.027655 0.211000 -0.515653 -0.142960 -0.844787 2.000000
0.026052 -0.027393 0.209000 -0.465456 -0.151449 -0.872017 2.000000
0.030522 -0.026999 0.206000 0.071720 0.045858 0.996370 2.000000
0.035710 -0.027261 0.208000 -0.093894 -0.002514 0.995579 2.000000
0.040600 -0.027261 0.208000 0.331171 -0.410653 -0.849523 2.000000
0.046585 -0.027917 0.213000 0.510407 -0.506957 -0.694607 2.000000
0.053047 -0.028703 0.219000 0.592775 -0.421874 -0.686032 2.000000
0.010729 -0.029347 0.228000 -0.535033 -0.246237 -0.808150 2.000000
0.015243 -0.027802 0.216000 0.734240 0.130975 0.666136 2.000000
0.019946 -0.027287 0.212000 -0.512151 -0.194592 -0.836561 2.000000
0.024696 -0.027030 0.210000 -0.511956 -0.141528 -0.847273 2.000000
0.029210 -0.026644 0.207000 -0.187100 -0.090072 -0.978203 2.000000
0.034242 -0.026772 0.208000 0.059544 -0.005009 -0.998213 2.000000
0.039133 -0.026772 0.208000 0.246372 -0.330306 -0.911152 2.000000
0.044659 -0.027158 0.211000 0.530275 -0.430278 -0.730526 2.000000
0.051031 -0.027931 0.217000 0.465903 -0.641323 -0.609622 2.000000
0.057427 -0.028574 0.222000 -0.640500 0.124869 0.757738 2.000000
0.013395 -0.027673 0.219000 0.783649 0.241716 0.572248 2.000000
0.018037 -0.026915 0.213000 0.618485 0.178560 0.765240 2.000000
0.022829 -0.026662 0.211000 -0.508016 -0.131159 -0.851303 2.000000
0.027263 -0.026157 0.207000 -0.421447 -0.113567 -0.899714 2.000000
0.032131 -0.026157 0.207000 -0.047332 0.035450 0.998250 2.000000
0.037177 -0.026283 0.208000 0.057347 -0.105911 -0.992721 2.000000
0.042270 -0.026410 0.209000 0.423601 -0.379709 -0.822425 2.000000
0.048313 -0.027041 0.214000 0.487872 -0.571237 -0.660053 2.000000
0.054592 -0.027673 0.219000 0.570811 -0.412101 -0.710174 2.000000
0.011166 -0.028026 0.226000 0.788822 0.308898 0.531359 2.000000
0.015751 -0.026786 0.216000 0.734240 0.130975 0.666136 2.000000
0.020348 -0.026166 0.211000 -0.486405 -0.206000 -0.849102 2.000000
0.025069 -0.025918 0.209000 -0.495351 -0.160008 -0.853830 2.000000
0.029697 -0.025670 0.207000 -0.107039 -0.060126 -0.992435 2.000000
0.034731 -0.025794 0.208000 0.063098 -0.088012 -0.994119 2.000000
0.039622 -0.025794 0.208000 0.264051 -0.423219 -0.866697 2.000000
0.045155 -0.026166 0.211000 0.512875 -0.439055 -0.737693 2.000000
0.051304 -0.026786 0.216000 0.485975 -0.611411 -0.624503 2.000000
0.057688 -0.027406 0.221000 -0.651836 0.186707 0.735017 2.000000
0.012478 -0.026887 0.221000 0.763451 0.418740 0.491731 2.000000
0.017115 -0.026035 0.214000 0.694476 0.103980 0.711963 2.000000
0.021836 -0.025670 0.211000 -0.496519 -0.183591 -0.848389 2.000000
0.026417 -0.025305 0.208000 -0.492945 -0.101144 -0.864161 2.000000
0.031157 -0.025183 0.207000 0.043669 0.038235 0.998314 2.000000
0.036199 -0.025305 0.208000 0.014599 -0.186024 -0.982437 2.000000
0.041090 -0.025305 0.208000 0.315415 -0.409653 -0.855978 2.000000
0.046865 -0.025792 0.212000 0.506970 -0.489337 -0.709599 2.000000
0.052828 -0.026278 0.216000 0.479286 -0.615155 -0.625995 2.000000
0.008773 -0.027799 0.233000 0.210828 -0.285911 -0.934776 2.000000
0.013395 -0.026128 0.219000 0.784875 0.307586 0.537924 2.000000
0.018037 -0.025413 0.213000 0.661598 0.168463 0.730691 2.000000
0.022829 -0.025174 0.211000 -0.499016 -0.168008 -0.850151 2.000000
0.027395 -0.024816 0.208000 0.369737 0.030438 0.928638 2.000000
0.032131 -0.024697 0.207000 -0.043540 -0.164512 -0.985414 2.000000
0.036998 -0.024697 0.207000 -0.005948 -0.287355 -0.957806 2.000000
0.042068 -0.024816 0.208000 0.410882 -0.398518 -0.819976 2.000000
0.048087 -0.025413 0.213000 0.474957 -0.549671 -0.687225 2.000000
0.053844 -0.025770 0.216000 0.479286 -0.615155 -0.625995 2.000000
0.008773 -0.027251 0.233000 0.228832 -0.292533 -0.928472 2.000000
0.013395 -0.025613 0.219000 0.784875 0.307586 0.537924 2.000000
0.018037 -0.024912 0.213000 0.661598 0.168463 0.730691 2.000000
0.022720 -0.024561 0.210000 -0.481195 -0.210812 -0.850887 2.000000
0.027395 -0.024327 0.208000 -0.380916 -0.047141 -0.923407 2.000000
0.032131 -0.024210 0.207000 -0.043076 -0.203179 -0.978194 2.000000
0.036998 -0.024210 0.207000 -0.027728 -0.376600 -0.925961 2.000000
0.042068 -0.024327 0.208000 0.404776 -0.379832 -0.831796 2.000000
0.048087 -0.024912 0.213000 0.474957 -0.549671 -0.687225 2.000000
0.009281 -0.026588 0.232000 0.218029 -0.335605 -0.916424 2.000000
0.014359 -0.024984 0.218000 -0.707134 -0.238867 -0.665511 2.000000
0.019038 -0.024411 0.213000 0.620890 0.147505 0.769894 2.000000
0.023708 -0.024067 0.210000 -0.515347 -0.194925 -0.834519 2.000000
0.028237 -0.023723 0.207000 0.218567 0.036701 0.975132 2.000000
0.033104 -0.023723 0.207000 -0.029587 -0.236623 -0.971151 2.000000
0.037972 -0.023723 0.207000 -0.008738 -0.481433 -0.876439 2.000000
0.010193 -0.025594 0.228000 -0.355193 -0.602265 -0.714923 2.000000
0.014804 -0.024359 0.217000 -0.716827 -0.283313 -0.637097 2.000000
0.019539 -0.023910 0.213000 -0.620994 -0.223537 -0.751264 2.000000
0.024087 -0.023461 0.209000 -0.459511 -0.198623 -0.865678 2.000000
0.028723 -0.023236 0.207000 0.213225 0.047744 0.975836 2.000000
0.033591 -0.023236 0.207000 -0.046714 -0.292383 -0.955160 2.000000
0.008735 -0.025497 0.232000 0.156268 -0.380181 -0.911615 2.000000
0.013395 -0.024069 0.219000 -0.724933 -0.403945 -0.557943 2.000000
0.018121 -0.023519 0.214000 0.678275 0.184896 0.711165 2.000000
0.023708 -0.023079 0.210000 -0.509065 -0.200347 -0.837087 2.000000
0.030670 -0.022750 0.207000 -0.225410 -0.069789 -0.971761 2.000000
0.009201 -0.024737 0.230000 -0.022787 -0.452245 -0.891603 2.000000
0.014359 -0.023446 0.218000 -0.670380 -0.374920 -0.640333 2.000000
0.019038 -0.022908 0.213000 -0.617795 -0.294587 -0.729074 2.000000
0.011904 -0.023144 0.220000 -0.720630 -0.522160 -0.456115 2.000000
0.016767 -0.022723 0.216000 -0.705128 -0.290434 -0.646872 2.000000
0.014804 -0.022318 0.217000 -0.603305 -0.473571 -0.641680 2.000000
0.015751 -0.021707 0.216000 -0.642359 -0.456270 -0.615787 2.000000
0.047741 -0.075498 0.201000 0.130601 0.093590 0.987008 0.000000
0.045129 -0.075398 0.202000 0.025371 -0.041473 0.998817 0.000000
0.049632 -0.075025 0.201000 0.172380 0.094538 0.980483 0.000000
0.038376 -0.073810 0.199000 -0.162654 0.089992 0.982571 0.000000
0.043960 -0.074552 0.201000 -0.126608 -0.044100 0.990972 0.000000
0.048687 -0.074552 0.201000 0.171888 0.092737 0.980742 0.000000
0.035855 -0.072974 0.198000 -0.113181 0.768585 -0.629656 0.000000
0.040920 -0.073711 0.200000 -0.371919 -0.064145 0.926046 0.000000
0.045851 -0.074080 0.201000 0.075160 -0.006017 0.997153 0.000000
0.051266 -0.073711 0.200000 0.228056 0.025496 0.973314 0.000000
0.037717 -0.072508 0.198000 -0.106995 0.032581 0.993726 0.000000
0.043488 -0.073607 0.201000 -0.116112 -0.087878 0.989341 0.000000
0.049385 -0.073241 0.200000 0.234619 0.014887 0.971973 0.000000
0.032925 -0.072771 0.200000 -0.220013 0.835462 -0.503585 0.000000
0.042070 -0.073134 0.201000 -0.319143 -0.091365 0.943292 0.000000
0.047034 -0.072771 0.200000 0.230271 -0.025999 0.972779 0.000000
0.054088 -0.072771 0.200000 0.200566 0.108133 0.973694 0.000000
0.033396 -0.072300 0.200000 -0.342041 0.757456 -0.556118 0.000000
0.038648 -0.071577 0.198000 -0.278258 -0.040239 0.959663 0.000000
0.044433 -0.072662 0.201000 -0.048462 -0.049182 0.997613 0.000000
0.048670 -0.071939 0.199000 0.237021 -0.100658 0.966276 0.000000
0.054088 -0.072300 0.200000 0.238983 0.106243 0.965194 0.000000
0.028980 -0.072548 0.202000 0.143909 0.848644 -0.509012 0.000000
0.035389 -0.071112 0.198000 -0.235235 0.689399 -0.685123 0.000000
0.043271 -0.071830 0.200000 -0.163902 -0.089083 0.982446 0.000000
0.048670 -0.071471 0.199000 0.270740 -0.114655 0.955800 0.000000
0.053349 -0.071471 0.199000 0.219621 0.103188 0.970113 0.000000
0.024930 -0.071360 0.200000 0.166191 0.725146 -0.668240 0.000000
0.031672 -0.071717 0.201000 -0.160588 0.889490 -0.427806 0.000000
0.036137 -0.070289 0.197000 -0.229774 0.576558 -0.784082 0.000000
0.043742 -0.071360 0.200000 -0.035052 -0.081991 0.996016 0.000000
0.049822 -0.070646 0.198000 0.240361 -0.033150 0.970117 0.000000
0.055028 -0.071360 0.200000 0.234461 0.109632 0.965924 0.000000
0.022579 -0.070889 0.200000 0.106000 0.634150 -0.765909 0.000000
0.027418 -0.071244 0.201000 0.173774 0.819176 -0.546582 0.000000
0.032145 -0.071244 0.201000 -0.291167 0.828914 -0.477622 0.000000
0.036137 -0.069826 0.197000 -0.225078 0.534702 -0.814514 0.000000
0.041651 -0.070535 0.199000 -0.340584 -0.115794 0.933056 0.000000
0.047504 -0.070889 0.200000 0.181918 -0.103612 0.977840 0.000000
0.052414 -0.070535 0.199000 0.226776 0.048640 0.972732 0.000000
0.021747 -0.070771 0.201000 0.092581 0.638063 -0.764398 0.000000
0.026341 -0.070419 0.200000 0.142954 0.767655 -0.624716 0.000000
0.031355 -0.071123 0.202000 -0.182438 0.847195 -0.498977 0.000000
0.035389 -0.069715 0.198000 -0.336631 0.610197 -0.717175 0.000000
0.040715 -0.070067 0.199000 -0.368723 -0.235456 0.899224 0.000000
0.045851 -0.070771 0.201000 0.038753 -0.079645 0.996070 0.000000
0.050753 -0.069715 0.198000 0.233688 0.008313 0.972276 0.000000
0.017444 -0.072047 0.206000 0.030331 0.429686 -0.902469 0.000000
0.024930 -0.069949 0.200000 0.167005 0.671454 -0.721982 0.000000
0.030078 -0.070998 0.203000 0.134232 0.843142 -0.520667 0.000000
0.034164 -0.069599 0.199000 -0.463467 0.580520 -0.669474 0.000000
0.038648 -0.069249 0.198000 0.270757 0.418047 -0.867138 0.000000
0.043960 -0.070299 0.201000 -0.152326 -0.094566 0.983796 0.000000
0.049385 -0.069949 0.200000 -0.333848 0.126534 -0.934096 0.000000
0.053817 -0.069599 0.199000 0.243864 0.066194 0.967548 0.000000
0.022692 -0.069826 0.201000 0.074054 0.666961 -0.741403 0.000000
0.027555 -0.070173 0.202000 0.223839 0.774024 -0.592270 0.000000
0.032305 -0.070173 0.202000 -0.354276 0.759920 -0.544986 0.000000
0.039114 -0.068784 0.198000 -0.307953 -0.324537 0.894338 0.000000
0.045851 -0.069826 0.201000 0.094419 -0.168820 0.981114 0.000000
0.052881 -0.069131 0.199000 0.257202 0.062952 0.964305 0.000000
0.020430 -0.069698 0.202000 -0.118427 0.363433 -0.924062 0.000000
0.025055 -0.069353 0.201000 0.160022 0.625624 -0.763536 0.000000
0.030226 -0.070388 0.204000 0.196555 0.773492 -0.602557 0.000000
0.043488 -0.069353 0.201000 -0.133255 -0.127713 0.982819 0.000000
0.048214 -0.069353 0.201000 -0.264933 0.147767 -0.952877 0.000000
0.053349 -0.068663 0.199000 0.293947 0.084923 0.952042 0.000000
0.021486 -0.069566 0.203000 -0.045015 0.489384 -0.870906 0.000000
0.026130 -0.069223 0.202000 0.256570 0.651403 -0.714035 0.000000
0.031185 -0.069909 0.204000 -0.151674 0.718195 -0.679110 0.000000
0.042070 -0.068881 0.201000 -0.250189 -0.162816 0.954409 0.000000
0.047029 -0.069223 0.202000 0.126342 -0.109596 0.985914 0.000000
0.051266 -0.068538 0.200000 -0.376207 0.114944 -0.919378 0.000000
0.055409 -0.067853 0.198000 -0.506451 -0.120614 -0.853791 0.000000
0.021486 -0.069089 0.203000 0.122429 0.557101 -0.821371 0.000000
0.026259 -0.069089 0.203000 0.268618 0.648764 -0.712004 0.000000
0.031185 -0.069429 0.204000 -0.161357 0.704855 -0.690756 0.000000
0.042542 -0.068408 0.201000 -0.259454 -0.188184 0.947244 0.000000
0.047504 -0.068748 0.202000 -0.186703 0.115497 -0.975604 0.000000
0.051736 -0.068068 0.200000 -0.354990 -0.012763 -0.934783 0.000000
0.055593 -0.067047 0.197000 -0.565559 0.060402 -0.822493 0.000000
0.020531 -0.068611 0.203000 -0.042453 0.276405 -0.960103 0.000000
0.025304 -0.068611 0.203000 0.162866 0.614899 -0.771605 0.000000
0.030374 -0.069287 0.205000 0.068334 0.649070 -0.757653 0.000000
0.041125 -0.067935 0.201000 -0.127960 -0.303559 0.944181 0.000000
0.046079 -0.068273 0.202000 0.035379 0.043985 0.998406 0.000000
0.050577 -0.067935 0.201000 -0.367499 0.073595 -0.927107 0.000000
0.054478 -0.066921 0.198000 -0.534641 -0.002647 -0.845075 0.000000
0.018622 -0.068134 0.203000 0.045009 -0.145063 0.988398 0.000000
0.023510 -0.068470 0.204000 0.114012 0.528381 -0.841317 0.000000
0.028446 -0.068805 0.205000 0.208729 0.634470 -0.744231 0.000000
0.033913 -0.069141 0.206000 -0.341894 0.511711 -0.788201 0.000000
0.042070 -0.067463 0.201000 -0.127960 -0.303559 0.944181 0.000000
0.047504 -0.067798 0.202000 0.146636 0.005239 0.989177 0.000000
0.051736 -0.067127 0.200000 -0.404265 -0.027069 -0.914241 0.000000
0.055593 -0.066120 0.197000 -0.586711 0.182574 -0.788947 0.000000
0.019576 -0.067657 0.203000 0.045009 -0.145063 0.988398 0.000000
0.024470 -0.067990 0.204000 0.090361 0.504703 -0.858551 0.000000
0.029410 -0.068323 0.205000 0.192664 0.572909 -0.796653 0.000000
0.035982 -0.067990 0.204000 -0.473785 0.469217 -0.745227 0.000000
0.040652 -0.066990 0.201000 0.037131 0.348164 -0.936698 0.000000
0.045378 -0.066990 0.201000 0.105707 0.085811 0.990688 0.000000
0.050105 -0.066990 0.201000 0.330530 0.030077 0.943316 0.000000
0.054012 -0.065990 0.198000 -0.556198 0.094927 -0.825610 0.000000
0.057779 -0.064990 0.195000 -0.638852 0.380422 -0.668690 0.000000
0.021112 -0.067510 0.204000 0.179266 0.298713 -0.937355 0.000000
0.026036 -0.067841 0.205000 0.387971 0.324740 -0.862567 0.000000
0.031007 -0.068172 0.206000 -0.230525 0.377307 -0.896938 0.000000
0.035806 -0.067179 0.203000 -0.490833 0.386973 -0.780599 0.000000
0.040652 -0.066518 0.201000 0.018570 0.363150 -0.931546 0.000000
0.045378 -0.066518 0.201000 0.111731 0.144475 0.983180 0.000000
0.049855 -0.066187 0.200000 0.293121 0.237321 0.926152 0.000000
0.054012 -0.065525 0.198000 -0.577758 0.208126 -0.789227 0.000000
0.057779 -0.064532 0.195000 -0.583332 0.398234 -0.707908 0.000000
0.020632 -0.067031 0.204000 0.208737 0.177525 -0.961724 0.000000
0.025554 -0.067359 0.205000 0.294685 0.289215 -0.910777 0.000000
0.030522 -0.067688 0.206000 -0.071968 0.355924 -0.931740 0.000000
0.035502 -0.067031 0.204000 -0.522628 0.289167 -0.802024 0.000000
0.040379 -0.066374 0.202000 -0.185390 0.208794 -0.960227 0.000000
0.044906 -0.066045 0.201000 0.090334 0.185445 0.978494 0.000000
0.049385 -0.065716 0.200000 0.267815 0.233791 0.934675 0.000000
0.053817 -0.065388 0.199000 -0.457935 0.146744 -0.876791 0.000000
0.057321 -0.064073 0.195000 -0.583332 0.398234 -0.707908 0.000000
0.020632 -0.066551 0.204000 0.208737 0.177525 -0.961724 0.000000
0.025554 -0.066877 0.205000 0.339740 0.215658 -0.915461 0.000000
0.030670 -0.067530 0.207000 -0.093582 0.201599 -0.974987 0.000000
0.035023 -0.066551 0.204000 0.440874 0.074671 0.894458 0.000000
0.039429 -0.065899 0.202000 -0.286619 0.164272 -0.943856 0.000000
0.043960 -0.065572 0.201000 0.144933 0.108041 0.983525 0.000000
0.048444 -0.065246 0.200000 0.196754 0.306605 0.931279 0.000000
0.052881 -0.064920 0.199000 -0.427708 0.112319 -0.896911 0.000000
0.056693 -0.063941 0.196000 -0.563277 0.382946 -0.732169 0.000000
0.019576 -0.065747 0.203000 -0.280976 0.083282 0.956094 0.000000
0.024470 -0.066071 0.204000 -0.234216 -0.067501 0.969838 0.000000
0.029697 -0.067043 0.207000 0.100749 0.170404 -0.980210 0.000000
0.034230 -0.066395 0.205000 -0.470322 0.104128 -0.876330 0.000000
0.038479 -0.065424 0.202000 0.276901 0.045852 0.959804 0.000000
0.043015 -0.065100 0.201000 0.231071 0.099477 0.967838 0.000000
0.047504 -0.064776 0.200000 0.191589 0.340325 0.920583 0.000000
0.051946 -0.064452 0.199000 0.267391 0.084457 0.959880 0.000000
0.056056 -0.063804 0.197000 -0.480630 0.391118 -0.784870 0.000000
0.019099 -0.065270 0.203000 -0.280976 0.083282 0.956094 0.000000
0.023990 -0.065592 0.204000 -0.171528 0.064342 0.983076 0.000000
0.029210 -0.066556 0.207000 0.139587 0.079255 -0.987033 0.000000
0.033913 -0.066235 0.206000 -0.440829 0.145549 -0.885711 0.000000
0.038004 -0.064949 0.202000 0.293481 0.282861 0.913158 0.000000
0.042542 -0.064627 0.201000 0.249189 0.096841 0.963601 0.000000
0.047034 -0.064306 0.200000 0.188295 0.337389 0.922341 0.000000
0.051478 -0.063984 0.199000 0.195395 0.137698 0.971010 0.000000
0.055593 -0.063341 0.197000 -0.480630 0.391118 -0.784870 0.000000
0.018055 -0.064474 0.202000 -0.313497 0.307088 0.898564 0.000000
0.022918 -0.064793 0.203000 -0.218304 0.294211 0.930475 0.000000
0.028100 -0.065750 0.206000 -0.303490 0.001024 0.952834 0.000000
0.032944 -0.065750 0.206000 0.307492 0.091868 0.947106 0.000000
0.037054 -0.064474 0.202000 0.338198 0.365616 0.867149 0.000000
0.041804 -0.064474 0.202000 0.189820 0.052620 0.980408 0.000000
0.046093 -0.063835 0.200000 0.205516 0.311440 0.927776 0.000000
0.051478 -0.063516 0.199000 0.169412 0.120267 0.978180 0.000000
0.056340 -0.063197 0.198000 -0.502749 0.395247 -0.768780 0.000000
0.020054 -0.064315 0.203000 -0.254851 0.290430 0.922335 0.000000
0.024949 -0.064632 0.204000 -0.304657 0.237030 0.922497 0.000000
0.030184 -0.065583 0.207000 0.046988 0.057126 0.997261 0.000000
0.034543 -0.064632 0.204000 0.374921 0.442091 0.814855 0.000000
0.038954 -0.063999 0.202000 0.216243 0.246084 0.944818 0.000000
0.043488 -0.063682 0.201000 0.265735 0.198992 0.943285 0.000000
0.047734 -0.063048 0.199000 0.157631 0.178219 0.971283 0.000000
0.055689 -0.063048 0.199000 -0.498459 0.373998 -0.782090 0.000000
0.059458 -0.062098 0.196000 -0.711541 0.321225 -0.624919 0.000000
0.023872 -0.063838 0.203000 -0.207293 0.318300 0.925048 0.000000
0.029069 -0.064782 0.206000 -0.152689 0.276426 0.948828 0.000000
0.033748 -0.064467 0.205000 0.398706 0.458369 0.794312 0.000000
0.038004 -0.063524 0.202000 0.215811 0.339955 0.915345 0.000000
0.043015 -0.063209 0.201000 0.247400 0.237660 0.939314 0.000000
0.047266 -0.062580 0.199000 0.162623 0.182676 0.969630 0.000000
0.057737 -0.062266 0.198000 -0.598645 0.368273 -0.711336 0.000000
0.024827 -0.063361 0.203000 -0.249597 0.400655 0.881576 0.000000
0.030038 -0.064297 0.206000 -0.086387 0.325169 0.941702 0.000000
0.034679 -0.063049 0.202000 0.304138 0.567631 0.765046 0.000000
0.039429 -0.063049 0.202000 0.124975 0.210198 0.969638 0.000000
0.043960 -0.062737 0.201000 0.262843 0.246209 0.932896 0.000000
0.055499 -0.062424 0.200000 -0.257599 0.268420 -0.928220 0.000000
0.022219 -0.062264 0.201000 -0.326936 0.520650 0.788693 0.000000
0.027482 -0.063503 0.205000 -0.268073 0.432154 0.861034 0.000000
0.032302 -0.063503 0.205000 0.330975 0.496006 0.802766 0.000000
0.036398 -0.062264 0.201000 0.152829 0.499188 0.852909 0.000000
0.041329 -0.062574 0.202000 0.210854 0.233510 0.949217 0.000000
0.045395 -0.061644 0.199000 0.101358 0.181428 0.978167 0.000000
0.056439 -0.061954 0.200000 -0.456028 0.376851 -0.806239 0.000000
0.020594 -0.061176 0.199000 -0.368791 0.549061 0.750017 0.000000
0.025782 -0.062406 0.203000 -0.301242 0.485983 0.820411 0.000000
0.030856 -0.063021 0.205000 0.179010 0.544941 0.819142 0.000000
0.034980 -0.061791 0.201000 0.291445 0.575204 0.764330 0.000000
0.039904 -0.062099 0.202000 0.142127 0.336665 0.930837 0.000000
0.044459 -0.061176 0.199000 0.051137 0.273596 0.960484 0.000000
0.049606 -0.061176 0.199000 0.115576 0.073064 0.990608 0.000000
0.000528 -0.067725 0.222000 0.991441 -0.010501 0.130136 0.000000
0.024705 -0.061624 0.202000 -0.262067 0.532283 0.804982 0.000000
0.029746 -0.062234 0.204000 0.055719 0.645443 0.761774 0.000000
0.034035 -0.061319 0.201000 0.280501 0.605074 0.745120 0.000000
0.038761 -0.061319 0.201000 0.065978 0.465150 0.882770 0.000000
0.043742 -0.061014 0.200000 0.107225 0.313859 0.943396 0.000000
0.048202 -0.060708 0.199000 0.147817 -0.011881 0.988943 0.000000
0.054558 -0.061014 0.200000 0.019088 -0.035528 0.999186 0.000000
0.058965 -0.060708 0.199000 -0.582000 0.271542 -0.766512 0.000000
0.011586 -0.059635 0.197000 0.475139 -0.126291 0.870801 0.000000
0.020388 -0.059635 0.197000 -0.316631 0.364847 0.875575 0.000000
0.025655 -0.061149 0.202000 -0.286192 0.555002 0.781068 0.000000
0.030555 -0.061451 0.203000 0.112868 0.673335 0.730672 0.000000
0.036217 -0.060543 0.200000 0.143316 0.563981 0.813257 0.000000
0.041390 -0.060543 0.200000 0.104373 0.528598 0.842431 0.000000
0.045863 -0.060241 0.199000 -0.011700 0.173267 0.984805 0.000000
0.050542 -0.060241 0.199000 0.078042 -0.108861 0.990989 0.000000
0.055499 -0.060543 0.200000 0.085889 -0.060311 0.994478 0.000000
0.059599 -0.059938 0.198000 -0.630593 0.185755 -0.753557 0.000000
0.062633 -0.058424 0.193000 -0.689129 0.254526 -0.678467 0.000000
0.011704 -0.059773 0.199000 0.469474 -0.304295 0.828854 0.000000
0.018252 -0.058271 0.194000 -0.004196 0.147184 0.989100 0.000000
0.025180 -0.060674 0.202000 -0.271796 0.541028 0.795874 0.000000
0.030078 -0.060974 0.203000 0.071293 0.652056 0.754812 0.000000
0.035568 -0.059773 0.199000 0.161088 0.643549 0.748261 0.000000
0.040920 -0.060073 0.200000 0.071758 0.559125 0.825972 0.000000
0.045863 -0.059773 0.199000 -0.030279 0.150713 0.988114 0.000000
0.050542 -0.059773 0.199000 0.078042 -0.108861 0.990989 0.000000
0.055499 -0.060073 0.200000 0.078930 -0.145452 0.986212 0.000000
0.059599 -0.059472 0.198000 -0.605962 0.088551 -0.790550 0.000000
0.062633 -0.057970 0.193000 -0.707734 0.346881 -0.615457 0.000000
0.003677 -0.066457 0.223000 0.995920 -0.033422 0.083826 0.000000
0.013973 -0.059007 0.198000 0.480882 -0.197349 0.854286 0.000000
0.024110 -0.059901 0.201000 -0.296465 0.565819 0.769388 0.000000
0.028980 -0.060199 0.202000 0.041424 0.674804 0.736833 0.000000
0.033396 -0.059603 0.200000 0.252020 0.654037 0.713248 0.000000
0.041183 -0.059305 0.199000 0.013323 0.594609 0.803904 0.000000
0.045863 -0.059305 0.199000 -0.046502 0.084703 0.995321 0.000000
0.050542 -0.059305 0.199000 0.091203 -0.122092 0.988320 0.000000
0.055221 -0.059305 0.199000 0.059291 0.003717 0.998234 0.000000
0.059298 -0.058709 0.197000 -0.679104 0.055171 -0.731966 0.000000
0.062633 -0.057517 0.193000 -0.707734 0.346881 -0.615457 0.000000
0.003677 -0.065933 0.223000 0.995920 -0.033422 0.083826 0.000000
0.012640 -0.058837 0.199000 0.448088 -0.204183 0.870360 0.000000
0.019263 -0.057654 0.195000 -0.185597 0.172914 0.967292 0.000000
0.025055 -0.059428 0.201000 -0.299739 0.550742 0.778999 0.000000
0.029930 -0.059724 0.202000 0.066022 0.658601 0.749590 0.000000
0.034164 -0.058837 0.199000 0.259925 0.665151 0.700010 0.000000
0.041442 -0.058541 0.198000 -0.110411 0.631667 0.767337 0.000000
0.046330 -0.058837 0.199000 -0.100143 0.061714 0.993057 0.000000
0.051010 -0.058837 0.199000 0.107448 -0.120063 0.986935 0.000000
0.055689 -0.058837 0.199000 0.149678 0.035747 0.988088 0.000000
0.059762 -0.058245 0.197000 -0.655095 -0.041047 -0.754431 0.000000
0.063086 -0.057063 0.193000 -0.707734 0.346881 -0.615457 0.000000
0.004201 -0.065408 0.223000 0.995920 -0.033422 0.083826 0.000000
0.012640 -0.058369 0.199000 0.473066 -0.273495 0.837502 0.000000
0.016971 -0.057196 0.195000 0.353805 -0.167626 0.920176 0.000000
0.023402 -0.058369 0.199000 -0.350173 0.460496 0.815673 0.000000
0.028364 -0.058955 0.201000 -0.004390 0.656807 0.754046 0.000000
0.032925 -0.058662 0.200000 0.252190 0.646669 0.719874 0.000000
0.038453 -0.057782 0.197000 0.058802 0.704614 0.707150 0.000000
0.043304 -0.058076 0.198000 -0.283404 0.475864 0.832608 0.000000
0.048202 -0.058369 0.199000 0.074841 -0.190429 0.978844 0.000000
0.052616 -0.058076 0.198000 0.057349 -0.132133 0.989572 0.000000
0.057561 -0.058369 0.199000 -0.406810 0.053064 -0.911970 0.000000
0.060989 -0.057196 0.195000 -0.666958 0.291106 -0.685875 0.000000
0.001050 -0.064593 0.222000 0.990903 0.010317 0.134181 0.000000
0.009411 -0.058192 0.200000 0.432264 -0.427670 0.793880 0.000000
0.013902 -0.057319 0.197000 0.495662 -0.235411 0.836003 0.000000
0.018346 -0.056737 0.195000 0.055153 -0.039772 0.997685 0.000000
0.023402 -0.057901 0.199000 -0.354043 0.430453 0.830279 0.000000
0.028364 -0.058483 0.201000 0.011301 0.671044 0.741331 0.000000
0.032761 -0.057901 0.199000 0.255928 0.665961 0.700712 0.000000
0.037797 -0.057028 0.196000 0.095731 0.704775 0.702942 0.000000
0.042622 -0.057319 0.197000 -0.301024 0.511222 0.805007 0.000000
0.047974 -0.058192 0.200000 0.032853 -0.264363 0.963863 0.000000
0.052150 -0.057610 0.198000 0.067764 -0.135911 0.988401 0.000000
0.057093 -0.057901 0.199000 -0.361119 -0.057841 -0.930724 0.000000
0.060530 -0.056737 0.195000 -0.676378 0.200847 -0.708642 0.000000
0.000528 -0.064071 0.222000 0.990903 0.010317 0.134181 0.000000
0.008941 -0.057722 0.200000 0.432264 -0.427670 0.793880 0.000000
0.013507 -0.057144 0.198000 0.476612 -0.204882 0.854906 0.000000
0.017980 -0.056567 0.196000 0.111639 -0.096926 0.989011 0.000000
0.022819 -0.057144 0.198000 -0.337143 0.316547 0.886641 0.000000
0.027752 -0.057722 0.200000 -0.036991 0.672307 0.739348 0.000000
0.032293 -0.057433 0.199000 0.272415 0.673929 0.686739 0.000000
0.037146 -0.056279 0.195000 0.103294 0.692713 0.713778 0.000000
0.041945 -0.056567 0.196000 -0.201232 0.582345 0.787642 0.000000
0.047504 -0.057722 0.200000 -0.053603 -0.345861 0.936753 0.000000
0.051685 -0.057144 0.198000 0.095161 -0.155994 0.983163 0.000000
0.056625 -0.057433 0.199000 0.194342 0.079219 0.977730 0.000000
0.060380 -0.056567 0.196000 -0.676378 0.200847 -0.708642 0.000000
0.001055 -0.063835 0.223000 0.999424 -0.028326 0.018666 0.000000
0.008941 -0.057251 0.200000 0.431267 -0.431194 0.792515 0.000000
0.013507 -0.056679 0.198000 0.476612 -0.204882 0.854906 0.000000
0.017980 -0.056106 0.196000 0.189913 -0.275437 0.942373 0.000000
0.022819 -0.056679 0.198000 -0.340931 0.286189 0.895468 0.000000
0.027613 -0.056965 0.199000 0.008117 0.646396 0.762959 0.000000
0.032293 -0.056965 0.199000 0.272415 0.673929 0.686739 0.000000
0.036229 -0.055820 0.195000 0.161800 0.690922 0.704591 0.000000
0.040814 -0.055820 0.195000 -0.190817 0.646730 0.738464 0.000000
0.046796 -0.057538 0.201000 -0.043592 -0.440873 0.896510 0.000000
0.051010 -0.056965 0.199000 -0.201947 0.549412 -0.810780 0.000000
0.055409 -0.056679 0.198000 0.172920 -0.042117 0.984035 0.000000
0.060989 -0.055820 0.195000 -0.584964 0.572087 -0.574920 0.000000
0.001579 -0.063311 0.223000 0.999424 -0.028326 0.018666 0.000000
0.009411 -0.056781 0.200000 0.432264 -0.427670 0.793880 0.000000
0.013902 -0.055929 0.197000 0.464264 -0.255803 0.847953 0.000000
0.018441 -0.055645 0.196000 -0.039595 -0.236664 0.970784 0.000000
0.023284 -0.056213 0.198000 -0.351930 0.198982 0.914632 0.000000
0.028081 -0.056497 0.199000 0.020785 0.632758 0.774070 0.000000
0.032431 -0.055929 0.197000 0.241280 0.675893 0.696386 0.000000
0.036687 -0.055362 0.195000 0.116695 0.684066 0.720025 0.000000
0.041061 -0.055078 0.194000 -0.199321 0.603396 0.772130 0.000000
0.047269 -0.057065 0.201000 0.031567 0.476692 -0.878503 0.000000
0.051478 -0.056497 0.199000 -0.202815 0.645363 -0.736459 0.000000
0.055875 -0.056213 0.198000 0.209840 0.072642 0.975034 0.000000
0.061448 -0.055362 0.195000 -0.547017 0.621234 -0.561107 0.000000
0.003660 -0.062505 0.222000 0.994478 -0.031404 0.100134 0.000000
0.011236 -0.056029 0.199000 0.464420 -0.324244 0.824124 0.000000
0.015675 -0.055185 0.196000 0.445230 -0.356706 0.821299 0.000000
0.020284 -0.055185 0.196000 -0.228163 -0.141781 0.963244 0.000000
0.025147 -0.055748 0.198000 -0.003783 0.416869 0.908959 0.000000
0.029652 -0.055466 0.197000 0.197229 0.645227 0.738094 0.000000
0.033936 -0.054903 0.195000 0.210751 0.654846 0.725783 0.000000
0.038324 -0.054621 0.194000 0.026716 0.558635 0.828983 0.000000
0.043107 -0.054903 0.195000 -0.262552 0.581725 0.769846 0.000000
0.049385 -0.056311 0.200000 -0.072890 0.631061 -0.772301 0.000000
0.053817 -0.056029 0.199000 -0.068484 0.519875 -0.851493 0.000000
0.058203 -0.055748 0.198000 -0.474593 0.529611 -0.703046 0.000000
0.003660 -0.061983 0.222000 0.994478 -0.031404 0.100134 0.000000
0.011704 -0.055561 0.199000 0.420376 -0.368678 0.829072 0.000000
0.016136 -0.054724 0.196000 0.384051 -0.413517 0.825535 0.000000
0.020851 -0.055003 0.197000 -0.278656 0.020104 0.960181 0.000000
0.025612 -0.055282 0.198000 -0.042291 0.340996 0.939113 0.000000
0.030115 -0.055003 0.197000 0.291027 0.566919 0.770653 0.000000
0.034395 -0.054444 0.195000 0.210751 0.654846 0.725783 0.000000
0.038580 -0.053886 0.193000 0.014077 0.455100 0.890329 0.000000
0.045167 -0.055282 0.198000 -0.524988 0.285514 0.801791 0.000000
0.050326 -0.055841 0.200000 -0.215444 0.655578 -0.723741 0.000000
0.054753 -0.055561 0.199000 -0.056576 0.620653 -0.782041 0.000000
0.059432 -0.055561 0.199000 -0.364394 0.661825 -0.655137 0.000000
0.009364 -0.055093 0.199000 0.432264 -0.427670 0.793880 0.000000
0.013973 -0.054817 0.198000 0.472887 -0.457461 0.753065 0.000000
0.018441 -0.054263 0.196000 0.174779 -0.449146 0.876197 0.000000
0.023167 -0.054540 0.197000 -0.305020 -0.032604 0.951788 0.000000
0.030423 -0.054263 0.196000 0.343606 0.452935 0.822669 0.000000
0.034674 -0.053709 0.194000 0.204251 0.554760 0.806550 0.000000
0.039034 -0.053432 0.193000 0.021418 0.421517 0.906567 0.000000
0.045863 -0.055093 0.199000 -0.577000 0.098630 0.810767 0.000000
0.051050 -0.055647 0.201000 -0.089305 0.825306 -0.557579 0.000000
0.055776 -0.055647 0.201000 -0.148760 0.797636 -0.584507 0.000000
0.059900 -0.055093 0.199000 -0.377828 0.636656 -0.672247 0.000000
0.007960 -0.054625 0.199000 0.425139 -0.487932 0.762351 0.000000
0.012640 -0.054625 0.199000 0.388737 -0.529699 0.753858 0.000000
0.017058 -0.053802 0.196000 0.316196 -0.420914 0.850206 0.000000
0.021777 -0.054076 0.197000 -0.234582 -0.090680 0.967858 0.000000
0.029501 -0.053802 0.196000 0.257060 0.380925 0.888153 0.000000
0.033762 -0.053253 0.194000 0.203719 0.584566 0.785354 0.000000
0.038126 -0.052978 0.193000 0.021418 0.421517 0.906567 0.000000
0.042886 -0.053253 0.194000 -0.601675 0.311066 0.735681 0.000000
0.050354 -0.055449 0.202000 -0.027937 0.753359 -0.657016 0.000000
0.055104 -0.055449 0.202000 -0.147136 0.827308 -0.542138 0.000000
0.061753 -0.055449 0.202000 -0.535625 0.526810 -0.659982 0.000000
0.010822 -0.054430 0.200000 0.353436 -0.598614 0.718849 0.000000
0.015292 -0.053613 0.197000 0.452451 -0.467941 0.759157 0.000000
0.019823 -0.053341 0.196000 0.012805 -0.400180 0.916347 0.000000
0.024557 -0.053613 0.197000 -0.130593 -0.038078 0.990705 0.000000
0.033762 -0.052797 0.194000 0.217184 0.465148 0.858177 0.000000
0.038126 -0.052525 0.193000 0.127325 0.281294 0.951137 0.000000
0.042665 -0.052525 0.193000 -0.552320 0.354638 0.754437 0.000000
0.050126 -0.055246 0.203000 0.145268 0.781329 -0.606978 0.000000
0.055170 -0.055518 0.204000 -0.259537 0.798621 -0.542996 0.000000
0.062536 -0.055246 0.203000 -0.435071 0.501329 -0.747919 0.000000
0.009882 -0.053959 0.200000 0.341185 -0.622661 0.704192 0.000000
0.014511 -0.053690 0.199000 0.490183 -0.584205 0.646857 0.000000
0.018998 -0.053150 0.197000 0.088919 -0.490866 0.866686 0.000000
0.023630 -0.053150 0.197000 -0.279396 -0.151852 0.948092 0.000000
0.039283 -0.051801 0.192000 0.117602 0.223125 0.967670 0.000000
0.044710 -0.052880 0.196000 -0.828055 0.070165 0.556240 0.000000
0.051332 -0.055039 0.204000 0.229948 0.771168 -0.593652 0.000000
0.056129 -0.055039 0.204000 -0.369529 0.718756 -0.588930 0.000000
0.010404 -0.053757 0.201000 0.337162 -0.672988 0.658338 0.000000
0.014979 -0.053222 0.199000 0.512165 -0.606826 0.607823 0.000000
0.019362 -0.052419 0.196000 0.012076 -0.419785 0.907543 0.000000
0.024093 -0.052687 0.197000 -0.218440 -0.231953 0.947883 0.000000
0.041541 -0.051350 0.192000 -0.345252 0.160509 0.924683 0.000000
0.048694 -0.054291 0.203000 -0.392177 -0.596260 0.700479 0.000000
0.053994 -0.054826 0.205000 -0.205689 0.782976 -0.587061 0.000000
0.009505 -0.053549 0.202000 0.296405 -0.677048 0.673610 0.000000
0.014114 -0.053019 0.200000 0.458050 -0.683268 0.568625 0.000000
0.018535 -0.052224 0.197000 0.210436 -0.564399 0.798230 0.000000
0.023167 -0.052224 0.197000 -0.182846 -0.281459 0.941992 0.000000
0.039977 -0.050633 0.191000 -0.033766 0.189383 0.981322 0.000000
0.049413 -0.054079 0.204000 -0.388860 -0.594246 0.704031 0.000000
0.054742 -0.054609 0.206000 -0.254027 0.642775 -0.722711 0.000000
0.063635 -0.054344 0.205000 -0.493819 0.181101 -0.850497 0.000000
0.011880 -0.053074 0.202000 0.311888 -0.725015 0.614067 0.000000
0.016383 -0.052286 0.199000 0.438342 -0.686386 0.580285 0.000000
0.020851 -0.051760 0.197000 0.049729 -0.585296 0.809293 0.000000
0.033104 -0.053600 0.204000 -0.651674 -0.169915 0.739223 0.000000
0.042443 -0.050447 0.192000 -0.863398 0.200391 0.463020 0.000000
0.054521 -0.054388 0.207000 -0.215129 0.463919 -0.859359 0.000000
0.009552 -0.052859 0.203000 0.234847 -0.693708 0.680893 0.000000
0.014255 -0.052599 0.202000 0.380728 -0.770134 0.511801 0.000000
0.018535 -0.051297 0.197000 0.196742 -0.596520 0.778111 0.000000
0.023167 -0.051297 0.197000 -0.155557 -0.390618 0.907314 0.000000
0.041324 -0.049735 0.191000 0.642364 -0.453442 0.617866 0.000000
0.053547 -0.053901 0.207000 0.012195 0.443918 -0.895984 0.000000
0.057850 -0.053380 0.205000 -0.575937 0.093596 -0.812119 0.000000
0.009600 -0.052640 0.204000 -0.152639 0.738343 -0.656925 0.000000
0.014255 -0.052124 0.202000 0.373576 -0.766573 0.522308 0.000000
0.018629 -0.051092 0.198000 0.201454 -0.692725 0.692494 0.000000
0.023284 -0.051092 0.198000 -0.100597 -0.467396 0.878306 0.000000
0.035538 -0.053414 0.207000 -0.500186 -0.136279 0.855127 0.000000
0.042895 -0.049544 0.192000 -0.887338 0.052722 0.458095 0.000000
0.055007 -0.053414 0.207000 -0.409798 0.288222 -0.865444 0.000000
0.058718 -0.052382 0.203000 -0.593767 0.205178 -0.778038 0.000000
0.009600 -0.052160 0.204000 -0.129890 0.763154 -0.633029 0.000000
0.014255 -0.051649 0.202000 0.358278 -0.754108 0.550417 0.000000
0.018629 -0.050626 0.198000 0.190345 -0.718427 0.669052 0.000000
0.023284 -0.050626 0.198000 -0.035668 -0.520988 0.852818 0.000000
0.035538 -0.052928 0.207000 -0.418617 0.028707 0.907709 0.000000
0.041992 -0.049092 0.192000 -0.936584 0.067030 0.343974 0.000000
0.053547 -0.052928 0.207000 -0.032522 0.254901 -0.966420 0.000000
0.057568 -0.052160 0.204000 -0.692833 0.274291 -0.666893 0.000000
0.061753 -0.051649 0.202000 -0.306984 0.300074 -0.903170 0.000000
0.011518 -0.051681 0.204000 -0.163877 0.739101 -0.653356 0.000000
0.015995 -0.050667 0.200000 0.428791 -0.793380 0.432072 0.000000
0.020594 -0.050414 0.199000 0.147874 -0.780142 0.607875 0.000000
0.025147 -0.050161 0.198000 -0.075303 -0.473581 0.877525 0.000000
0.036335 -0.052187 0.206000 0.072656 0.636369 0.767956 0.000000
0.041992 -0.048641 0.192000 -0.936584 0.067030 0.343974 0.000000
0.051113 -0.052441 0.207000 -0.264765 -0.393234 0.880492 0.000000
0.055710 -0.052187 0.206000 -0.450188 0.242710 -0.859315 0.000000
0.059378 -0.051174 0.202000 -0.513242 0.283083 -0.810214 0.000000
0.008160 -0.051201 0.204000 -0.105250 0.768192 -0.631508 0.000000
0.012957 -0.051201 0.204000 0.245960 -0.752714 0.610676 0.000000
0.017406 -0.050197 0.200000 0.400164 -0.803293 0.441123 0.000000
0.021998 -0.049946 0.199000 0.160853 -0.760791 0.628747 0.000000
0.026543 -0.049695 0.198000 -0.190177 -0.534009 0.823812 0.000000
0.036819 -0.051703 0.206000 0.107819 0.631898 0.767516 0.000000
0.041757 -0.048440 0.193000 -0.354299 0.775350 -0.522785 0.000000
0.052087 -0.051954 0.207000 -0.176832 -0.337155 0.924693 0.000000
0.056129 -0.051201 0.204000 -0.695876 0.218920 -0.683981 0.000000
0.060328 -0.050699 0.202000 -0.379519 0.219079 -0.898871 0.000000
0.009165 -0.050970 0.205000 -0.132442 0.746646 -0.651905 0.000000
0.013917 -0.050721 0.204000 0.301669 -0.757880 0.578457 0.000000
0.018438 -0.049976 0.201000 0.386914 -0.789107 0.477082 0.000000
0.023049 -0.049727 0.200000 0.257438 -0.709246 0.656274 0.000000
0.027613 -0.049478 0.199000 -0.157492 -0.577925 0.800749 0.000000
0.036159 -0.050970 0.205000 0.094370 0.625866 0.774200 0.000000
0.040149 -0.048235 0.194000 -0.565346 0.666976 -0.485312 0.000000
0.046330 -0.049478 0.199000 -0.678555 -0.430622 0.595086 0.000000
0.054034 -0.051467 0.207000 -0.154571 0.227830 -0.961354 0.000000
0.057763 -0.050473 0.203000 -0.620619 0.249406 -0.743390 0.000000
0.061920 -0.049976 0.201000 -0.211524 0.228502 -0.950286 0.000000
0.010129 -0.050488 0.205000 -0.169865 0.728537 -0.663611 0.000000
0.014876 -0.050242 0.204000 0.342981 -0.751271 0.563876 0.000000
0.019480 -0.049749 0.202000 0.343155 -0.785236 0.515411 0.000000
0.023990 -0.049257 0.200000 0.251434 -0.627157 0.737194 0.000000
0.028836 -0.049503 0.201000 -0.173950 -0.378976 0.908911 0.000000
0.035194 -0.050488 0.205000 0.087133 0.587300 0.804666 0.000000
0.038648 -0.048764 0.198000 -0.149057 0.816788 -0.557350 0.000000
0.042648 -0.048025 0.195000 -0.022512 -0.896027 0.443429 0.000000
0.049656 -0.050488 0.205000 -0.510103 -0.296430 0.807418 0.000000
0.054742 -0.050734 0.206000 -0.358761 0.254376 -0.898100 0.000000
0.058429 -0.049749 0.202000 -0.558593 0.353130 -0.750516 0.000000
0.005438 -0.051226 0.210000 -0.243373 0.822117 -0.514678 0.000000
0.010611 -0.050006 0.205000 0.165969 -0.734882 0.657573 0.000000
0.015356 -0.049762 0.204000 0.358696 -0.731577 0.579769 0.000000
0.019955 -0.049274 0.202000 0.342596 -0.715766 0.608529 0.000000
0.024460 -0.048786 0.200000 0.121633 -0.641474 0.757441 0.000000
0.029455 -0.049274 0.202000 -0.244217 -0.203370 0.948155 0.000000
0.034374 -0.049518 0.203000 0.041327 0.603637 0.796188 0.000000
0.038569 -0.048786 0.200000 0.328116 0.029374 0.944181 0.000000
0.044012 -0.048055 0.197000 -0.262722 -0.869834 0.417571 0.000000
0.050867 -0.050250 0.206000 -0.314455 -0.327901 0.890842 0.000000
0.055440 -0.050006 0.205000 -0.598571 0.074721 -0.797577 0.000000
0.059378 -0.049274 0.202000 -0.519550 0.398455 -0.755845 0.000000
0.005847 -0.050007 0.207000 0.222735 -0.777441 0.588196 0.000000
0.010611 -0.049524 0.205000 0.165969 -0.734882 0.657573 0.000000
0.015431 -0.049524 0.205000 0.386350 -0.658589 0.645751 0.000000
0.020054 -0.049041 0.203000 0.415419 -0.589872 0.692444 0.000000
0.024460 -0.048316 0.200000 0.109054 -0.584713 0.803877 0.000000
0.029455 -0.048799 0.202000 -0.244217 -0.203370 0.948155 0.000000
0.034374 -0.049041 0.203000 0.086322 0.550389 0.830434 0.000000
0.038569 -0.048316 0.200000 0.268026 -0.184377 0.945604 0.000000
0.043086 -0.047591 0.197000 -0.250588 -0.871773 0.420973 0.000000
0.049656 -0.049524 0.205000 -0.513012 -0.275912 0.812829 0.000000
0.054742 -0.049766 0.206000 -0.290243 0.236762 -0.927202 0.000000
0.058429 -0.048799 0.202000 -0.553652 0.379255 -0.741373 0.000000
0.005360 -0.049520 0.207000 0.227667 -0.794065 0.563585 0.000000
0.010178 -0.049281 0.206000 -0.119851 0.754992 -0.644688 0.000000
0.014949 -0.049042 0.205000 0.349671 -0.658031 0.666877 0.000000
0.019576 -0.048563 0.203000 0.477242 -0.496570 0.725023 0.000000
0.024110 -0.048085 0.201000 0.239782 -0.575797 0.781641 0.000000
0.045152 -0.047846 0.200000 -0.299615 -0.706389 0.641284 0.000000
0.051351 -0.049281 0.206000 -0.217441 -0.335038 0.916771 0.000000
0.055922 -0.049042 0.205000 -0.604924 0.426444 -0.672468 0.000000
0.059853 -0.048324 0.202000 -0.503761 0.422021 -0.753739 0.000000
0.004873 -0.049034 0.207000 0.252005 -0.799477 0.545279 0.000000
0.009694 -0.048797 0.206000 -0.119970 0.776786 -0.618232 0.000000
0.014538 -0.048797 0.206000 0.365554 -0.723264 0.585884 0.000000
0.019193 -0.048323 0.204000 0.491557 -0.435554 0.754099 0.000000
0.043742 -0.047375 0.200000 -0.285163 -0.730105 0.620991 0.000000
0.049898 -0.048797 0.206000 -0.533232 -0.313523 0.785727 0.000000
0.055007 -0.049034 0.207000 -0.281972 0.437769 -0.853727 0.000000
0.058718 -0.048086 0.203000 -0.527449 0.423699 -0.736394 0.000000
0.063178 -0.047849 0.202000 -0.480121 0.452569 -0.751442 0.000000
0.007307 -0.048547 0.207000 0.174446 -0.795642 0.580106 0.000000
0.012174 -0.048547 0.207000 0.199523 -0.764206 0.613335 0.000000
0.016877 -0.048078 0.205000 0.542111 -0.414622 0.730892 0.000000
0.046079 -0.047374 0.202000 -0.547325 -0.541400 0.638217 0.000000
0.052087 -0.048547 0.207000 -0.192897 -0.386460 0.901909 0.000000
0.056679 -0.048312 0.206000 -0.575057 0.611853 -0.543089 0.000000
0.060627 -0.047609 0.203000 -0.501942 0.457957 -0.733710 0.000000
0.004429 -0.048524 0.209000 0.232530 -0.853577 0.466194 0.000000
0.009254 -0.048060 0.207000 -0.107303 0.805003 -0.583487 0.000000
0.014121 -0.048060 0.207000 0.320530 -0.693310 0.645432 0.000000
0.047495 -0.047364 0.204000 -0.646131 -0.381608 0.660977 0.000000
0.053317 -0.048292 0.208000 0.019263 0.536794 -0.843494 0.000000
0.057648 -0.047828 0.206000 -0.602981 0.609628 -0.514556 0.000000
0.061582 -0.047131 0.203000 -0.512176 0.458552 -0.726227 0.000000
0.003956 -0.048263 0.210000 0.264387 -0.858426 0.439550 0.000000
0.008852 -0.048033 0.209000 -0.174871 0.855625 -0.487162 0.000000
0.013700 -0.047803 0.208000 0.317556 -0.670203 0.670809 0.000000
0.051360 -0.047803 0.208000 -0.301105 -0.483217 0.822093 0.000000
0.056251 -0.047803 0.208000 -0.303547 0.622640 -0.721234 0.000000
0.059966 -0.046884 0.204000 -0.543844 0.579846 -0.606640 0.000000
0.064128 -0.046424 0.202000 -0.512172 0.422902 -0.747552 0.000000
0.006395 -0.047542 0.209000 0.222893 -0.858284 0.462241 0.000000
0.011309 -0.047542 0.209000 0.316895 -0.723184 0.613663 0.000000
0.016068 -0.047087 0.207000 0.640509 -0.367896 0.674093 0.000000
0.055762 -0.047314 0.208000 -0.108336 0.611069 -0.784128 0.000000
0.059778 -0.046632 0.205000 -0.576101 0.622847 -0.529310 0.000000
0.063653 -0.045949 0.202000 -0.512172 0.422902 -0.747552 0.000000
0.004471 -0.047500 0.211000 0.295288 -0.871273 0.392031 0.000000
0.009388 -0.047275 0.210000 0.227777 -0.855796 0.464468 0.000000
0.014258 -0.047050 0.209000 0.477457 -0.482998 0.733994 0.000000
0.056522 -0.047050 0.209000 -0.254734 0.705079 -0.661796 0.000000
0.060260 -0.046150 0.205000 -0.560463 0.676619 -0.477564 0.000000
0.064128 -0.045474 0.202000 -0.590287 0.534995 -0.604435 0.000000
0.003512 -0.047450 0.213000 0.252538 -0.893486 0.371358 0.000000
0.008440 -0.047004 0.211000 0.255364 -0.867137 0.427625 0.000000
0.013338 -0.046781 0.210000 0.523423 -0.499279 0.690470 0.000000
0.057013 -0.046559 0.209000 -0.312133 0.780732 -0.541323 0.000000
0.060742 -0.045668 0.205000 -0.570768 0.701650 -0.426509 0.000000
0.064603 -0.044999 0.202000 -0.596936 0.538711 -0.594524 0.000000
0.003528 -0.047169 0.214000 0.225680 -0.911201 0.344646 0.000000
0.008440 -0.046508 0.211000 0.255364 -0.867137 0.427625 0.000000
0.013338 -0.046288 0.210000 0.524278 -0.416815 0.742562 0.000000
0.057719 -0.045847 0.208000 -0.406604 0.754270 -0.515509 0.000000
0.061405 -0.044965 0.204000 -0.552595 0.646501 -0.525999 0.000000
0.065553 -0.044524 0.202000 -0.605140 0.487405 -0.629477 0.000000
0.004535 -0.046666 0.214000 0.217960 -0.918291 0.330508 0.000000
0.009477 -0.046230 0.212000 0.429343 -0.651815 0.625141 0.000000
0.056566 -0.046012 0.211000 -0.184240 -0.769640 0.611318 0.000000
0.060070 -0.044922 0.206000 -0.537334 0.734461 -0.414535 0.000000
0.063968 -0.044267 0.203000 -0.606960 0.506877 -0.612107 0.000000
0.001031 -0.047026 0.218000 0.264021 0.914637 -0.306156 0.000000
0.006044 -0.046163 0.214000 0.438464 -0.838075 0.324622 0.000000
0.010973 -0.045732 0.212000 0.558669 -0.555590 0.615799 0.000000
0.058979 -0.045084 0.209000 -0.302216 0.895790 -0.325923 0.000000
0.062059 -0.043790 0.203000 -0.585704 0.560624 -0.585364 0.000000
0.066503 -0.043574 0.202000 -0.623818 0.519165 -0.584225 0.000000
0.002569 -0.046513 0.218000 0.083904 0.935896 -0.342139 0.000000
0.007554 -0.045660 0.214000 0.480257 -0.785787 0.389732 0.000000
0.058104 -0.045446 0.213000 -0.387713 -0.785986 0.481564 0.000000
0.061039 -0.043953 0.206000 -0.567308 0.703739 -0.427684 0.000000
0.064603 -0.043099 0.202000 -0.614285 0.530798 -0.583873 0.000000
-0.000506 -0.046001 0.218000 0.342886 0.834284 -0.431741 0.000000
0.004620 -0.046001 0.218000 -0.111785 0.933161 -0.341635 0.000000
0.009567 -0.045157 0.214000 0.508660 -0.630283 0.586522 0.000000
0.061236 -0.044313 0.210000 -0.216134 0.962265 -0.165322 0.000000
0.063968 -0.042835 0.203000 -0.614285 0.530798 -0.583873 0.000000
-0.001532 -0.045488 0.218000 0.446552 0.762531 -0.468122 0.000000
0.003627 -0.045905 0.220000 0.022492 0.924686 -0.380066 0.000000
0.008600 -0.044862 0.215000 0.493427 -0.790713 0.362357 0.000000
0.063588 -0.043401 0.208000 -0.620863 0.751151 -0.224280 0.000000
0.066503 -0.042149 0.202000 -0.598591 0.496569 -0.628576 0.000000
0.001041 -0.045388 0.220000 0.391285 0.631277 -0.669616 0.000000
0.006242 -0.045594 0.221000 -0.187649 0.906321 -0.378644 0.000000
0.062478 -0.044563 0.216000 -0.039166 0.927139 -0.372665 0.000000
0.066503 -0.041674 0.202000 -0.582945 0.470608 -0.662346 0.000000
0.000524 -0.044871 0.220000 0.399836 0.597034 -0.695472 0.000000
0.005774 -0.045483 0.223000 -0.049224 0.796875 -0.602136 0.000000
0.065222 -0.043851 0.215000 -0.482625 0.845094 -0.229976 0.000000
-0.003069 -0.043950 0.218000 0.273897 0.494773 -0.824730 0.000000
0.002104 -0.044958 0.223000 0.373520 0.667070 -0.644593 0.000000
0.007282 -0.044555 0.221000 0.356767 -0.845373 0.397570 0.000000
0.067928 -0.040725 0.202000 -0.595521 0.485043 -0.640381 0.000000
-0.000513 -0.044035 0.221000 0.462801 0.441229 -0.768851 0.000000
0.004768 -0.044832 0.225000 0.178982 0.709730 -0.681358 0.000000
0.066355 -0.040449 0.203000 -0.580765 0.485755 -0.653265 0.000000
-0.003098 -0.043319 0.220000 0.309468 0.493418 -0.812877 0.000000
0.002113 -0.044106 0.224000 0.452903 0.522395 -0.722483 0.000000
0.007836 -0.043713 0.222000 0.484021 -0.783298 0.390086 0.000000
0.069696 -0.039971 0.203000 -0.270574 0.427663 -0.862493 0.000000
-0.001033 -0.042996 0.221000 0.417626 0.437508 -0.796351 0.000000
0.004239 -0.043774 0.225000 0.344872 0.626073 -0.699354 0.000000
0.066832 -0.039494 0.203000 -0.575659 0.478576 -0.663010 0.000000
-0.004649 -0.042284 0.220000 0.107778 0.457587 -0.882608 0.000000
0.000528 -0.042669 0.222000 0.510108 0.311770 -0.801617 0.000000
0.006412 -0.043630 0.227000 -0.132644 0.834433 -0.534908 0.000000
0.068878 -0.038825 0.202000 -0.270574 0.427663 -0.862493 0.000000
-0.002592 -0.041957 0.221000 0.300040 0.428466 -0.852287 0.000000
0.002640 -0.042526 0.224000 0.482357 0.441984 -0.756295 0.000000
0.067310 -0.038539 0.203000 -0.540473 0.515811 -0.664702 0.000000
-0.004649 -0.041250 0.220000 0.080524 0.473647 -0.877026 0.000000
0.000528 -0.041625 0.222000 0.471307 0.282198 -0.835604 0.000000
0.068890 -0.040687 0.217000 -0.621659 0.776553 -0.102496 0.000000
0.070174 -0.038062 0.203000 -0.685946 0.553385 -0.472487 0.000000
-0.001553 -0.040917 0.221000 0.340472 0.399839 -0.851004 0.000000
0.003677 -0.041288 0.223000 0.414350 0.408685 -0.813198 0.000000
0.067336 -0.038140 0.206000 -0.650599 0.572369 -0.499115 0.000000
0.071479 -0.037770 0.204000 -0.685946 0.553385 -0.472487 0.000000
-0.002072 -0.040398 0.221000 0.206649 0.474403 -0.855709 0.000000
0.003153 -0.040763 0.223000 0.470001 0.226209 -0.853187 0.000000
0.041967 -0.039301 0.215000 0.065860 -0.941338 0.330976 0.000000
0.069081 -0.039484 0.216000 -0.575539 0.817762 0.004491 0.000000
0.069696 -0.037107 0.203000 -0.685946 0.553385 -0.472487 0.000000
-0.003112 -0.039878 0.221000 0.171339 0.504093 -0.846483 0.000000
0.002094 -0.040059 0.222000 0.555203 0.362573 -0.748526 0.000000
0.040826 -0.039156 0.217000 -0.106140 -0.960502 0.257235 0.000000
0.045294 -0.038615 0.214000 -0.098298 -0.952385 0.288617 0.000000
0.068121 -0.036811 0.204000 -0.650599 0.572369 -0.499115 0.000000
-0.005736 -0.039537 0.222000 0.004067 0.539939 -0.841694 0.000000
-0.000513 -0.039358 0.221000 0.294190 0.427974 -0.854570 0.000000
0.004789 -0.040249 0.226000 0.182014 0.708524 -0.681809 0.000000
0.042357 -0.038646 0.217000 -0.106140 -0.960502 0.257235 0.000000
0.047022 -0.038290 0.215000 -0.086461 -0.953494 0.288745 0.000000
0.067491 -0.036509 0.205000 -0.650599 0.572369 -0.499115 0.000000
-0.006810 -0.039190 0.223000 -0.029490 0.558315 -0.829105 0.000000
-0.001553 -0.038839 0.221000 0.187069 0.489865 -0.851491 0.000000
0.003693 -0.039366 0.224000 0.424651 0.467880 -0.775087 0.000000
0.041203 -0.038487 0.219000 -0.304941 -0.946165 0.108550 0.000000
0.045506 -0.037784 0.215000 -0.080853 -0.949382 0.303541 0.000000
0.051502 -0.038487 0.219000 -0.380565 -0.697212 0.607508 0.000000
0.070519 -0.035851 0.204000 -0.650599 0.572369 -0.499115 0.000000
-0.003631 -0.038319 0.221000 0.069846 0.518842 -0.852012 0.000000
0.001579 -0.038666 0.223000 0.527684 0.421067 -0.737735 0.000000
0.039143 -0.037972 0.219000 -0.304941 -0.946165 0.108550 0.000000
0.043888 -0.037626 0.217000 -0.159791 -0.964104 0.212060 0.000000
0.048765 -0.037452 0.216000 -0.148670 -0.770698 0.619614 0.000000
0.068601 -0.035372 0.204000 -0.650599 0.572369 -0.499115 0.000000
-0.005762 -0.038142 0.223000 -0.012639 0.563738 -0.825857 0.000000
-0.000516 -0.037971 0.222000 0.276775 0.525643 -0.804422 0.000000
0.004853 -0.039168 0.229000 0.492028 0.650380 -0.578717 0.000000
0.042233 -0.037457 0.219000 0.195262 -0.313296 -0.929364 0.000000
0.047749 -0.036944 0.216000 -0.081412 -0.812294 0.577538 0.000000
0.067491 -0.035063 0.205000 -0.650599 0.572369 -0.499115 0.000000
0.073017 -0.035405 0.207000 -0.857862 0.513692 0.013895 0.000000
-0.002592 -0.037280 0.221000 0.077127 0.546912 -0.833630 0.000000
0.004333 -0.038798 0.230000 0.476559 0.582270 -0.658675 0.000000
0.041718 -0.036942 0.219000 0.038173 0.029464 -0.998837 0.000000
0.050702 -0.037111 0.220000 0.164404 0.426537 -0.889403 0.000000
0.070040 -0.034412 0.204000 -0.650599 0.572369 -0.499115 0.000000
-0.004189 -0.037093 0.223000 -0.013740 0.585956 -0.810226 0.000000
0.001065 -0.037426 0.225000 0.558730 0.582917 -0.589939 0.000000
0.040688 -0.036427 0.219000 0.032106 -0.350407 -0.936047 0.000000
0.067978 -0.035097 0.211000 -0.767674 0.640670 0.014805 0.000000
0.070865 -0.034099 0.205000 -0.837609 0.536895 -0.100766 0.000000
-0.003664 -0.036568 0.223000 -0.007069 0.575688 -0.817639 0.000000
0.003809 -0.037880 0.231000 0.606469 0.446870 -0.657649 0.000000
0.067176 -0.033945 0.207000 -0.767193 0.626680 -0.136703 0.000000
-0.005787 -0.036206 0.224000 -0.040797 0.568185 -0.821889 0.000000
-0.000523 -0.036367 0.225000 0.317402 0.639216 -0.700470 0.000000
0.006033 -0.037660 0.233000 0.289106 0.518667 -0.804613 0.000000
-0.006871 -0.035838 0.225000 -0.009329 0.537707 -0.843080 0.000000
-0.001581 -0.035838 0.225000 0.210003 0.656342 -0.724648 0.000000
0.004390 -0.037113 0.233000 0.547938 0.291027 -0.784262 0.000000
-0.006902 -0.035466 0.226000 0.045296 0.494596 -0.867942 0.000000
-0.001581 -0.035309 0.225000 0.222449 0.625335 -0.747979 0.000000
0.004390 -0.036565 0.233000 0.479390 0.161502 -0.862614 0.000000
-0.004755 -0.034780 0.225000 0.057009 0.553882 -0.830641 0.000000
0.000543 -0.035244 0.228000 0.551719 0.304008 -0.776650 0.000000
0.006033 -0.036017 0.233000 0.377480 0.205516 -0.902924 0.000000
-0.003697 -0.034251 0.225000 0.123847 0.567550 -0.813971 0.000000
0.001622 -0.034860 0.229000 0.654193 0.098109 -0.749937 0.000000
0.007129 -0.035469 0.233000 0.241856 0.210979 -0.947097 0.000000
-0.003697 -0.033722 0.225000 0.126342 0.515271 -0.847664 0.000000
0.001622 -0.034322 0.229000 0.620912 0.110712 -0.776023 0.000000
0.007098 -0.034771 0.232000 0.167748 0.001057 -0.985829 0.000000
-0.005839 -0.033341 0.226000 0.093764 0.427718 -0.899036 0.000000
-0.000527 -0.033488 0.227000 0.399512 0.374701 -0.836654 0.000000
0.004895 -0.034078 0.231000 0.454564 -0.045930 -0.889529 0.000000
0.051624 -0.033045 0.224000 0.314938 -0.022985 -0.948834 0.000000
-0.003182 -0.032809 0.226000 0.156168 0.449943 -0.879297 0.000000
0.002160 -0.033245 0.229000 0.594671 0.118201 -0.795233 0.000000
0.007644 -0.033680 0.232000 0.246584 -0.025207 -0.968794 0.000000
-0.007466 -0.032421 0.227000 0.098778 0.385667 -0.917335 0.000000
-0.002119 -0.032278 0.226000 0.321580 0.420463 -0.848409 0.000000
0.003237 -0.032706 0.229000 0.513003 -0.061099 -0.856210 0.000000
0.008735 -0.033135 0.232000 0.069892 0.059826 -0.995759 0.000000
-0.004245 -0.031746 0.226000 0.129840 0.414508 -0.900735 0.000000
0.001079 -0.032027 0.228000 0.445911 0.274279 -0.852018 0.000000
0.007068 -0.032449 0.231000 0.375579 -0.128938 -0.917777 0.000000
-0.005839 -0.031215 0.226000 0.125699 0.338863 -0.932401 0.000000
-0.000527 -0.031353 0.227000 0.401989 0.332014 -0.853330 0.000000
0.005415 -0.031767 0.230000 0.445113 -0.207204 -0.871172 0.000000
-0.006399 -0.030819 0.227000 0.149526 0.349261 -0.925018 0.000000
-0.001061 -0.030819 0.227000 0.374617 0.230413 -0.898094 0.000000
0.004333 -0.031227 0.230000 0.470604 -0.047980 -0.881039 0.000000
-0.006932 -0.030285 0.227000 0.201766 0.296218 -0.933566 0.000000
-0.001602 -0.030419 0.228000 0.267890 0.260390 -0.927595 0.000000
0.003792 -0.030686 0.230000 0.425704 0.065835 -0.902464 0.000000
-0.008000 -0.029752 0.227000 0.197703 0.203509 -0.958904 0.000000
-0.002674 -0.029883 0.228000 0.141444 0.347217 -0.927057 0.000000
0.002699 -0.030014 0.229000 0.384714 0.026891 -0.922644 0.000000
-0.006932 -0.029218 0.227000 0.219012 0.169709 -0.960850 0.000000
-0.001602 -0.029347 0.228000 0.229799 0.203276 -0.951773 0.000000
0.003792 -0.029604 0.230000 0.407138 0.031581 -0.912820 0.000000
-0.004819 -0.028811 0.228000 0.198169 0.086783 -0.976319 0.000000
0.000545 -0.028937 0.229000 0.219722 0.014555 -0.975454 0.000000
-0.006399 -0.028150 0.227000 0.226632 -0.003181 -0.973975 0.000000
-0.001070 -0.028398 0.229000 0.230535 0.050156 -0.971771 0.000000
-0.006399 -0.027617 0.227000 0.226632 -0.003181 -0.973975 0.000000
-0.001070 -0.027860 0.229000 0.204324 -0.011401 -0.978837 0.000000
-0.007466 -0.027083 0.227000 0.218517 -0.128178 -0.967378 0.000000
-0.002147 -0.027321 0.229000 0.161723 -0.055728 -0.985262 0.000000
0.003251 -0.027441 0.230000 0.424558 -0.206908 -0.881442 0.000000
-0.004840 -0.026783 0.229000 0.251663 -0.113471 -0.961140 0.000000
0.000545 -0.026783 0.229000 0.138015 -0.232335 -0.962794 0.000000
0.052078 -0.025146 0.215000 0.487915 -0.579183 -0.653059 0.000000
0.058728 -0.025847 0.221000 -0.625688 0.261063 0.735092 0.000000
-0.004301 -0.026245 0.229000 0.234441 -0.083303 -0.968554 0.000000
0.001079 -0.026130 0.228000 0.240271 -0.258697 -0.935599 0.000000
0.041865 -0.023723 0.207000 0.322393 -0.514761 -0.794408 0.000000
0.047862 -0.024296 0.212000 0.472368 -0.532426 -0.702418 0.000000
0.053345 -0.024525 0.214000 0.487915 -0.579183 -0.653059 0.000000
-0.006399 -0.025482 0.227000 0.149771 -0.386241 -0.910158 0.000000
-0.001061 -0.025482 0.227000 0.262690 -0.489653 -0.831405 0.000000
0.004333 -0.025818 0.230000 0.312986 -0.369575 -0.874903 0.000000
0.039726 -0.023124 0.206000 0.054360 -0.538169 -0.841082 0.000000
0.045219 -0.023461 0.209000 0.462868 -0.431912 -0.774083 0.000000
0.051092 -0.023910 0.213000 0.490509 -0.571041 -0.658265 0.000000
-0.008496 -0.024838 0.226000 0.088460 -0.469640 -0.878415 0.000000
-0.003182 -0.024838 0.226000 0.099226 -0.561139 -0.821752 0.000000
0.002142 -0.024948 0.227000 0.379882 -0.427571 -0.820288 0.000000
0.034397 -0.022640 0.206000 -0.133498 -0.364744 -0.921488 0.000000
0.039051 -0.022530 0.205000 -0.044066 -0.590503 -0.805831 0.000000
0.044299 -0.022750 0.207000 0.363554 -0.617257 -0.697726 0.000000
0.054598 -0.023409 0.213000 0.489692 -0.562361 -0.666297 0.000000
-0.003697 -0.024199 0.225000 0.097389 -0.640941 -0.761387 0.000000
0.001601 -0.024306 0.226000 0.449110 -0.472917 -0.758056 0.000000
0.030184 -0.022263 0.207000 -0.181964 -0.072778 -0.980608 0.000000
0.036641 -0.022048 0.205000 -0.191219 -0.467782 -0.862911 0.000000
-0.003140 -0.023459 0.223000 0.214902 -0.665419 -0.714867 0.000000
0.002675 -0.023880 0.227000 0.471360 -0.374245 -0.798599 0.000000
0.030038 -0.021671 0.206000 -0.225862 -0.123479 -0.966302 0.000000
0.034712 -0.021566 0.205000 -0.234657 -0.390452 -0.890215 0.000000
-0.007433 -0.023244 0.226000 0.401548 -0.511650 -0.759587 0.000000
-0.002091 -0.022935 0.223000 0.272104 -0.676663 -0.684168 0.000000
0.003209 -0.023346 0.227000 0.508209 -0.260966 -0.820744 0.000000
0.008660 -0.023655 0.230000 -0.194584 -0.497897 -0.845124 0.000000
0.013273 -0.022318 0.217000 -0.567963 -0.583607 -0.580362 0.000000
0.033748 -0.021084 0.205000 -0.317080 -0.244348 -0.916381 0.000000
0.038860 -0.020981 0.204000 -0.306115 -0.530986 -0.790157 0.000000
-0.006342 -0.022612 0.225000 0.529776 -0.556509 -0.640027 0.000000
-0.001047 -0.022511 0.224000 0.328039 -0.616245 -0.715984 0.000000
0.004295 -0.022913 0.228000 0.296491 -0.049187 -0.953768 0.000000
0.009530 -0.022612 0.225000 -0.661200 -0.533052 -0.527892 0.000000
0.014227 -0.021707 0.216000 -0.558255 -0.577932 -0.595270 0.000000
0.020348 -0.021205 0.211000 -0.485389 -0.339745 -0.805587 0.000000
0.025439 -0.020903 0.208000 -0.277415 -0.196940 -0.940349 0.000000
0.030184 -0.020803 0.207000 -0.193709 -0.127737 -0.972708 0.000000
0.034712 -0.020602 0.205000 -0.292954 -0.377601 -0.878405 0.000000
0.039147 -0.020401 0.203000 -0.383777 -0.549167 -0.742382 0.000000
0.043055 -0.019999 0.199000 -0.503397 -0.439932 -0.743674 0.000000
-0.001047 -0.021985 0.224000 0.405597 -0.521651 -0.750580 0.000000
0.004277 -0.022279 0.227000 0.089798 -0.297451 -0.950505 0.000000
0.009445 -0.021886 0.223000 -0.705393 -0.473099 -0.527823 0.000000
0.014227 -0.021199 0.216000 -0.523535 -0.633479 -0.569750 0.000000
0.018860 -0.020709 0.211000 -0.460773 -0.523948 -0.716356 0.000000
0.023595 -0.020512 0.209000 -0.352165 -0.271180 -0.895791 0.000000
0.029210 -0.020316 0.207000 -0.196442 -0.141849 -0.970201 0.000000
0.033913 -0.020218 0.206000 -0.361110 -0.212912 -0.907892 0.000000
0.038381 -0.020022 0.204000 -0.360691 -0.474179 -0.803154 0.000000
0.042542 -0.019727 0.201000 -0.381262 -0.591817 -0.710206 0.000000
-0.001574 -0.021458 0.224000 0.409427 -0.534298 -0.739524 0.000000
0.003743 -0.021745 0.227000 0.158245 0.027662 -0.987012 0.000000
0.008840 -0.021170 0.221000 0.754758 0.345292 0.557776 0.000000
0.013656 -0.020596 0.215000 -0.420367 -0.691104 -0.587935 0.000000
0.018363 -0.020212 0.211000 -0.458968 -0.572327 -0.679551 0.000000
0.023104 -0.020021 0.209000 -0.364556 -0.292640 -0.884003 0.000000
0.027750 -0.019829 0.207000 -0.208890 -0.245486 -0.946626 0.000000
0.032460 -0.019734 0.206000 -0.323416 -0.225723 -0.918940 0.000000
0.036942 -0.019542 0.204000 -0.334328 -0.458010 -0.823682 0.000000
0.041329 -0.019350 0.202000 -0.446921 -0.401441 -0.799441 0.000000
-0.003112 -0.020651 0.221000 0.338894 -0.637490 -0.691923 0.000000
0.002675 -0.021211 0.227000 0.569126 -0.163697 -0.805791 0.000000
0.007836 -0.020744 0.222000 0.710349 0.279266 0.646076 0.000000
0.012586 -0.019997 0.214000 -0.498391 -0.662455 -0.559249 0.000000
0.017371 -0.019716 0.211000 -0.435817 -0.622820 -0.649737 0.000000
0.022121 -0.019529 0.209000 -0.317501 -0.508571 -0.800343 0.000000
0.026777 -0.019343 0.207000 -0.241693 -0.289812 -0.926063 0.000000
0.031491 -0.019249 0.206000 -0.288076 -0.206553 -0.935066 0.000000
0.035982 -0.019062 0.204000 -0.394521 -0.367393 -0.842245 0.000000
0.040379 -0.018875 0.202000 -0.403942 -0.407527 -0.818995 0.000000
-0.003631 -0.020131 0.221000 0.389149 -0.716007 -0.579566 0.000000
0.003743 -0.020678 0.227000 -0.095965 0.157876 -0.982785 0.000000
0.008680 -0.019767 0.217000 0.774440 0.506111 0.379597 0.000000
0.014030 -0.019402 0.213000 -0.464640 -0.654572 -0.596359 0.000000
0.018681 -0.019038 0.209000 -0.399044 -0.585803 -0.705407 0.000000
0.024460 -0.018947 0.208000 -0.286028 -0.365436 -0.885802 0.000000
0.029210 -0.018856 0.207000 -0.197109 -0.254523 -0.946766 0.000000
0.033913 -0.018765 0.206000 -0.383971 -0.294283 -0.875193 0.000000
0.038192 -0.018491 0.203000 -0.408017 -0.417384 -0.811981 0.000000
0.042119 -0.018127 0.199000 -0.438541 -0.475224 -0.762787 0.000000
0.000543 -0.020233 0.228000 -0.099316 0.576159 -0.811281 0.000000
0.005852 -0.020055 0.226000 0.641850 -0.130864 0.755581 0.000000
0.010524 -0.018902 0.213000 -0.580331 -0.568336 -0.583275 0.000000
0.015386 -0.018724 0.211000 -0.480980 -0.600621 -0.638681 0.000000
0.021319 -0.018280 0.206000 -0.197690 -0.719513 -0.665747 0.000000
0.026290 -0.018369 0.207000 -0.168462 -0.341123 -0.924800 0.000000
0.031007 -0.018280 0.206000 -0.241903 -0.299287 -0.922990 0.000000
0.035502 -0.018103 0.204000 -0.395174 -0.367896 -0.841719 0.000000
0.039904 -0.017925 0.202000 -0.391862 -0.392254 -0.832215 0.000000
0.043789 -0.017393 0.196000 -0.353813 -0.603470 -0.714591 0.000000
0.003743 -0.019610 0.227000 0.383305 -0.526808 0.758650 0.000000
0.009064 -0.018487 0.214000 0.852679 0.335434 0.400527 0.000000
0.013898 -0.018228 0.211000 -0.494428 -0.570153 -0.656099 0.000000
0.020054 -0.017537 0.203000 0.233175 -0.843998 -0.483008 0.000000
0.025316 -0.017882 0.207000 -0.025539 -0.584481 -0.811006 0.000000
0.030184 -0.017882 0.207000 -0.191442 -0.333298 -0.923180 0.000000
0.034712 -0.017710 0.205000 -0.425964 -0.360467 -0.829830 0.000000
0.038954 -0.017450 0.202000 -0.360503 -0.522246 -0.772849 0.000000
0.043549 -0.017018 0.197000 -0.353813 -0.603470 -0.714591 0.000000
0.004277 -0.019076 0.227000 0.411824 -0.547380 0.728544 0.000000
0.009522 -0.017900 0.213000 0.817661 0.367093 0.443479 0.000000
0.014326 -0.017648 0.210000 -0.451941 -0.582982 -0.675190 0.000000
0.021855 -0.016975 0.202000 0.255743 -0.825324 -0.503424 0.000000
0.027263 -0.017396 0.207000 -0.148726 -0.503007 -0.851390 0.000000
0.031975 -0.017312 0.206000 -0.325796 -0.323730 -0.888288 0.000000
0.036283 -0.017059 0.203000 -0.420900 -0.454858 -0.784824 0.000000
0.040450 -0.016807 0.200000 -0.438806 -0.474450 -0.763116 0.000000
-0.002709 -0.018869 0.231000 0.344141 -0.718830 0.604028 0.000000
0.003759 -0.018624 0.228000 0.468150 -0.543577 0.696678 0.000000
0.009522 -0.017399 0.213000 0.823394 0.267468 0.500483 0.000000
0.014749 -0.017072 0.209000 -0.495993 -0.584530 -0.642118 0.000000
0.020025 -0.016174 0.198000 0.342513 -0.781866 -0.520932 0.000000
0.026647 -0.016827 0.206000 0.004973 -0.588158 -0.808731 0.000000
0.031491 -0.016827 0.206000 -0.239841 -0.386227 -0.890677 0.000000
0.035806 -0.016582 0.203000 -0.434184 -0.515254 -0.738916 0.000000
0.039979 -0.016337 0.200000 -0.395826 -0.530628 -0.749504 0.000000
0.044235 -0.016174 0.198000 -0.391083 -0.582774 -0.712340 0.000000
0.003237 -0.018167 0.229000 0.474523 -0.471893 0.743064 0.000000
0.009064 -0.016977 0.214000 0.912172 0.085626 0.400763 0.000000
0.013766 -0.016581 0.209000 -0.558884 -0.445655 -0.699314 0.000000
0.018163 -0.015708 0.198000 -0.001703 -0.958246 -0.285939 0.000000
0.025429 -0.016184 0.204000 0.278943 -0.680434 -0.677643 0.000000
0.030522 -0.016343 0.206000 -0.186129 -0.409301 -0.893212 0.000000
0.034851 -0.016105 0.203000 -0.451328 -0.507642 -0.733895 0.000000
0.039234 -0.015946 0.201000 -0.261732 -0.546706 -0.795368 0.000000
0.043523 -0.015787 0.199000 -0.391083 -0.582774 -0.712340 0.000000
0.002160 -0.017629 0.229000 0.384848 -0.600248 0.701138 0.000000
0.007347 -0.017167 0.223000 0.826590 -0.153531 0.541459 0.000000
0.012906 -0.016243 0.211000 -0.648787 -0.366845 -0.666709 0.000000
0.017232 -0.015243 0.198000 -0.055084 -0.969057 -0.240614 0.000000
0.021998 -0.015320 0.199000 0.334786 -0.787327 -0.517720 0.000000
0.027482 -0.015781 0.205000 0.095320 -0.613442 -0.783966 0.000000
0.032145 -0.015704 0.204000 -0.309053 -0.492645 -0.813503 0.000000
0.036579 -0.015550 0.202000 -0.406170 -0.554700 -0.726178 0.000000
0.040920 -0.015397 0.200000 -0.395826 -0.530628 -0.749504 0.000000
-0.002185 -0.017389 0.233000 0.408782 -0.647844 0.642803 0.000000
0.004314 -0.017091 0.229000 0.553192 -0.492260 0.672056 0.000000
0.010070 -0.015971 0.214000 0.891794 -0.045798 0.450117 0.000000
0.014749 -0.015598 0.209000 -0.548582 -0.488538 -0.678519 0.000000
0.019823 -0.014628 0.196000 0.334786 -0.787327 -0.517720 0.000000
0.025180 -0.015076 0.202000 0.307421 -0.772400 -0.555779 0.000000
0.030374 -0.015299 0.205000 -0.122160 -0.546454 -0.828532 0.000000
0.034851 -0.015150 0.203000 -0.432325 -0.544656 -0.718641 0.000000
0.039039 -0.014926 0.200000 -0.316581 -0.669610 -0.671863 0.000000
0.043960 -0.015001 0.201000 -0.440676 -0.477216 -0.760309 0.000000
0.002170 -0.016624 0.230000 0.447876 -0.602750 0.660378 0.000000
0.007446 -0.016335 0.226000 0.752348 -0.345612 0.560825 0.000000
0.012468 -0.015323 0.212000 0.801410 -0.013180 0.597971 0.000000
0.017145 -0.014239 0.197000 0.071616 -0.967292 -0.243347 0.000000
0.021777 -0.014239 0.197000 0.334786 -0.787327 -0.517720 0.000000
0.027348 -0.014745 0.204000 0.207750 -0.661769 -0.720348 0.000000
0.032145 -0.014745 0.204000 -0.338327 -0.542966 -0.768585 0.000000
0.036036 -0.014384 0.199000 -0.411184 -0.637591 -0.651464 0.000000
0.040920 -0.014456 0.200000 -0.392340 -0.647869 -0.652944 0.000000
-0.001651 -0.016433 0.235000 0.412847 -0.666452 0.620805 0.000000
0.004333 -0.016084 0.230000 0.543430 -0.562885 0.622772 0.000000
0.010164 -0.015105 0.216000 0.898788 0.046289 0.435934 0.000000
0.014749 -0.014615 0.209000 -0.687527 -0.448091 -0.571421 0.000000
0.019362 -0.013706 0.196000 0.334786 -0.787327 -0.517720 0.000000
0.024460 -0.013986 0.200000 0.309519 -0.812030 -0.494777 0.000000
0.029746 -0.014265 0.204000 -0.075375 -0.590159 -0.803761 0.000000
0.034204 -0.014126 0.202000 -0.415212 -0.611951 -0.673138 0.000000
0.038183 -0.013846 0.198000 -0.363297 -0.716005 -0.596114 0.000000
0.043488 -0.014056 0.201000 -0.397676 -0.593900 -0.699384 0.000000
0.000552 -0.015678 0.232000 0.418834 -0.633021 0.651047 0.000000
0.005981 -0.015610 0.231000 0.576140 -0.487287 0.656212 0.000000
0.011634 -0.014529 0.215000 0.891794 -0.045798 0.450117 0.000000
0.016548 -0.013583 0.201000 -0.079634 -0.972333 -0.219607 0.000000
0.020745 -0.013245 0.196000 0.321410 -0.805347 -0.498108 0.000000
0.026130 -0.013651 0.202000 0.275225 -0.745698 -0.606783 0.000000
0.031185 -0.013786 0.204000 -0.234811 -0.568668 -0.788340 0.000000
0.035100 -0.013448 0.199000 -0.395097 -0.649855 -0.649297 0.000000
0.039780 -0.013448 0.199000 -0.343351 -0.706699 -0.618617 0.000000
0.054295 -0.014056 0.208000 0.459178 -0.617475 -0.638655 0.000000
0.002734 -0.015132 0.232000 0.487895 -0.624181 0.610211 0.000000
0.009360 -0.014415 0.221000 0.921935 0.024126 0.386592 0.000000
0.013898 -0.013763 0.211000 0.707490 -0.070606 0.703188 0.000000
0.018441 -0.012784 0.196000 0.086944 -0.971262 -0.221566 0.000000
0.023284 -0.012915 0.198000 0.313258 -0.814441 -0.488422 0.000000
0.028787 -0.013306 0.204000 0.045121 -0.725218 -0.687039 0.000000
0.033419 -0.013241 0.203000 -0.362774 -0.614274 -0.700758 0.000000
0.039780 -0.012980 0.199000 -0.343351 -0.706699 -0.618617 0.000000
-0.001103 -0.014838 0.236000 0.412847 -0.666452 0.620805 0.000000
0.004352 -0.014524 0.231000 0.494026 -0.601256 0.628036 0.000000
0.010820 -0.013769 0.219000 0.940096 0.078586 0.331728 0.000000
0.015314 -0.013204 0.210000 -0.673221 -0.453716 -0.583879 0.000000
0.019924 -0.012386 0.197000 0.139291 -0.939875 -0.311823 0.000000
0.024806 -0.012512 0.199000 0.311637 -0.807342 -0.501079 0.000000
0.031987 -0.012763 0.203000 -0.239141 -0.691000 -0.682152 0.000000
0.037604 -0.012260 0.195000 -0.381490 -0.727887 -0.569777 0.000000
0.001112 -0.014223 0.235000 0.460144 -0.652064 0.602562 0.000000
0.006553 -0.014041 0.232000 0.562592 -0.573157 0.595803 0.000000
0.012704 -0.013073 0.216000 0.891794 -0.045798 0.450117 0.000000
0.020801 -0.012165 0.201000 0.334786 -0.787327 -0.517720 0.000000
0.028646 -0.012286 0.203000 0.046976 -0.817658 -0.573784 0.000000
-0.002791 -0.013845 0.238000 0.412847 -0.666452 0.620805 0.000000
0.002758 -0.013612 0.234000 0.461964 -0.662486 0.589663 0.000000
0.008013 -0.013205 0.227000 0.781521 -0.301746 0.546053 0.000000
0.012763 -0.012623 0.217000 0.889853 -0.047401 0.453779 0.000000
-0.003911 -0.013285 0.238000 0.469759 -0.623627 0.624832 0.000000
0.001672 -0.013174 0.236000 0.461964 -0.662486 0.589663 0.000000
0.007068 -0.012894 0.231000 0.621166 -0.566092 0.541935 0.000000
0.011850 -0.012225 0.219000 0.924109 -0.021387 0.381530 0.000000
-0.002803 -0.012779 0.239000 0.460144 -0.652064 0.602562 0.000000
0.002781 -0.012619 0.236000 0.461964 -0.662486 0.589663 0.000000
-0.004527 -0.012319 0.241000 0.469759 -0.623627 0.624832 0.000000
