0.007191 -0.003027 0.191000 -0.545776 0.148618 0.824646 1.000000
0.012172 -0.003153 0.199000 -0.789542 -0.404335 0.461668 1.000000
-0.001307 -0.002510 0.186000 -0.312749 -0.065363 0.947584 1.000000
0.003116 -0.002551 0.189000 -0.424131 0.142913 0.894253 1.000000
0.007640 -0.002578 0.191000 -0.566332 0.148621 0.810667 1.000000
0.012703 -0.002699 0.200000 -0.768720 -0.444418 0.459958 1.000000
-0.005215 -0.002062 0.185000 -0.372640 0.028840 0.927528 1.000000
-0.000874 -0.002084 0.187000 -0.437468 0.080677 0.895608 1.000000
0.003561 -0.002106 0.189000 -0.463354 0.148975 0.873561 1.000000
0.008090 -0.002128 0.191000 -0.655203 0.038842 0.754454 1.000000
0.013239 -0.002240 0.201000 -0.781830 -0.334303 0.526291 1.000000
-0.009461 -0.001609 0.183000 -0.507690 0.139856 0.850113 1.000000
-0.005215 -0.001627 0.185000 -0.352216 0.027013 0.935529 1.000000
-0.000874 -0.001644 0.187000 -0.383405 0.207206 0.900037 1.000000
0.003561 -0.001662 0.189000 -0.435897 0.190265 0.879655 1.000000
0.008090 -0.001679 0.191000 -0.660223 0.056576 0.748936 1.000000
0.013239 -0.001767 0.201000 -0.790646 -0.268494 0.550263 1.000000
-0.013189 -0.001166 0.181000 -0.198841 -0.236469 0.951075 1.000000
-0.009031 -0.001179 0.183000 -0.506153 0.145219 0.850130 1.000000
-0.004780 -0.001192 0.185000 -0.367482 0.083682 0.926258 1.000000
-0.000434 -0.001204 0.187000 -0.472783 0.188788 0.860718 1.000000
0.004005 -0.001217 0.189000 -0.444256 0.225710 0.867002 1.000000
0.008539 -0.001230 0.191000 -0.680486 0.036724 0.731840 1.000000
0.013780 -0.001301 0.202000 -0.699593 -0.299467 0.648760 1.000000
-0.017870 -0.000740 0.181000 0.098905 -0.539664 0.836051 1.000000
-0.013614 -0.000740 0.181000 -0.014258 -0.294895 0.955423 1.000000
-0.009461 -0.000748 0.183000 -0.481798 0.198592 0.853482 1.000000
-0.005215 -0.000757 0.185000 -0.331943 0.185368 0.924907 1.000000
-0.000869 -0.000761 0.186000 -0.311334 0.276080 0.909313 1.000000
0.003561 -0.000773 0.189000 -0.420375 0.294077 0.858373 1.000000
0.008090 -0.000781 0.191000 -0.674453 0.034976 0.737489 1.000000
0.013305 -0.000826 0.202000 -0.776775 -0.229212 0.586586 1.000000
-0.022676 -0.000316 0.182000 0.081298 -0.666098 0.741420 1.000000
-0.018397 -0.000316 0.182000 0.169744 -0.440066 0.881776 1.000000
-0.014040 -0.000315 0.181000 0.154938 -0.209896 0.965369 1.000000
-0.009838 -0.000316 0.182000 -0.425629 0.199340 0.882669 1.000000
-0.005650 -0.000322 0.185000 -0.355582 0.217111 0.909079 1.000000
-0.001307 -0.000323 0.186000 -0.254572 0.303536 0.918182 1.000000
0.003100 -0.000327 0.188000 -0.475215 0.360574 0.802594 1.000000
0.007600 -0.000330 0.190000 -0.590954 0.098769 0.800636 1.000000
0.012767 -0.000349 0.201000 -0.796264 -0.260754 0.545868 1.000000
-0.024092 0.000112 0.183000 0.212536 -0.698351 0.683472 1.000000
-0.019681 0.000112 0.182000 0.181582 -0.455812 0.871357 1.000000
-0.015401 0.000112 0.182000 0.154318 -0.231748 0.960458 1.000000
-0.011060 0.000111 0.181000 -0.316706 0.044546 0.947477 1.000000
-0.006917 0.000113 0.184000 -0.423013 0.266461 0.866059 1.000000
-0.002605 0.000113 0.185000 -0.280950 0.278011 0.918573 1.000000
0.001764 0.000115 0.187000 -0.450998 0.381835 0.806723 1.000000
0.006227 0.000116 0.189000 -0.439470 0.273144 0.855721 1.000000
0.011123 0.000121 0.197000 -0.879381 -0.206024 0.429236 1.000000
-0.024952 0.000543 0.183000 0.180852 -0.672070 0.718063 1.000000
-0.020537 0.000540 0.182000 0.171998 -0.468273 0.866682 1.000000
-0.016257 0.000540 0.182000 0.186298 -0.222704 0.956920 1.000000
-0.011912 0.000537 0.181000 -0.183209 0.031826 0.982559 1.000000
-0.007740 0.000543 0.183000 -0.507689 0.275506 0.816301 1.000000
-0.003475 0.000548 0.185000 -0.270662 0.327152 0.905380 1.000000
0.000880 0.000551 0.186000 -0.402679 0.413885 0.816425 1.000000
0.005338 0.000560 0.189000 -0.460381 0.287812 0.839770 1.000000
0.010093 0.000578 0.195000 -0.873805 -0.081865 0.479337 1.000000
-0.028270 0.000983 0.185000 0.209679 -0.770191 0.602363 1.000000
-0.023791 0.000978 0.184000 0.293463 -0.502020 0.813545 1.000000
-0.019253 0.000968 0.182000 0.242847 -0.338768 0.908989 1.000000
-0.014891 0.000962 0.181000 0.209598 -0.093687 0.973289 1.000000
-0.010635 0.000962 0.181000 -0.306479 0.158991 0.938505 1.000000
-0.006485 0.000978 0.184000 -0.412852 0.312814 0.855395 1.000000
-0.002170 0.000983 0.185000 -0.232345 0.405629 0.884014 1.000000
0.002192 0.000989 0.186000 -0.441894 0.434640 0.784740 1.000000
0.006672 0.001005 0.189000 -0.547923 0.218353 0.807529 1.000000
0.011645 0.001053 0.198000 -0.864291 -0.200037 0.461505 1.000000
-0.029895 0.001434 0.187000 0.281931 -0.733329 0.618663 1.000000
-0.025225 0.001419 0.185000 0.311681 -0.505209 0.804747 1.000000
-0.020649 0.001403 0.183000 0.240755 -0.321896 0.915653 1.000000
-0.016257 0.001396 0.182000 0.180192 -0.120151 0.976266 1.000000
-0.011912 0.001388 0.181000 -0.200289 0.108204 0.973743 1.000000
-0.007740 0.001403 0.183000 -0.449415 0.346177 0.823521 1.000000
-0.003475 0.001419 0.185000 -0.233740 0.398259 0.886992 1.000000
0.000875 0.001419 0.185000 -0.322489 0.406036 0.855065 1.000000
0.005310 0.001442 0.188000 -0.502085 0.294587 0.813098 1.000000
0.010093 0.001495 0.195000 -0.869926 -0.076873 0.487154 1.000000
-0.031823 0.001884 0.188000 0.192374 -0.775227 0.601678 1.000000
-0.027111 0.001864 0.186000 0.387640 -0.505405 0.770910 1.000000
-0.022493 0.001843 0.184000 0.369847 -0.370959 0.851823 1.000000
-0.017969 0.001823 0.182000 0.261337 -0.195285 0.945287 1.000000
-0.013614 0.001813 0.181000 0.157448 -0.011126 0.987465 1.000000
-0.009358 0.001813 0.181000 -0.340550 0.229325 0.911831 1.000000
-0.005187 0.001843 0.184000 -0.343470 0.402834 0.848383 1.000000
-0.000865 0.001854 0.185000 -0.213047 0.438008 0.873361 1.000000
0.003523 0.001874 0.187000 -0.506122 0.359914 0.783775 1.000000
0.008090 0.001914 0.191000 -0.781060 -0.016464 0.624239 1.000000
0.015506 0.002064 0.206000 0.403090 0.127153 -0.906284 1.000000
-0.030497 0.002326 0.188000 0.342592 -0.627522 0.699176 1.000000
-0.025799 0.002301 0.186000 0.411732 -0.363838 0.835523 1.000000
-0.021080 0.002264 0.183000 0.304254 -0.315655 0.898772 1.000000
-0.016685 0.002251 0.182000 0.243581 -0.101358 0.964570 1.000000
-0.012269 0.002227 0.180000 0.041015 0.012663 0.999078 1.000000
-0.008126 0.002251 0.182000 -0.409895 0.326322 0.851763 1.000000
-0.003889 0.002276 0.184000 -0.276749 0.412866 0.867728 1.000000
0.000440 0.002289 0.185000 -0.309999 0.418304 0.853770 1.000000
0.004868 0.002326 0.188000 -0.516511 0.331312 0.789588 1.000000
0.009585 0.002400 0.194000 -0.843664 -0.064399 0.532995 1.000000
-0.034395 0.002797 0.190000 0.091244 -0.867370 0.489229 1.000000
-0.029613 0.002768 0.188000 0.438566 -0.488133 0.754577 1.000000
-0.024790 0.002724 0.185000 0.319973 -0.318288 0.892362 1.000000
-0.020219 0.002694 0.183000 0.324476 -0.167984 0.930858 1.000000
-0.015742 0.002665 0.181000 0.211038 -0.052386 0.976073 1.000000
-0.011423 0.002650 0.180000 -0.086124 0.061404 0.994390 1.000000
-0.007270 0.002679 0.182000 -0.385158 0.350582 0.853666 1.000000
-0.003023 0.002709 0.184000 -0.204379 0.434500 0.877177 1.000000
0.001310 0.002724 0.185000 -0.411893 0.382251 0.827181 1.000000
0.005783 0.002782 0.189000 -0.568666 0.232192 0.789117 1.000000
0.010606 0.002885 0.196000 -0.887604 -0.078739 0.453828 1.000000
0.016395 0.003018 0.205000 0.363945 0.080681 -0.927920 1.000000
-0.030215 0.003227 0.189000 0.398733 -0.488684 0.776015 1.000000
-0.025225 0.003159 0.185000 0.365489 -0.251440 0.896212 1.000000
-0.020649 0.003124 0.183000 0.373196 -0.151351 0.915324 1.000000
-0.016168 0.003090 0.181000 0.248983 -0.061763 0.966536 1.000000
-0.011846 0.003073 0.180000 -0.045012 0.049505 0.997759 1.000000
-0.007698 0.003107 0.182000 -0.357476 0.303471 0.883242 1.000000
-0.003456 0.003141 0.184000 -0.241991 0.440897 0.864321 1.000000
0.000875 0.003159 0.185000 -0.352082 0.414202 0.839330 1.000000
0.005310 0.003210 0.188000 -0.584209 0.259812 0.768893 1.000000
0.010093 0.003329 0.195000 -0.872994 -0.039219 0.486152 1.000000
0.015431 0.003500 0.205000 0.363945 0.080681 -0.927920 1.000000
-0.031268 0.003691 0.190000 0.517548 -0.518171 0.680913 1.000000
-0.026236 0.003613 0.186000 0.500024 -0.154266 0.852161 1.000000
-0.021628 0.003574 0.184000 0.390897 -0.177862 0.903086 1.000000
-0.017113 0.003535 0.182000 0.275854 -0.022703 0.960931 1.000000
-0.012763 0.003516 0.181000 0.113855 -0.027031 0.993130 1.000000
-0.008507 0.003516 0.181000 -0.244669 0.191824 0.950442 1.000000
-0.004298 0.003555 0.183000 -0.293179 0.443411 0.847014 1.000000
0.000005 0.003574 0.184000 -0.246744 0.501218 0.829396 1.000000
0.004402 0.003632 0.187000 -0.532146 0.320393 0.783689 1.000000
0.009082 0.003749 0.193000 -0.838603 -0.087513 0.537668 1.000000
0.014467 0.003982 0.205000 0.451975 0.100071 -0.886400 1.000000
-0.036403 0.004268 0.196000 0.276044 0.940444 -0.198408 1.000000
-0.030821 0.004137 0.190000 0.517548 -0.518171 0.680913 1.000000
-0.025799 0.004050 0.186000 0.444930 -0.168196 0.879629 1.000000
-0.021195 0.004007 0.184000 0.419759 -0.083435 0.903792 1.000000
-0.016593 0.003941 0.181000 0.255420 0.008503 0.966793 1.000000
-0.012337 0.003941 0.181000 0.080082 -0.001562 0.996787 1.000000
-0.008081 0.003941 0.181000 -0.281752 0.245030 0.927673 1.000000
-0.003868 0.003985 0.183000 -0.273005 0.453069 0.848644 1.000000
0.000438 0.004007 0.184000 -0.283601 0.503488 0.816131 1.000000
0.004842 0.004072 0.187000 -0.532146 0.320393 0.783689 1.000000
0.009585 0.004225 0.194000 -0.842323 -0.079237 0.533117 1.000000
0.014876 0.004442 0.204000 0.435732 0.060836 -0.898018 1.000000
-0.036775 0.004777 0.198000 0.273287 0.952508 -0.134325 1.000000
-0.030821 0.004584 0.190000 0.538231 -0.512396 0.669146 1.000000
-0.025660 0.004464 0.185000 0.434382 -0.198778 0.878521 1.000000
-0.021195 0.004439 0.184000 0.426750 -0.057419 0.902545 1.000000
-0.016685 0.004391 0.182000 0.267755 0.004905 0.963475 1.000000
-0.012337 0.004367 0.181000 0.068841 -0.010223 0.997575 1.000000
-0.008081 0.004367 0.181000 -0.275445 0.213881 0.937222 1.000000
-0.003868 0.004415 0.183000 -0.282129 0.458359 0.842799 1.000000
0.000438 0.004439 0.184000 -0.315440 0.490883 0.812116 1.000000
0.004868 0.004536 0.188000 -0.604134 0.263502 0.752056 1.000000
0.009585 0.004681 0.194000 -0.838603 -0.087513 0.537668 1.000000
0.016315 0.004922 0.204000 0.303068 -0.218889 -0.927490 1.000000
-0.034384 0.005163 0.195000 0.270475 0.921678 -0.278124 1.000000
-0.028729 0.004978 0.188000 0.556062 -0.338593 0.759045 1.000000
-0.023920 0.004899 0.185000 0.410274 -0.093740 0.907132 1.000000
-0.019359 0.004846 0.183000 0.359870 -0.022979 0.932719 1.000000
-0.014891 0.004793 0.181000 0.203457 -0.066160 0.976846 1.000000
-0.010635 0.004793 0.181000 -0.113878 0.099279 0.988522 1.000000
-0.006414 0.004819 0.182000 -0.299453 0.329179 0.895527 1.000000
-0.002146 0.004846 0.183000 -0.205755 0.510387 0.834967 1.000000
0.011763 0.005296 0.200000 -0.839728 0.131680 0.526800 1.000000
-0.039893 0.005824 0.202000 0.376385 0.906998 -0.188914 1.000000
-0.033751 0.005593 0.194000 0.620872 -0.526511 0.580778 1.000000
-0.028136 0.005391 0.187000 0.585575 -0.217840 0.780800 1.000000
-0.023485 0.005334 0.185000 0.414193 -0.028225 0.909751 1.000000
-0.018825 0.005247 0.182000 0.373573 0.010973 0.927536 1.000000
-0.014465 0.005218 0.181000 0.202323 -0.053697 0.977846 1.000000
-0.010209 0.005218 0.181000 -0.153929 0.111840 0.981732 1.000000
-0.005986 0.005247 0.182000 -0.292489 0.349452 0.890131 1.000000
-0.001716 0.005276 0.183000 -0.205755 0.510387 0.834967 1.000000
0.014876 0.005881 0.204000 0.456851 -0.254222 -0.852443 1.000000
-0.035199 0.006143 0.197000 0.257803 0.961190 -0.098241 1.000000
-0.029171 0.005862 0.188000 0.556179 -0.326263 0.764342 1.000000
-0.024355 0.005769 0.185000 0.440619 -0.038304 0.896877 1.000000
-0.019789 0.005706 0.183000 0.389585 0.021036 0.920750 1.000000
-0.015401 0.005675 0.182000 0.204186 0.022163 0.978681 1.000000
-0.011060 0.005644 0.181000 -0.000101 0.050257 0.998736 1.000000
-0.006804 0.005644 0.181000 -0.127507 0.483561 0.865974 1.000000
-0.002577 0.005706 0.183000 -0.192003 0.642823 0.741561 1.000000
0.002615 0.005769 0.185000 -0.432729 0.431597 0.791498 1.000000
-0.035199 0.006606 0.197000 0.257803 0.961190 -0.098241 1.000000
-0.029171 0.006304 0.188000 0.579135 -0.272379 0.768383 1.000000
-0.024355 0.006204 0.185000 0.451089 -0.047528 0.891213 1.000000
-0.019789 0.006137 0.183000 0.400822 0.019678 0.915945 1.000000
-0.015401 0.006103 0.182000 0.215635 0.028963 0.976044 1.000000
-0.011060 0.006069 0.181000 0.030000 0.041861 0.998673 1.000000
-0.006804 0.006069 0.181000 -0.104740 0.451815 0.885942 1.000000
-0.001707 0.006103 0.182000 -0.168578 0.651725 0.739484 1.000000
-0.037993 0.007249 0.202000 0.221917 0.901592 -0.371328 1.000000
-0.031433 0.006854 0.191000 0.648543 -0.522953 0.553093 1.000000
-0.026236 0.006674 0.186000 0.519640 -0.090261 0.849604 1.000000
-0.021628 0.006603 0.184000 0.431334 0.035313 0.901501 1.000000
-0.017113 0.006531 0.182000 0.313275 0.010349 0.949606 1.000000
-0.012763 0.006495 0.181000 0.164228 -0.062560 0.984437 1.000000
-0.008507 0.006495 0.181000 -0.185700 0.138430 0.972807 1.000000
-0.000418 0.006459 0.180000 -0.168578 0.651725 0.739484 1.000000
-0.034736 0.007532 0.197000 0.257803 0.961190 -0.098241 1.000000
-0.028729 0.007188 0.188000 0.599677 -0.208059 0.772722 1.000000
-0.023920 0.007074 0.185000 0.444849 -0.015517 0.895471 1.000000
-0.019253 0.006959 0.182000 0.361281 0.043328 0.931450 1.000000
-0.014891 0.006921 0.181000 0.171146 0.024932 0.984930 1.000000
-0.010576 0.006882 0.180000 -0.088239 0.070432 0.993606 1.000000
-0.006379 0.006921 0.181000 -0.113896 0.518395 0.847522 1.000000
-0.037332 0.008158 0.201000 0.193177 0.826492 -0.528766 1.000000
-0.030984 0.007752 0.191000 0.652092 -0.517949 0.553628 1.000000
-0.025660 0.007509 0.185000 0.478948 -0.075341 0.874604 1.000000
-0.021080 0.007427 0.183000 0.402336 0.053709 0.913915 1.000000
-0.016685 0.007387 0.182000 0.275919 0.030842 0.960686 1.000000
-0.012337 0.007346 0.181000 0.132070 -0.001061 0.991240 1.000000
-0.008081 0.007346 0.181000 0.005587 0.420496 0.907277 1.000000
-0.040909 0.008588 0.200000 0.291346 0.956413 -0.019808 1.000000
-0.036025 0.008545 0.199000 0.228844 0.973407 0.010479 1.000000
-0.029928 0.008158 0.190000 0.616222 -0.426373 0.662176 1.000000
-0.024790 0.007944 0.185000 0.488571 -0.055391 0.870764 1.000000
-0.020219 0.007858 0.183000 0.398098 0.051534 0.915894 1.000000
-0.015742 0.007772 0.181000 0.229090 0.028562 0.972986 1.000000
-0.011423 0.007729 0.180000 0.044445 -0.007757 0.998982 1.000000
-0.040843 0.009149 0.202000 0.705397 0.446257 -0.550699 1.000000
-0.034736 0.008922 0.197000 0.356588 0.928441 0.104128 1.000000
-0.028881 0.008560 0.189000 0.621253 -0.250179 0.742601 1.000000
-0.018825 0.008243 0.182000 0.391852 0.066597 0.917615 1.000000
-0.040295 0.009385 0.197000 0.253797 0.967191 0.011359 1.000000
-0.035378 0.009433 0.198000 0.283013 0.958972 0.016596 1.000000
-0.017870 0.008623 0.181000 0.323789 0.030325 0.945643 1.000000
0.007413 0.015436 0.210000 -0.821018 0.011346 0.570789 2.000000
0.007831 0.015778 0.208000 -0.773511 0.342779 0.533089 2.000000
0.000904 0.014938 0.191000 -0.606064 -0.098133 0.789339 2.000000
0.007236 0.016033 0.205000 0.616577 -0.718146 -0.322645 2.000000
-0.003531 0.015145 0.188000 -0.466681 -0.186125 0.864619 2.000000
0.000904 0.015387 0.191000 -0.603075 -0.110082 0.790052 2.000000
0.005677 0.016193 0.201000 0.598359 -0.723354 -0.344565 2.000000
0.010869 0.016918 0.210000 0.339814 -0.760314 -0.553578 2.000000
-0.007430 0.015422 0.186000 -0.152492 -0.263782 0.952452 2.000000
-0.003089 0.015587 0.188000 -0.505029 -0.151905 0.849630 2.000000
0.001353 0.015836 0.191000 -0.603841 -0.026926 0.796650 2.000000
0.006119 0.016582 0.200000 0.642885 -0.674311 -0.363322 2.000000
-0.040304 0.018502 0.217000 -0.620804 -0.600024 -0.504553 2.000000
-0.035039 0.018417 0.216000 -0.726684 -0.566553 -0.388520 2.000000
-0.008742 0.015859 0.186000 -0.095088 -0.286810 0.953257 2.000000
-0.004392 0.015944 0.187000 -0.394869 -0.218075 0.892480 2.000000
0.000005 0.016200 0.190000 -0.544339 -0.133399 0.828191 2.000000
0.004614 0.016712 0.196000 -0.732851 0.478313 0.483887 2.000000
0.009741 0.017650 0.207000 0.450409 -0.839980 -0.302597 2.000000
-0.036384 0.018574 0.212000 0.753396 0.533738 0.384081 2.000000
-0.030755 0.018487 0.211000 -0.760971 -0.520731 -0.386991 2.000000
-0.010987 0.016384 0.187000 0.029675 -0.274916 0.961010 2.000000
-0.006555 0.016296 0.186000 -0.269243 -0.238003 0.933200 2.000000
-0.002217 0.016559 0.189000 -0.541680 -0.163497 0.824531 2.000000
0.002263 0.016822 0.192000 -0.728592 0.068368 0.681528 2.000000
0.007060 0.017523 0.200000 0.609620 -0.698248 -0.375252 2.000000
-0.039747 0.019253 0.214000 -0.684010 -0.591819 -0.426474 2.000000
-0.031785 0.018713 0.208000 -0.723676 -0.568719 -0.390964 2.000000
-0.012746 0.016824 0.187000 0.125148 -0.199736 0.971825 2.000000
-0.008305 0.016734 0.186000 -0.108202 -0.290609 0.950704 2.000000
-0.003973 0.016914 0.188000 -0.417766 -0.208912 0.884210 2.000000
0.000455 0.017184 0.191000 -0.542468 -0.083393 0.835927 2.000000
0.005101 0.017723 0.197000 -0.654911 0.598224 0.461757 2.000000
0.010178 0.018533 0.206000 0.450409 -0.839980 -0.302597 2.000000
-0.034553 0.019110 0.207000 0.745000 0.544637 0.385157 2.000000
-0.018660 0.017448 0.189000 0.294490 -0.000737 0.955654 2.000000
-0.012746 0.017263 0.187000 0.119421 -0.220684 0.968007 2.000000
-0.008305 0.017171 0.186000 -0.108202 -0.290609 0.950704 2.000000
-0.003973 0.017356 0.188000 -0.426736 -0.218547 0.877572 2.000000
0.000455 0.017633 0.191000 -0.546929 -0.049982 0.835685 2.000000
0.005101 0.018187 0.197000 0.653631 -0.582112 -0.483644 2.000000
0.010178 0.019017 0.206000 0.450409 -0.839980 -0.302597 2.000000
-0.034701 0.019407 0.205000 0.762913 0.484682 0.427839 2.000000
-0.022780 0.017987 0.190000 0.450399 0.113744 0.885553 2.000000
-0.017677 0.017798 0.188000 0.293069 -0.013367 0.955998 2.000000
-0.012307 0.017703 0.187000 0.093373 -0.244111 0.965242 2.000000
-0.007867 0.017608 0.186000 -0.163602 -0.291711 0.942411 2.000000
-0.003531 0.017798 0.188000 -0.459839 -0.195133 0.866298 2.000000
0.000904 0.018082 0.191000 -0.557134 -0.000603 0.830423 2.000000
0.005564 0.018650 0.197000 0.658171 -0.586336 -0.472250 2.000000
0.010662 0.019502 0.206000 0.385087 -0.874402 -0.295178 2.000000
-0.033408 0.019695 0.203000 0.771689 0.488011 0.407850 2.000000
-0.027788 0.019113 0.197000 0.706359 0.171725 0.686707 2.000000
-0.021886 0.018434 0.190000 0.450399 0.113744 0.885553 2.000000
-0.017235 0.018240 0.188000 0.294800 0.005815 0.955541 2.000000
-0.012746 0.018143 0.187000 0.098141 -0.234399 0.967174 2.000000
-0.008349 0.018143 0.187000 -0.091518 -0.313637 0.945122 2.000000
-0.003973 0.018240 0.188000 -0.437341 -0.156684 0.885541 2.000000
0.000455 0.018531 0.191000 -0.548116 0.006389 0.836378 2.000000
0.005101 0.019113 0.197000 0.653631 -0.582112 -0.483644 2.000000
-0.040062 0.021166 0.213000 -0.684010 -0.591819 -0.426474 2.000000
-0.033078 0.019974 0.201000 0.773790 0.383652 0.504044 2.000000
-0.027647 0.019477 0.196000 0.693409 0.131158 0.708507 2.000000
-0.022333 0.018881 0.190000 0.465290 0.148570 0.872601 2.000000
-0.017677 0.018682 0.188000 0.298891 0.013070 0.954198 2.000000
-0.013186 0.018583 0.187000 0.089741 -0.172139 0.980976 2.000000
-0.008789 0.018583 0.187000 0.002115 -0.307239 0.951630 2.000000
-0.004415 0.018682 0.188000 -0.403490 -0.168454 0.899344 2.000000
0.000005 0.018980 0.191000 -0.539239 0.017340 0.841974 2.000000
0.004614 0.019477 0.196000 -0.677378 0.515048 0.525247 2.000000
-0.037473 0.021057 0.207000 0.755610 0.534160 0.379113 2.000000
-0.031188 0.020141 0.198000 0.742369 0.228037 0.629989 2.000000
-0.025862 0.019633 0.193000 0.669274 0.105888 0.735432 2.000000
-0.020993 0.019327 0.190000 0.423614 0.086980 0.901657 2.000000
-0.016351 0.019124 0.188000 0.239013 -0.038022 0.970272 2.000000
-0.011867 0.019022 0.187000 0.078416 -0.245146 0.966310 2.000000
-0.007470 0.019022 0.187000 -0.217326 -0.288120 0.932607 2.000000
-0.003089 0.019124 0.188000 -0.468148 -0.108161 0.877005 2.000000
0.001353 0.019429 0.191000 -0.541857 0.116979 0.832290 2.000000
0.006058 0.020141 0.198000 0.608222 -0.656739 -0.445825 2.000000
-0.034193 0.021023 0.202000 0.787079 0.390101 0.477836 2.000000
-0.028423 0.020295 0.195000 0.682136 0.133787 0.718882 2.000000
-0.023226 0.019774 0.190000 0.477294 0.199648 0.855764 2.000000
-0.018660 0.019670 0.189000 0.290360 0.019273 0.956723 2.000000
-0.014065 0.019462 0.187000 0.087939 -0.160771 0.983066 2.000000
-0.009668 0.019462 0.187000 0.004555 -0.291769 0.956478 2.000000
-0.005299 0.019566 0.188000 -0.330342 -0.184346 0.925684 2.000000
-0.000893 0.019878 0.191000 -0.527553 0.053830 0.847815 2.000000
0.003655 0.020191 0.194000 -0.705034 0.385536 0.595222 2.000000
-0.036147 0.021817 0.205000 0.785344 0.477573 0.393902 2.000000
-0.029951 0.020860 0.196000 0.680788 0.195323 0.705958 2.000000
-0.024825 0.020434 0.192000 0.658615 0.157422 0.735830 2.000000
-0.019993 0.020115 0.189000 0.336005 0.089724 0.937577 2.000000
-0.015385 0.019902 0.187000 0.204300 -0.067664 0.976567 2.000000
-0.010987 0.019902 0.187000 0.053995 -0.244451 0.968157 2.000000
-0.006626 0.020008 0.188000 -0.169260 -0.212641 0.962359 2.000000
-0.002228 0.020221 0.190000 -0.467027 0.047768 0.882952 2.000000
0.002263 0.020434 0.192000 -0.577084 0.193740 0.793371 2.000000
-0.035491 0.022191 0.204000 0.770112 0.491236 0.406958 2.000000
-0.029490 0.021320 0.196000 0.680788 0.195323 0.705958 2.000000
-0.024374 0.020885 0.192000 0.628389 0.127283 0.767416 2.000000
-0.019549 0.020559 0.189000 0.304157 0.095389 0.947834 2.000000
-0.015025 0.020450 0.188000 0.143713 -0.094558 0.985092 2.000000
-0.010548 0.020341 0.187000 0.018244 -0.222545 0.974752 2.000000
-0.006183 0.020450 0.188000 -0.124508 -0.083667 0.988685 2.000000
-0.001782 0.020668 0.190000 -0.496020 0.066225 0.865782 2.000000
0.002728 0.020994 0.193000 -0.623535 0.413856 0.663271 2.000000
-0.034193 0.022448 0.202000 0.801631 0.370948 0.468812 2.000000
-0.028423 0.021670 0.195000 0.671311 0.166573 0.722215 2.000000
-0.023349 0.021226 0.191000 0.551163 0.165354 0.817849 2.000000
-0.018660 0.021003 0.189000 0.277285 0.069893 0.958242 2.000000
-0.014141 0.020892 0.188000 0.065555 -0.137480 0.988333 2.000000
-0.009720 0.020892 0.188000 -0.039107 -0.223418 0.973938 2.000000
-0.005299 0.020892 0.188000 -0.212652 -0.016311 0.976992 2.000000
-0.000893 0.021226 0.191000 -0.517720 0.135301 0.844784 2.000000
-0.036147 0.023263 0.205000 0.811442 0.385326 0.439415 2.000000
-0.029951 0.022242 0.196000 0.676276 0.199405 0.709146 2.000000
-0.024825 0.021788 0.192000 0.671408 0.089256 0.735693 2.000000
-0.019993 0.021448 0.189000 0.336005 0.089724 0.937577 2.000000
-0.015467 0.021334 0.188000 0.185322 -0.062691 0.980676 2.000000
-0.011046 0.021334 0.188000 0.014732 -0.184570 0.982709 2.000000
-0.006626 0.021334 0.188000 -0.056681 -0.057615 0.996729 2.000000
-0.002228 0.021561 0.190000 -0.416420 0.167389 0.893631 2.000000
-0.035011 0.023630 0.204000 0.816058 0.364763 0.448327 2.000000
-0.028881 0.022587 0.195000 0.651269 0.186064 0.735683 2.000000
-0.023798 0.022124 0.191000 0.607018 0.132221 0.783611 2.000000
-0.019104 0.021892 0.189000 0.245011 0.065026 0.967337 2.000000
-0.014583 0.021776 0.188000 0.076632 -0.104813 0.991535 2.000000
-0.010162 0.021776 0.188000 -0.006351 -0.126964 0.991887 2.000000
-0.005741 0.021776 0.188000 -0.156878 0.114170 0.980997 2.000000
-0.001335 0.022008 0.190000 0.438221 -0.399645 -0.805137 2.000000
-0.029490 0.023164 0.196000 0.654769 0.248189 0.713919 2.000000
-0.024247 0.022573 0.191000 0.642361 0.114719 0.757768 2.000000
-0.019549 0.022337 0.189000 -0.241834 -0.165662 -0.956071 2.000000
-0.015025 0.022218 0.188000 0.068797 -0.030405 0.997167 2.000000
-0.010604 0.022218 0.188000 -0.013000 -0.089075 0.995940 2.000000
-0.006183 0.022218 0.188000 0.060208 -0.154992 -0.986079 2.000000
-0.032281 0.023986 0.199000 0.762214 0.343493 0.548674 2.000000
-0.026909 0.023384 0.194000 0.649659 0.147279 0.745823 2.000000
-0.021886 0.022902 0.190000 -0.451807 -0.187622 -0.872163 2.000000
-0.017235 0.022660 0.188000 0.174352 0.051800 0.983320 2.000000
-0.012814 0.022660 0.188000 0.005456 -0.075367 0.997141 2.000000
-0.008394 0.022660 0.188000 0.012299 -0.023248 0.999654 2.000000
-0.032281 0.024454 0.199000 0.748288 0.346322 0.565797 2.000000
-0.026909 0.023840 0.194000 0.631211 0.125168 0.765445 2.000000
-0.021771 0.023225 0.189000 -0.388868 -0.203542 -0.898528 2.000000
-0.017235 0.023103 0.188000 0.166011 0.101280 0.980909 2.000000
-0.012814 0.023103 0.188000 0.000903 -0.061299 0.998119 2.000000
-0.008394 0.023103 0.188000 -0.047133 -0.095641 -0.994299 2.000000
-0.027365 0.024296 0.194000 0.626289 0.115817 0.770940 2.000000
-0.022215 0.023670 0.189000 0.438378 0.154640 0.885388 2.000000
-0.017677 0.023545 0.188000 0.202212 0.116463 0.972392 2.000000
-0.013256 0.023545 0.188000 0.020235 -0.039971 0.998996 2.000000
-0.026909 0.024752 0.194000 0.611399 0.120341 0.782119 2.000000
-0.021771 0.024114 0.189000 0.358207 0.141702 0.922826 2.000000
-0.017235 0.023987 0.188000 0.114687 0.087487 0.989542 2.000000
-0.012814 0.023987 0.188000 0.017475 0.012242 0.999772 2.000000
-0.020882 0.024559 0.189000 0.300776 0.113544 0.946912 2.000000
-0.016351 0.024429 0.188000 0.055970 0.010535 0.998377 2.000000
-0.020329 0.024871 0.188000 0.208305 0.050657 0.976751 2.000000
-0.008982 -0.030273 0.182000 0.514076 0.431763 -0.741152 0.000000
-0.008554 -0.029845 0.182000 0.514076 0.431763 -0.741152 0.000000
-0.010635 -0.029256 0.181000 0.444022 0.547960 -0.708931 0.000000
-0.013539 -0.028671 0.180000 0.403334 0.648265 -0.645813 0.000000
-0.009410 -0.028989 0.182000 0.514873 0.464284 -0.720657 0.000000
-0.013116 -0.028247 0.180000 0.383649 0.643004 -0.662842 0.000000
-0.008982 -0.028561 0.182000 0.514873 0.464284 -0.720657 0.000000
-0.004780 -0.029032 0.185000 -0.495872 -0.047142 0.867115 0.000000
0.012976 -0.030915 0.197000 -0.152531 -0.067692 -0.985978 0.000000
-0.011060 -0.027979 0.181000 0.456592 0.553973 -0.696159 0.000000
-0.006917 -0.028442 0.184000 0.463581 0.340968 -0.817823 0.000000
0.009270 -0.030452 0.197000 -0.204960 0.188245 0.960497 0.000000
0.014754 -0.030297 0.196000 -0.152531 -0.067692 -0.985978 0.000000
-0.011846 -0.027401 0.180000 0.433713 0.592601 -0.678761 0.000000
-0.007740 -0.027858 0.183000 0.488072 0.373283 -0.788952 0.000000
-0.002647 -0.028619 0.188000 -0.375798 -0.139164 0.916193 0.000000
0.010197 -0.029989 0.197000 -0.115239 -0.122773 -0.985721 0.000000
0.015137 -0.029684 0.195000 -0.152531 -0.067692 -0.985978 0.000000
-0.011846 -0.026978 0.180000 0.425832 0.612928 -0.665572 0.000000
-0.007740 -0.027427 0.183000 0.484247 0.372977 -0.791450 0.000000
-0.003512 -0.028027 0.187000 -0.375798 -0.139164 0.916193 0.000000
0.008807 -0.029526 0.197000 -0.171473 0.128457 0.976778 0.000000
0.013371 -0.029376 0.196000 -0.152531 -0.067692 -0.985978 0.000000
-0.013116 -0.026554 0.180000 0.383649 0.643004 -0.662842 0.000000
-0.009031 -0.026997 0.183000 0.426092 0.485068 -0.763646 0.000000
-0.004806 -0.027440 0.186000 -0.404182 -0.045160 0.913563 0.000000
0.006028 -0.029062 0.197000 -0.351123 0.375074 0.857923 0.000000
0.010606 -0.028915 0.196000 -0.072091 -0.166692 -0.983370 0.000000
0.015137 -0.028767 0.195000 -0.152531 -0.067692 -0.985978 0.000000
-0.012337 -0.026276 0.181000 0.406221 0.624710 -0.666874 0.000000
-0.008215 -0.026712 0.184000 0.385584 0.449586 -0.805728 0.000000
-0.003931 -0.027002 0.186000 -0.375798 -0.139164 0.916193 0.000000
0.006028 -0.028599 0.197000 -0.351123 0.375074 0.857923 0.000000
0.010606 -0.028454 0.196000 -0.072091 -0.166692 -0.983370 0.000000
0.015137 -0.028309 0.195000 -0.152531 -0.067692 -0.985978 0.000000
-0.012337 -0.025851 0.181000 0.363348 0.665481 -0.652007 0.000000
-0.008215 -0.026279 0.184000 0.378835 0.458954 -0.803645 0.000000
-0.003931 -0.026565 0.186000 -0.375798 -0.139164 0.916193 0.000000
0.006028 -0.028136 0.197000 -0.272753 0.317350 0.908237 0.000000
0.011067 -0.027993 0.196000 -0.115239 -0.122773 -0.985721 0.000000
0.015595 -0.027850 0.195000 -0.148381 -0.045807 -0.987869 0.000000
-0.011550 -0.025566 0.182000 0.365640 0.655999 -0.660282 0.000000
-0.007390 -0.025987 0.185000 0.333103 0.437628 -0.835179 0.000000
-0.003073 -0.026268 0.187000 -0.375798 -0.139164 0.916193 0.000000
0.006491 -0.027673 0.197000 -0.168183 0.332559 0.927965 0.000000
0.011469 -0.027392 0.195000 -0.072091 -0.166692 -0.983370 0.000000
0.016597 -0.027532 0.196000 -0.148381 -0.045807 -0.987869 0.000000
-0.010752 -0.025276 0.183000 0.396480 0.640459 -0.657735 0.000000
-0.006520 -0.025552 0.185000 0.319209 0.341938 -0.883846 0.000000
-0.002193 -0.025828 0.187000 0.318174 0.217980 -0.922632 0.000000
0.009635 -0.026933 0.195000 0.058743 0.222012 0.973273 0.000000
0.016054 -0.026933 0.195000 -0.148381 -0.045807 -0.987869 0.000000
-0.011613 -0.024845 0.183000 0.294425 0.689795 -0.661435 0.000000
-0.007390 -0.025117 0.185000 0.289425 0.474815 -0.831134 0.000000
-0.003056 -0.025253 0.186000 -0.318174 -0.217980 0.922632 0.000000
0.009635 -0.026475 0.195000 0.058743 0.222012 0.973273 0.000000
0.014678 -0.026475 0.195000 -0.152531 -0.067692 -0.985978 0.000000
-0.013765 -0.024415 0.183000 0.251702 0.658083 -0.709629 0.000000
-0.009565 -0.024682 0.185000 0.231315 0.502030 -0.833342 0.000000
-0.005215 -0.024682 0.185000 0.219786 0.290887 -0.931171 0.000000
0.008259 -0.026016 0.195000 0.054917 0.438603 0.897001 0.000000
0.015137 -0.026016 0.195000 -0.148381 -0.045807 -0.987869 0.000000
-0.014272 -0.024116 0.184000 0.254256 0.616878 -0.744860 0.000000
-0.010000 -0.024247 0.185000 0.232490 0.502511 -0.832725 0.000000
-0.005650 -0.024247 0.185000 0.154668 0.403362 -0.901874 0.000000
-0.001300 -0.024247 0.185000 -0.127623 0.131250 0.983100 0.000000
-0.015138 -0.023683 0.184000 -0.009035 0.431452 -0.902091 0.000000
-0.010870 -0.023812 0.185000 0.197190 0.513915 -0.834870 0.000000
-0.006520 -0.023812 0.185000 0.132067 0.417782 -0.898898 0.000000
-0.002170 -0.023812 0.185000 -0.100206 0.003960 0.994959 0.000000
-0.015220 -0.023377 0.185000 0.024243 0.273548 -0.961553 0.000000
-0.010870 -0.023377 0.185000 0.192630 0.464982 -0.864110 0.000000
-0.006555 -0.023503 0.186000 0.189287 0.360558 -0.913328 0.000000
-0.002170 -0.023377 0.185000 -0.013620 0.041064 0.999064 0.000000
-0.013915 -0.022942 0.185000 -0.002800 0.170867 -0.985290 0.000000
-0.009617 -0.023066 0.186000 0.165548 0.383134 -0.908736 0.000000
-0.005243 -0.023066 0.186000 0.100945 0.234481 -0.966865 0.000000
-0.025634 -0.022872 0.188000 0.045064 0.677229 0.734391 0.000000
-0.013915 -0.022507 0.185000 0.011542 0.034800 0.999328 0.000000
-0.009617 -0.022629 0.186000 0.153414 0.316532 -0.936094 0.000000
-0.005271 -0.022750 0.187000 0.017537 0.118491 -0.992800 0.000000
-0.026960 -0.022430 0.188000 -0.007799 0.686575 0.727017 0.000000
-0.014865 -0.022191 0.186000 -0.132486 0.008845 0.991145 0.000000
-0.010491 -0.022191 0.186000 -0.188100 -0.137036 0.972543 0.000000
-0.002181 -0.022191 0.186000 0.056439 0.018643 0.998232 0.000000
-0.024618 -0.021871 0.187000 0.055057 0.673019 0.737573 0.000000
-0.014428 -0.021754 0.186000 -0.132486 0.008845 0.991145 0.000000
-0.010054 -0.021754 0.186000 -0.189221 -0.059186 0.980149 0.000000
-0.004883 -0.022105 0.189000 0.024923 0.140861 -0.989716 0.000000
-0.026817 -0.021431 0.187000 0.010494 0.698682 0.715356 0.000000
-0.018023 -0.021431 0.187000 0.097047 0.584223 0.805770 0.000000
-0.013553 -0.021317 0.186000 -0.140110 0.117123 0.983184 0.000000
-0.009229 -0.021431 0.187000 -0.292282 -0.018492 0.956153 0.000000
-0.050855 -0.023573 0.210000 0.934460 -0.163650 0.316233 0.000000
-0.025938 -0.020991 0.187000 0.021528 0.690745 0.722778 0.000000
-0.017926 -0.020879 0.186000 0.038212 0.553890 0.831713 0.000000
-0.013480 -0.020767 0.185000 -0.176982 0.289142 0.940784 0.000000
-0.009229 -0.020991 0.187000 -0.292282 -0.018492 0.956153 0.000000
-0.051348 -0.023079 0.210000 0.934460 -0.163650 0.316233 0.000000
-0.029140 -0.020332 0.185000 -0.316685 0.477785 0.819410 0.000000
-0.024924 -0.020442 0.186000 0.045064 0.677229 0.734391 0.000000
-0.016525 -0.020332 0.185000 0.023378 0.546853 0.836902 0.000000
-0.012175 -0.020332 0.185000 -0.276392 0.302222 0.912288 0.000000
-0.007909 -0.020552 0.187000 -0.270048 -0.075129 0.959911 0.000000
-0.049608 -0.022693 0.211000 0.934460 -0.163650 0.316233 0.000000
-0.029848 -0.019789 0.184000 -0.305814 0.509955 0.804004 0.000000
-0.025799 -0.020004 0.186000 0.031817 0.685685 0.727203 0.000000
-0.021195 -0.019789 0.184000 0.129931 0.707864 0.694295 0.000000
-0.013407 -0.019789 0.184000 -0.296905 0.406921 0.863865 0.000000
-0.009179 -0.020004 0.186000 -0.265662 0.023165 0.963788 0.000000
0.003504 -0.020004 0.186000 -0.421763 0.005353 0.906690 0.000000
-0.050105 -0.022197 0.211000 0.943064 -0.129633 0.306308 0.000000
-0.030546 -0.019251 0.183000 -0.321828 0.472617 0.820402 0.000000
-0.026674 -0.019567 0.186000 0.010494 0.698682 0.715356 0.000000
-0.022060 -0.019357 0.184000 0.143180 0.709420 0.690089 0.000000
-0.016436 -0.019357 0.184000 -0.040636 0.633333 0.772811 0.000000
-0.012109 -0.019357 0.184000 -0.310170 0.441922 0.841724 0.000000
-0.007867 -0.019567 0.186000 -0.369070 -0.002501 0.929398 0.000000
0.003485 -0.019462 0.185000 -0.290373 -0.072882 0.954134 0.000000
-0.052585 -0.021701 0.211000 0.934724 -0.146054 0.323974 0.000000
-0.034043 -0.018615 0.181000 -0.238281 0.084641 0.967501 0.000000
-0.029848 -0.018924 0.184000 -0.278951 0.543638 0.791609 0.000000
-0.025660 -0.019027 0.185000 0.031817 0.685685 0.727203 0.000000
-0.021080 -0.018821 0.183000 0.132938 0.732457 0.667708 0.000000
-0.016346 -0.018821 0.183000 -0.026673 0.665584 0.745846 0.000000
-0.012109 -0.018924 0.184000 -0.385105 0.452466 0.804344 0.000000
-0.007867 -0.019130 0.186000 -0.341124 0.028598 0.939583 0.000000
0.003942 -0.019130 0.186000 -0.350805 -0.090409 0.932074 0.000000
-0.053081 -0.021205 0.211000 0.934724 -0.146054 0.323974 0.000000
-0.036171 -0.018190 0.181000 0.067581 -0.245420 0.967058 0.000000
-0.031235 -0.018290 0.182000 -0.296403 0.373714 0.878910 0.000000
-0.027400 -0.018592 0.185000 -0.085833 0.663424 0.743304 0.000000
-0.022801 -0.018391 0.183000 0.187497 0.686911 0.702138 0.000000
-0.017969 -0.018290 0.182000 0.000687 0.718277 0.695757 0.000000
-0.013765 -0.018391 0.183000 -0.313936 0.557696 0.768388 0.000000
-0.009565 -0.018592 0.185000 -0.462385 0.271853 0.843976 0.000000
0.001745 -0.018592 0.185000 -0.260079 -0.110495 0.959244 0.000000
0.006161 -0.018793 0.187000 -0.634246 0.154041 0.757631 0.000000
-0.050342 -0.020807 0.212000 0.934968 -0.151067 0.320957 0.000000
-0.035320 -0.017764 0.181000 -0.100011 -0.012997 0.994901 0.000000
-0.031235 -0.017862 0.182000 -0.296403 0.373714 0.878910 0.000000
-0.027400 -0.018157 0.185000 -0.076091 0.656249 0.750698 0.000000
-0.022801 -0.017961 0.183000 0.187497 0.686911 0.702138 0.000000
-0.018296 -0.017764 0.181000 0.002004 0.703241 0.710949 0.000000
-0.014117 -0.017862 0.182000 -0.352300 0.539112 0.765011 0.000000
-0.010000 -0.018157 0.185000 -0.553438 0.286479 0.782072 0.000000
0.001310 -0.018157 0.185000 -0.196936 -0.132660 0.971400 0.000000
0.005722 -0.018353 0.187000 -0.601673 0.037285 0.797872 0.000000
-0.052082 -0.020404 0.213000 0.934724 -0.146054 0.323974 0.000000
-0.035320 -0.017339 0.181000 0.067581 -0.245420 0.967058 0.000000
-0.030977 -0.017530 0.183000 -0.280681 0.289672 0.915046 0.000000
-0.026819 -0.017626 0.184000 -0.027021 0.685678 0.727403 0.000000
-0.022248 -0.017434 0.182000 0.181108 0.693782 0.697041 0.000000
-0.017870 -0.017339 0.181000 0.002004 0.703241 0.710949 0.000000
-0.013689 -0.017434 0.182000 -0.357892 0.530569 0.768381 0.000000
-0.009565 -0.017722 0.185000 -0.562541 0.271750 0.780832 0.000000
-0.005243 -0.017818 0.186000 -0.110302 0.058975 0.992147 0.000000
0.004379 -0.017818 0.186000 -0.502806 0.052483 0.862804 0.000000
-0.059512 -0.020931 0.224000 0.955589 -0.139897 0.259381 0.000000
-0.036799 -0.017007 0.182000 0.093530 -0.370053 0.924291 0.000000
-0.032091 -0.017007 0.182000 -0.265445 0.128184 0.955567 0.000000
-0.028117 -0.017193 0.184000 -0.122543 0.644370 0.754831 0.000000
-0.023791 -0.017193 0.184000 0.166678 0.657726 0.734585 0.000000
-0.017870 -0.016913 0.181000 0.002004 0.703241 0.710949 0.000000
-0.013689 -0.017007 0.182000 -0.389639 0.490100 0.779733 0.000000
-0.009565 -0.017287 0.185000 -0.565403 0.282238 0.775024 0.000000
0.001310 -0.017287 0.185000 -0.219741 -0.091988 0.971212 0.000000
0.005752 -0.017567 0.188000 -0.663575 -0.087845 0.742935 0.000000
-0.058722 -0.020313 0.223000 0.955589 -0.139897 0.259381 0.000000
-0.036597 -0.016487 0.181000 0.093530 -0.370053 0.924291 0.000000
-0.031663 -0.016579 0.182000 -0.259083 0.216468 0.941285 0.000000
-0.027685 -0.016761 0.184000 -0.081408 0.658186 0.748441 0.000000
-0.016925 -0.016396 0.180000 -0.116185 0.720695 0.683447 0.000000
-0.012833 -0.016579 0.182000 -0.389471 0.484555 0.783275 0.000000
-0.008742 -0.016943 0.186000 -0.544459 0.307131 0.780535 0.000000
0.003067 -0.016943 0.186000 -0.503089 -0.066089 0.861704 0.000000
0.007560 -0.017216 0.189000 -0.573361 -0.465013 0.674552 0.000000
-0.057405 -0.019878 0.224000 0.955665 -0.144302 0.256674 0.000000
-0.036171 -0.016062 0.181000 0.093530 -0.370053 0.924291 0.000000
-0.032091 -0.016151 0.182000 -0.236677 0.218188 0.946772 0.000000
-0.027965 -0.016239 0.183000 -0.065370 0.661709 0.746906 0.000000
-0.020109 -0.016151 0.182000 0.042800 0.747924 0.662403 0.000000
-0.014891 -0.016062 0.181000 -0.264848 0.534130 0.802846 0.000000
-0.010752 -0.016239 0.183000 -0.558975 0.362392 0.745801 0.000000
-0.006590 -0.016594 0.187000 -0.470106 0.286609 0.834779 0.000000
0.006194 -0.016683 0.188000 -0.720731 -0.024265 0.692790 0.000000
-0.058191 -0.019437 0.225000 0.984841 -0.075889 0.155975 0.000000
-0.036171 -0.015636 0.181000 0.093530 -0.370053 0.924291 0.000000
-0.032091 -0.015723 0.182000 -0.204264 0.105843 0.973177 0.000000
-0.027965 -0.015809 0.183000 -0.065370 0.661709 0.746906 0.000000
-0.019998 -0.015636 0.181000 0.031588 0.802428 0.595912 0.000000
-0.013614 -0.015636 0.181000 -0.374040 0.497707 0.782549 0.000000
-0.009565 -0.015982 0.185000 -0.544113 0.337547 0.768117 0.000000
0.003067 -0.016068 0.186000 -0.476690 -0.020955 0.878822 0.000000
0.007600 -0.016414 0.190000 -0.593587 -0.437940 0.675176 0.000000
-0.057071 -0.019244 0.229000 0.994577 -0.076457 -0.070500 0.000000
-0.035320 -0.015211 0.181000 0.165911 -0.364723 0.916215 0.000000
-0.031235 -0.015295 0.182000 -0.192766 0.276872 0.941373 0.000000
-0.026808 -0.015211 0.181000 0.034679 0.801529 0.596949 0.000000
-0.019464 -0.015127 0.180000 0.009482 0.804732 0.593563 0.000000
-0.011978 -0.015295 0.182000 -0.487620 0.421324 0.764666 0.000000
-0.007909 -0.015715 0.187000 -0.505600 0.358709 0.784664 0.000000
0.002204 -0.015715 0.187000 -0.485366 -0.255660 0.836097 0.000000
0.006672 -0.015883 0.189000 -0.573361 -0.465013 0.674552 0.000000
0.011927 -0.016387 0.195000 -0.709757 0.099368 0.697403 0.000000
-0.056424 -0.019033 0.233000 0.994577 -0.076457 -0.070500 0.000000
-0.034469 -0.014785 0.181000 0.084731 -0.167078 0.982296 0.000000
-0.030213 -0.014785 0.181000 0.046724 0.457077 0.888199 0.000000
-0.025813 -0.014703 0.180000 0.063766 0.840332 0.538308 0.000000
-0.016410 -0.014622 0.179000 -0.245441 0.699362 0.671306 0.000000
-0.011550 -0.014867 0.182000 -0.517560 0.428898 0.740391 0.000000
-0.007470 -0.015275 0.187000 -0.516271 0.360506 0.776853 0.000000
0.003542 -0.015357 0.188000 -0.585669 -0.184424 0.789290 0.000000
0.008132 -0.015684 0.192000 -0.645065 -0.271371 0.714317 0.000000
0.012910 -0.016010 0.196000 -0.682770 0.051727 0.728800 0.000000
-0.056116 -0.018564 0.234000 0.994577 -0.076457 -0.070500 0.000000
-0.034231 -0.014439 0.182000 0.018936 -0.251610 0.967643 0.000000
-0.029458 -0.014201 0.179000 0.401999 0.583642 0.705520 0.000000
-0.021929 -0.013963 0.176000 -0.025848 0.726922 0.686234 0.000000
-0.011183 -0.014518 0.183000 -0.574259 0.451942 0.682623 0.000000
-0.007030 -0.014835 0.187000 -0.509039 0.370068 0.777129 0.000000
0.007640 -0.015153 0.191000 -0.645065 -0.271371 0.714317 0.000000
0.012386 -0.015470 0.195000 -0.858275 0.444405 0.256648 0.000000
-0.057520 -0.017937 0.233000 0.994577 -0.076457 -0.070500 0.000000
-0.037001 -0.014088 0.183000 0.432173 -0.234377 0.870801 0.000000
-0.032341 -0.013934 0.181000 0.003926 0.173310 0.984860 0.000000
-0.027048 -0.013626 0.177000 0.521870 0.500837 0.690518 0.000000
-0.022343 -0.013549 0.176000 0.038129 0.711033 0.702124 0.000000
-0.017574 -0.013703 0.178000 -0.168836 0.701172 0.692714 0.000000
-0.010322 -0.014088 0.183000 -0.571385 0.449630 0.686551 0.000000
-0.006118 -0.014319 0.186000 -0.436041 0.385510 0.813173 0.000000
0.011927 -0.015012 0.195000 -0.868574 0.321357 0.377239 0.000000
-0.058616 -0.017389 0.233000 0.994577 -0.076457 -0.070500 0.000000
-0.038275 -0.013807 0.185000 0.432173 -0.234377 0.870801 0.000000
-0.033375 -0.013583 0.182000 0.202726 0.031555 0.978727 0.000000
-0.026481 -0.013135 0.176000 0.422137 0.361757 0.831223 0.000000
-0.020981 -0.013060 0.175000 -0.064636 0.566829 0.821296 0.000000
-0.010752 -0.013658 0.183000 -0.571385 0.449630 0.686551 0.000000
0.006707 -0.014180 0.190000 -0.612879 -0.331966 0.717062 0.000000
0.011469 -0.014553 0.195000 -0.879474 0.383919 0.281303 0.000000
-0.058616 -0.016841 0.233000 0.994577 -0.076457 -0.070500 0.000000
-0.038275 -0.013372 0.185000 0.432173 -0.234377 0.870801 0.000000
-0.033375 -0.013155 0.182000 0.342380 0.087823 0.935448 0.000000
-0.025919 -0.012649 0.175000 0.323921 0.268353 0.907227 0.000000
-0.020981 -0.012649 0.175000 -0.047580 0.451321 0.891093 0.000000
-0.016866 -0.012649 0.175000 -0.172094 0.633079 0.754715 0.000000
-0.007783 -0.013299 0.184000 -0.524387 0.392664 0.755535 0.000000
0.001324 -0.013516 0.187000 -0.197199 0.094131 0.975834 0.000000
0.009176 -0.014095 0.195000 -0.774075 0.034385 0.632160 0.000000
0.013832 -0.014167 0.196000 -0.843455 0.527008 0.104149 0.000000
-0.056116 -0.016363 0.234000 0.996529 -0.063090 -0.054316 0.000000
-0.035710 -0.012797 0.183000 0.359813 -0.232124 0.903689 0.000000
-0.028964 -0.012307 0.176000 0.686168 0.157701 0.710144 0.000000
-0.023589 -0.012098 0.173000 0.079795 0.288217 0.954235 0.000000
-0.019335 -0.012237 0.175000 -0.123677 0.595775 0.793572 0.000000
-0.008601 -0.012797 0.183000 -0.585217 0.512469 0.628408 0.000000
-0.004392 -0.013077 0.187000 -0.271914 0.398673 0.875855 0.000000
0.000005 -0.013077 0.187000 -0.022749 0.242846 0.969798 0.000000
0.011067 -0.013706 0.196000 -0.725512 0.006551 0.688179 0.000000
-0.059418 -0.015813 0.234000 0.996529 -0.063090 -0.054316 0.000000
-0.037405 -0.012502 0.185000 0.510955 -0.157005 0.845147 0.000000
-0.032519 -0.012299 0.182000 0.327326 0.180601 0.927492 0.000000
-0.025623 -0.011691 0.173000 0.207929 0.126805 0.969890 0.000000
-0.020158 -0.011826 0.175000 -0.073665 0.455495 0.887186 0.000000
-0.007350 -0.012434 0.184000 -0.505397 0.424230 0.751400 0.000000
-0.003056 -0.012569 0.186000 -0.224464 0.380314 0.897205 0.000000
0.001324 -0.012637 0.187000 -0.018983 0.323676 0.945978 0.000000
0.012449 -0.013245 0.196000 -0.877547 0.236118 0.417324 0.000000
-0.056667 -0.015263 0.234000 0.999028 -0.026570 0.035173 0.000000
-0.036338 -0.012002 0.184000 0.543304 -0.105619 0.832866 0.000000
-0.027817 -0.011349 0.174000 0.516913 -0.034102 0.855358 0.000000
-0.020861 -0.011349 0.174000 -0.007462 0.365079 0.930947 0.000000
-0.007310 -0.011936 0.183000 -0.582036 0.530539 0.616249 0.000000
0.012910 -0.012784 0.196000 -0.923544 0.363077 0.123453 0.000000
-0.055877 -0.014650 0.233000 0.999028 -0.026570 0.035173 0.000000
-0.036338 -0.011569 0.184000 0.562015 -0.059948 0.824952 0.000000
-0.025362 -0.010940 0.174000 0.241196 0.075468 0.967538 0.000000
-0.020570 -0.011003 0.175000 0.000783 0.446639 0.894714 0.000000
-0.006449 -0.011506 0.183000 -0.527009 0.546585 0.650774 0.000000
-0.058068 -0.014102 0.233000 0.996685 -0.008453 0.080912 0.000000
-0.038482 -0.011257 0.186000 0.592176 -0.129579 0.795322 0.000000
-0.027154 -0.010592 0.175000 0.512236 -0.089015 0.854219 0.000000
-0.020981 -0.010592 0.175000 0.084962 0.320952 0.943277 0.000000
-0.016866 -0.010592 0.175000 -0.144062 0.575029 0.805350 0.000000
-0.057819 -0.013496 0.232000 0.996685 -0.008453 0.080912 0.000000
-0.037840 -0.010762 0.185000 0.690980 0.028550 0.722309 0.000000
-0.024134 -0.010122 0.174000 0.199471 0.056428 0.978278 0.000000
-0.019634 -0.010122 0.174000 0.000649 0.450734 0.892658 0.000000
-0.013497 -0.010122 0.174000 -0.120061 0.471125 0.873857 0.000000
-0.000432 -0.010820 0.186000 -0.064009 0.407453 0.910980 0.000000
-0.058910 -0.012950 0.232000 0.996685 -0.008453 0.080912 0.000000
-0.038275 -0.010327 0.185000 0.696712 -0.032500 0.716615 0.000000
-0.031739 -0.010048 0.180000 0.414464 0.213363 0.884701 0.000000
-0.022089 -0.009713 0.174000 0.170244 0.289140 0.942027 0.000000
-0.017997 -0.009713 0.174000 -0.072195 0.542401 0.837012 0.000000
-0.012340 -0.009769 0.175000 -0.153981 0.465381 0.871614 0.000000
-0.002170 -0.010327 0.185000 -0.137691 0.383326 0.913292 0.000000
0.004713 -0.010159 0.182000 0.403758 0.314580 0.859080 0.000000
-0.055940 -0.012351 0.231000 0.731708 0.157566 0.663157 0.000000
-0.035943 -0.009731 0.182000 0.593544 0.195268 0.780754 0.000000
-0.030892 -0.009624 0.180000 0.452205 0.158042 0.877800 0.000000
-0.024134 -0.009304 0.174000 0.329006 -0.153557 0.931759 0.000000
-0.019928 -0.009250 0.173000 0.130804 0.458257 0.879142 0.000000
-0.015632 -0.009357 0.175000 -0.146415 0.518734 0.842305 0.000000
-0.010282 -0.009357 0.175000 -0.034483 0.625838 0.779191 0.000000
-0.004754 -0.009838 0.184000 -0.199584 0.205862 0.958012 0.000000
-0.000430 -0.009892 0.185000 -0.091195 0.443311 0.891717 0.000000
0.004713 -0.009731 0.182000 0.403758 0.314580 0.859080 0.000000
-0.057570 -0.011808 0.231000 0.731708 0.157566 0.663157 0.000000
-0.035745 -0.009252 0.181000 0.318739 0.506954 0.800877 0.000000
-0.031315 -0.009201 0.180000 0.358291 0.213808 0.908798 0.000000
-0.025240 -0.008997 0.176000 0.426050 -0.189621 0.884605 0.000000
-0.020741 -0.008843 0.173000 0.154756 0.394928 0.905584 0.000000
-0.016770 -0.008894 0.174000 -0.141750 0.555490 0.819352 0.000000
-0.011928 -0.008946 0.175000 -0.094525 0.577317 0.811030 0.000000
-0.007529 -0.009099 0.178000 -0.694478 0.534098 0.482120 0.000000
-0.003475 -0.009457 0.185000 -0.143348 0.290143 0.946186 0.000000
0.000875 -0.009457 0.185000 0.246027 0.382452 0.890618 0.000000
0.006030 -0.009354 0.183000 -0.644281 -0.010000 -0.764723 0.000000
-0.055157 -0.011216 0.230000 0.731708 0.157566 0.663157 0.000000
-0.032162 -0.008778 0.180000 -0.115612 0.302647 0.946065 0.000000
-0.027464 -0.008632 0.177000 0.593468 -0.188007 0.782591 0.000000
-0.022907 -0.008485 0.174000 0.351272 0.042687 0.935300 0.000000
-0.018707 -0.008436 0.173000 0.031234 0.489569 0.871405 0.000000
-0.013497 -0.008485 0.174000 -0.084448 0.417962 0.904531 0.000000
-0.009405 -0.008485 0.174000 0.020079 0.663803 0.747638 0.000000
-0.004754 -0.008973 0.184000 -0.199584 0.205862 0.958012 0.000000
-0.000430 -0.009022 0.185000 -0.070857 0.353539 0.932732 0.000000
0.004687 -0.008827 0.181000 0.306547 0.344731 0.887237 0.000000
0.016362 -0.009168 0.188000 -0.844375 -0.020464 -0.535361 0.000000
-0.055157 -0.010675 0.230000 -0.482566 -0.186212 -0.855836 0.000000
-0.033855 -0.008355 0.180000 -0.252185 0.235835 0.938501 0.000000
-0.029293 -0.008262 0.178000 0.507673 -0.291566 0.810714 0.000000
-0.024685 -0.008123 0.175000 0.374176 -0.220125 0.900854 0.000000
-0.020335 -0.008030 0.173000 0.249970 0.317151 0.914839 0.000000
-0.016267 -0.008030 0.173000 -0.158109 0.454144 0.876787 0.000000
-0.011860 -0.008076 0.174000 0.046285 0.529535 0.847024 0.000000
-0.007813 -0.008123 0.175000 0.124578 0.631952 0.764929 0.000000
-0.003023 -0.008540 0.184000 -0.014952 0.107226 0.994122 0.000000
0.001296 -0.008494 0.183000 0.322794 0.045531 0.945373 0.000000
0.005538 -0.008401 0.181000 -0.450812 0.395180 -0.800376 0.000000
0.015478 -0.008726 0.188000 -0.449252 -0.416863 -0.790189 0.000000
-0.056533 -0.010090 0.229000 -0.482566 -0.186212 -0.855836 0.000000
-0.035572 -0.007843 0.178000 -0.361568 0.116190 0.925077 0.000000
-0.031739 -0.007931 0.180000 0.083452 -0.003423 0.996506 0.000000
-0.027048 -0.007799 0.177000 0.548659 -0.311303 0.775927 0.000000
-0.022498 -0.007667 0.174000 0.445452 0.021513 0.895047 0.000000
-0.018195 -0.007579 0.172000 -0.050858 0.438823 0.897133 0.000000
-0.013906 -0.007667 0.174000 -0.132140 0.396820 0.908335 0.000000
-0.009758 -0.007623 0.173000 0.054139 0.665172 0.744725 0.000000
-0.005187 -0.008108 0.184000 -0.081759 0.096881 0.991932 0.000000
-0.000860 -0.008108 0.184000 0.009542 -0.139172 0.990222 0.000000
0.003429 -0.008019 0.182000 -0.330304 0.315820 -0.889470 0.000000
0.010897 -0.008504 0.193000 -0.365987 -0.456289 -0.811082 0.000000
0.016362 -0.008284 0.188000 -0.628170 -0.344569 -0.697620 0.000000
-0.055456 -0.009552 0.229000 0.147330 -0.178196 -0.972903 0.000000
-0.034088 -0.007466 0.179000 -0.400085 0.126947 0.907643 0.000000
-0.029879 -0.007466 0.179000 0.377192 -0.174292 0.909587 0.000000
-0.025240 -0.007341 0.176000 0.479317 -0.370066 0.795805 0.000000
-0.020622 -0.007174 0.172000 0.308286 0.201988 0.929602 0.000000
-0.016577 -0.007174 0.172000 -0.135173 0.408008 0.902916 0.000000
-0.012269 -0.007258 0.174000 0.044431 0.465268 0.884054 0.000000
-0.008131 -0.007216 0.173000 0.141226 0.656840 0.740687 0.000000
-0.003023 -0.007675 0.184000 -0.009239 -0.004313 0.999948 0.000000
0.001296 -0.007633 0.183000 -0.250436 0.232852 -0.939714 0.000000
0.005538 -0.007550 0.181000 -0.194382 0.712828 -0.673864 0.000000
0.014151 -0.007842 0.188000 -0.375654 -0.847358 0.375325 0.000000
-0.058402 -0.009053 0.230000 -0.506751 -0.184287 -0.842165 0.000000
-0.035788 -0.006967 0.177000 -0.343856 0.044206 0.937981 0.000000
-0.032162 -0.007085 0.180000 -0.270743 -0.167243 0.948013 0.000000
-0.027464 -0.006967 0.177000 0.570113 -0.313952 0.759214 0.000000
-0.022907 -0.006849 0.174000 0.479295 0.001415 0.877653 0.000000
-0.018491 -0.006731 0.171000 0.139985 0.175739 0.974433 0.000000
-0.014555 -0.006770 0.172000 -0.171936 0.361974 0.916195 0.000000
-0.010572 -0.006809 0.173000 0.163940 0.520926 0.837711 0.000000
-0.004754 -0.007242 0.184000 -0.044705 -0.086156 0.995278 0.000000
0.000005 -0.007203 0.183000 0.095592 -0.145698 0.984700 0.000000
0.004285 -0.007164 0.182000 -0.016113 0.783299 -0.621436 0.000000
0.014593 -0.007400 0.188000 -0.372871 -0.879772 0.294904 0.000000
-0.057610 -0.008475 0.229000 0.213984 -0.121918 -0.969199 0.000000
-0.035788 -0.006551 0.177000 0.451958 0.086278 -0.887857 0.000000
-0.032162 -0.006662 0.180000 -0.270743 -0.167243 0.948013 0.000000
-0.027464 -0.006551 0.177000 0.484419 -0.386135 0.785009 0.000000
-0.022907 -0.006440 0.174000 0.464341 -0.118667 0.877671 0.000000
-0.018491 -0.006329 0.171000 0.139985 0.175739 0.974433 0.000000
-0.014555 -0.006366 0.172000 -0.115949 0.395270 0.911217 0.000000
-0.010511 -0.006366 0.172000 0.163940 0.520926 0.837711 0.000000
-0.004298 -0.006773 0.183000 0.024910 -0.086322 0.995956 0.000000
0.000436 -0.006773 0.183000 0.219746 -0.191099 0.956657 0.000000
0.004764 -0.006810 0.184000 0.060912 0.828687 -0.556388 0.000000
0.016004 -0.006995 0.189000 -0.438793 -0.868600 0.230208 0.000000
-0.055456 -0.007937 0.229000 0.115179 -0.085738 -0.989638 0.000000
-0.034316 -0.006169 0.178000 0.506431 0.194436 -0.840073 0.000000
-0.030300 -0.006204 0.179000 0.370711 -0.276147 0.886745 0.000000
-0.025653 -0.006100 0.176000 0.516288 -0.362085 0.776106 0.000000
-0.021026 -0.005961 0.172000 0.421128 0.027943 0.906571 0.000000
-0.016883 -0.005926 0.171000 -0.135286 0.254639 0.957526 0.000000
-0.013012 -0.005996 0.173000 0.079033 0.396859 0.914471 0.000000
-0.008841 -0.005926 0.171000 0.141226 0.656840 0.740687 0.000000
-0.001286 -0.006342 0.183000 -0.043394 -0.221201 0.974262 0.000000
0.003050 -0.006412 0.185000 0.071677 0.808157 -0.584589 0.000000
0.015560 -0.006550 0.189000 -0.363198 -0.884497 0.292836 0.000000
-0.055698 -0.007430 0.230000 0.115179 -0.085738 -0.989638 0.000000
-0.034316 -0.005750 0.178000 0.467366 0.271041 -0.841490 0.000000
-0.030300 -0.005783 0.179000 0.370711 -0.276147 0.886745 0.000000
-0.025653 -0.005686 0.176000 0.510718 -0.387264 0.767590 0.000000
-0.021026 -0.005557 0.172000 0.446040 -0.187339 0.875187 0.000000
-0.016883 -0.005524 0.171000 -0.177067 0.151084 0.972533 0.000000
-0.012937 -0.005557 0.172000 0.070985 0.337859 0.938516 0.000000
-0.008841 -0.005524 0.171000 0.299015 0.481935 0.823607 0.000000
-0.001716 -0.005912 0.183000 -0.063816 -0.276411 0.958918 0.000000
0.002615 -0.005977 0.185000 0.147752 0.744565 -0.650993 0.000000
0.010497 -0.006267 0.194000 -0.438755 -0.795303 0.418314 0.000000
0.015642 -0.006138 0.190000 -0.400153 -0.871398 0.283799 0.000000
-0.058943 -0.006890 0.230000 0.115179 -0.085738 -0.989638 0.000000
-0.036413 -0.005272 0.176000 0.505468 0.283028 -0.815105 0.000000
-0.033008 -0.005392 0.180000 0.439087 0.294139 -0.848932 0.000000
-0.028456 -0.005332 0.178000 0.451777 -0.390249 0.802249 0.000000
-0.023862 -0.005242 0.175000 0.531009 -0.427172 0.731815 0.000000
-0.019408 -0.005152 0.172000 0.210214 -0.043272 0.976697 0.000000
-0.015364 -0.005152 0.172000 -0.093728 -0.153371 0.983714 0.000000
-0.011254 -0.005122 0.171000 0.085434 0.664368 0.742507 0.000000
-0.007190 -0.005092 0.170000 0.141226 0.656840 0.740687 0.000000
0.000005 -0.005512 0.184000 -0.179557 -0.550866 0.815050 0.000000
0.004402 -0.005602 0.187000 -0.360404 -0.663674 0.655474 0.000000
0.009035 -0.005751 0.192000 -0.466303 -0.796367 0.385177 0.000000
0.014147 -0.005811 0.194000 -0.414401 -0.843861 0.340837 0.000000
0.019263 -0.005841 0.195000 0.004011 0.924706 -0.380660 0.000000
-0.057861 -0.006349 0.230000 0.115179 -0.085738 -0.989638 0.000000
-0.035788 -0.004886 0.177000 0.487277 0.371065 -0.790489 0.000000
-0.032341 -0.004996 0.181000 0.318688 0.336995 -0.885930 0.000000
-0.027619 -0.004913 0.178000 0.415887 -0.424513 0.804255 0.000000
-0.022907 -0.004803 0.174000 0.488361 -0.525283 0.696837 0.000000
-0.018599 -0.004748 0.172000 0.144439 -0.302807 0.942043 0.000000
-0.014640 -0.004775 0.173000 -0.063279 -0.539453 0.839634 0.000000
-0.010449 -0.004720 0.171000 0.200338 0.686714 0.698777 0.000000
-0.003023 -0.005079 0.184000 -0.194282 -0.300943 0.933642 0.000000
0.001317 -0.005134 0.186000 -0.351318 -0.578215 0.736372 0.000000
0.005783 -0.005217 0.189000 -0.530471 -0.325326 0.782792 0.000000
0.011527 -0.005410 0.196000 -0.619001 -0.652987 0.436400 0.000000
0.015889 -0.005327 0.193000 0.153861 0.909579 -0.385997 0.000000
0.021062 -0.005493 0.199000 -0.223405 0.877785 -0.423773 0.000000
-0.057320 -0.005808 0.230000 0.115179 -0.085738 -0.989638 0.000000
-0.035572 -0.004495 0.178000 0.503054 0.485754 -0.714829 0.000000
-0.031915 -0.004571 0.181000 -0.045646 -0.324832 0.944669 0.000000
-0.027201 -0.004495 0.178000 0.370044 -0.505084 0.779716 0.000000
-0.022498 -0.004394 0.174000 0.484910 -0.579499 0.655014 0.000000
-0.018301 -0.004369 0.173000 0.063784 -0.643253 0.762992 0.000000
-0.014233 -0.004369 0.173000 -0.105314 -0.653369 0.749678 0.000000
-0.010165 -0.004369 0.173000 0.419219 0.505641 0.754044 0.000000
-0.002170 -0.004672 0.185000 -0.284555 -0.424325 0.859637 0.000000
0.002216 -0.004747 0.188000 -0.435235 -0.522085 0.733484 0.000000
0.006707 -0.004798 0.190000 -0.527477 0.151053 0.836033 0.000000
0.012049 -0.004975 0.197000 -0.527844 -0.694485 0.488949 0.000000
0.016428 -0.004899 0.194000 0.104366 0.926605 -0.361262 0.000000
0.021530 -0.005025 0.199000 -0.270247 0.871156 -0.409944 0.000000
-0.057320 -0.005267 0.230000 0.115179 -0.085738 -0.989638 0.000000
-0.035572 -0.004076 0.178000 0.491845 0.487579 -0.721356 0.000000
-0.031915 -0.004145 0.181000 0.067509 -0.398493 0.914683 0.000000
-0.027201 -0.004076 0.178000 0.370044 -0.505084 0.779716 0.000000
-0.022756 -0.004031 0.176000 0.299174 -0.774180 0.557800 0.000000
-0.018406 -0.003985 0.174000 0.107105 -0.784178 0.611224 0.000000
-0.013906 -0.003985 0.174000 -0.168384 -0.776383 0.607352 0.000000
-0.003040 -0.004237 0.185000 -0.279423 -0.305310 0.910334 0.000000
0.001332 -0.004305 0.188000 -0.516784 -0.320475 0.793870 0.000000
0.005813 -0.004351 0.190000 -0.539974 -0.027475 0.841233 0.000000
0.010552 -0.004466 0.195000 -0.658076 -0.456026 0.599146 0.000000
0.015214 -0.004489 0.196000 0.285910 0.824216 -0.488798 0.000000
0.021530 -0.004557 0.199000 -0.244918 0.851715 -0.463246 0.000000
-0.057320 -0.004726 0.230000 0.115179 -0.085738 -0.989638 0.000000
-0.035771 -0.003678 0.179000 0.491845 0.487579 -0.721356 0.000000
-0.031915 -0.003719 0.181000 -0.046917 -0.430380 0.901428 0.000000
-0.027353 -0.003678 0.179000 0.346837 -0.516424 0.782950 0.000000
-0.022886 -0.003637 0.177000 0.167853 -0.761827 0.625656 0.000000
-0.018618 -0.003617 0.176000 -0.129696 0.904406 -0.406482 0.000000
-0.014397 -0.003596 0.175000 -0.138492 -0.833056 0.535572 0.000000
-0.004345 -0.003802 0.185000 -0.331035 -0.268265 0.904682 0.000000
0.000005 -0.003843 0.187000 -0.446807 -0.392275 0.804042 0.000000
0.004473 -0.003904 0.190000 -0.490742 0.064709 0.868899 0.000000
0.009082 -0.003966 0.193000 -0.763574 -0.066857 0.642250 0.000000
0.013973 -0.004069 0.198000 0.360996 0.760573 -0.539640 0.000000
0.022466 -0.004089 0.199000 -0.378449 0.795263 -0.473638 0.000000
-0.057320 -0.004185 0.230000 0.115179 -0.085738 -0.989638 0.000000
-0.036192 -0.003257 0.179000 0.400216 0.555766 -0.728664 0.000000
-0.032341 -0.003294 0.181000 -0.209474 -0.439915 0.873267 0.000000
-0.027774 -0.003257 0.179000 0.333146 -0.562520 0.756694 0.000000
-0.023434 -0.003239 0.178000 0.196085 -0.792226 0.577866 0.000000
-0.018724 -0.003221 0.177000 -0.085436 0.915239 -0.393748 0.000000
-0.014480 -0.003203 0.176000 -0.133748 -0.837793 0.529353 0.000000
-0.006485 -0.003348 0.184000 -0.403168 -0.149963 0.902755 0.000000
-0.002181 -0.003385 0.186000 -0.346439 -0.259158 0.901564 0.000000
0.002227 -0.003439 0.189000 -0.481094 -0.241717 0.842687 0.000000
0.006707 -0.003458 0.190000 -0.474957 0.114431 0.872538 0.000000
0.011586 -0.003585 0.197000 -0.749958 -0.454754 0.480377 0.000000
0.016218 -0.003585 0.197000 0.258275 0.855925 -0.447981 0.000000
0.024460 -0.003640 0.200000 -0.524276 0.533472 -0.663734 0.000000
-0.055940 -0.003661 0.231000 0.115179 -0.085738 -0.989638 0.000000
-0.035125 -0.002852 0.180000 0.248634 0.606259 -0.755402 0.000000
-0.031064 -0.002868 0.181000 0.153387 -0.476677 0.865593 0.000000
-0.026512 -0.002837 0.179000 0.176531 -0.690770 0.701195 0.000000
-0.022303 -0.002837 0.179000 0.094955 -0.835281 0.541562 0.000000
-0.017992 -0.002821 0.178000 0.083919 -0.878873 0.469617 0.000000
-0.013729 -0.002805 0.177000 -0.024993 -0.857757 0.513447 0.000000
-0.009358 -0.002868 0.181000 -0.553587 0.001615 0.832790 0.000000
-0.005215 -0.002932 0.185000 -0.406695 -0.105053 0.907504 0.000000
-0.000874 -0.002963 0.187000 -0.443000 -0.061212 0.894429 0.000000
0.003580 -0.003011 0.190000 -0.452886 0.068087 0.888965 0.000000
0.013644 -0.003169 0.200000 -0.473402 -0.745526 0.469129 0.000000
0.022109 -0.003169 0.200000 -0.458988 0.700305 -0.546720 0.000000
-0.058402 -0.003104 0.230000 0.115179 -0.085738 -0.989638 0.000000
-0.037241 -0.002429 0.180000 0.312970 0.635980 -0.705392 0.000000
-0.033192 -0.002443 0.181000 -0.139061 -0.545432 0.826539 0.000000
-0.028776 -0.002429 0.180000 0.276109 -0.575726 0.769612 0.000000
-0.024407 -0.002416 0.179000 0.105933 -0.758125 0.643447 0.000000
-0.020311 -0.002429 0.180000 0.053887 -0.780206 0.623197 0.000000
-0.015989 -0.002416 0.179000 0.103528 -0.759234 0.642530 0.000000
-0.011780 -0.002416 0.179000 -0.448241 -0.553531 0.701914 0.000000
-0.007740 -0.002470 0.183000 -0.491520 -0.050732 0.869388 0.000000
0.016548 -0.002712 0.201000 0.216043 0.817699 -0.533567 0.000000
0.025401 -0.002699 0.200000 -0.591159 0.445246 -0.672523 0.000000
-0.055940 -0.002574 0.231000 0.115179 -0.085738 -0.989638 0.000000
-0.035320 -0.002017 0.181000 0.234582 0.586338 -0.775358 0.000000
-0.031064 -0.002017 0.181000 0.152897 -0.540154 0.827560 0.000000
-0.026660 -0.002006 0.180000 0.138812 -0.722528 0.677262 0.000000
-0.022427 -0.002006 0.180000 0.061861 -0.780211 0.622450 0.000000
-0.018195 -0.002006 0.180000 0.061492 -0.721895 0.689265 0.000000
-0.013885 -0.001995 0.179000 0.014353 -0.729421 0.683914 0.000000
-0.009838 -0.002028 0.182000 -0.486520 0.089714 0.869051 0.000000
0.025401 -0.002229 0.200000 -0.591159 0.445246 -0.672523 0.000000
-0.055940 -0.002031 0.231000 0.115179 -0.085738 -0.989638 0.000000
-0.035087 -0.001600 0.182000 0.181615 0.577876 -0.795660 0.000000
-0.030638 -0.001591 0.181000 0.160624 -0.578755 0.799527 0.000000
-0.026236 -0.001583 0.180000 0.100281 -0.767935 0.632629 0.000000
-0.022126 -0.001591 0.181000 0.049148 -0.712237 0.700217 0.000000
-0.017870 -0.001591 0.181000 0.081190 -0.593847 0.800471 0.000000
-0.013539 -0.001583 0.180000 -0.003704 -0.516368 0.856359 0.000000
0.023165 -0.001767 0.201000 -0.575717 0.463639 -0.673490 0.000000
-0.058943 -0.001481 0.230000 0.115179 -0.085738 -0.989638 0.000000
-0.054000 -0.001494 0.232000 0.115179 -0.085738 -0.989638 0.000000
-0.033803 -0.001172 0.182000 0.173167 0.560133 -0.810101 0.000000
-0.029361 -0.001166 0.181000 0.213729 -0.653916 0.725750 0.000000
-0.025105 -0.001166 0.181000 0.085559 -0.775524 0.625494 0.000000
-0.020849 -0.001166 0.181000 0.090720 -0.693475 0.714746 0.000000
-0.016593 -0.001166 0.181000 0.078599 -0.475071 0.876430 0.000000
0.024460 -0.001288 0.200000 -0.591159 0.445246 -0.672523 0.000000
-0.057320 -0.000941 0.230000 0.115179 -0.085738 -0.989638 0.000000
-0.036799 -0.000744 0.182000 0.177327 0.674688 -0.716485 0.000000
-0.032519 -0.000744 0.182000 -0.074408 -0.577049 0.813313 0.000000
-0.028240 -0.000744 0.182000 0.149048 -0.787731 0.597716 0.000000
-0.023960 -0.000744 0.182000 0.135230 -0.698448 0.702769 0.000000
0.021215 -0.000838 0.205000 -0.410728 0.448743 -0.793683 0.000000
0.025742 -0.000814 0.199000 -0.524709 0.438763 -0.729497 0.000000
-0.056483 -0.000401 0.231000 0.115179 -0.085738 -0.989638 0.000000
-0.036371 -0.000316 0.182000 0.150236 0.698176 -0.699985 0.000000
-0.032091 -0.000316 0.182000 -0.095746 -0.613034 0.784233 0.000000
-0.027965 -0.000318 0.183000 0.144882 -0.805596 0.574477 0.000000
0.017841 -0.000356 0.205000 0.173952 0.397933 -0.900772 0.000000
0.024460 -0.000348 0.200000 -0.591159 0.445246 -0.672523 0.000000
-0.058148 0.000140 0.229000 0.115179 -0.085738 -0.989638 0.000000
-0.037655 0.000112 0.182000 0.132550 0.735755 -0.664150 0.000000
-0.033559 0.000112 0.183000 0.213613 0.719367 -0.660970 0.000000
-0.029415 0.000113 0.184000 0.130479 -0.826945 0.546934 0.000000
0.017928 0.000126 0.206000 0.185427 0.272104 -0.944233 0.000000
0.025742 0.000122 0.199000 -0.535056 0.450592 -0.714620 0.000000
-0.056239 0.000682 0.230000 0.115179 -0.085738 -0.989638 0.000000
-0.035280 0.000543 0.183000 0.184173 0.792903 -0.580848 0.000000
-0.031315 0.000548 0.185000 0.084918 0.843538 -0.530314 0.000000
0.019866 0.000611 0.206000 -0.111246 0.202581 -0.972926 0.000000
0.026543 0.000587 0.198000 -0.391914 0.430567 -0.813029 0.000000
-0.039153 0.000973 0.183000 0.125351 0.804885 -0.580041 0.000000
-0.034849 0.000973 0.183000 0.176709 0.805065 -0.566254 0.000000
-0.031047 0.000989 0.186000 0.108734 -0.859126 0.500080 0.000000
0.022071 0.001084 0.204000 -0.617753 0.270306 -0.738455 0.000000
0.026078 0.001053 0.198000 -0.505071 0.456408 -0.732526 0.000000
-0.038722 0.001403 0.183000 0.109137 0.802833 -0.586130 0.000000
-0.034607 0.001411 0.184000 0.186468 0.848247 -0.495688 0.000000
-0.030774 0.001434 0.187000 0.239857 -0.788791 0.565931 0.000000
0.024338 0.001526 0.199000 -0.537741 0.450838 -0.712447 0.000000
0.029017 0.001526 0.199000 -0.402839 0.467424 -0.786915 0.000000
-0.036571 0.001833 0.183000 0.182489 0.808731 -0.559152 0.000000
-0.033149 0.001884 0.188000 -0.015983 0.821291 -0.570286 0.000000
0.024338 0.001994 0.199000 -0.515649 0.423721 -0.744692 0.000000
0.029017 0.001994 0.199000 -0.369985 0.489742 -0.789471 0.000000
-0.038275 0.002289 0.185000 0.196098 0.853718 -0.482402 0.000000
-0.034475 0.002326 0.188000 0.067395 0.823621 -0.563122 0.000000
0.024460 0.002474 0.200000 -0.484551 0.424083 -0.765091 0.000000
0.029017 0.002462 0.199000 -0.369985 0.489742 -0.789471 0.000000
-0.039357 0.002738 0.186000 0.210273 0.857116 -0.470252 0.000000
-0.035548 0.002782 0.189000 0.123355 0.863955 -0.488226 0.000000
0.021319 0.003033 0.206000 -0.187005 -0.139450 -0.972411 0.000000
0.027145 0.002930 0.199000 -0.381460 0.494080 -0.781263 0.000000
-0.042647 0.003193 0.187000 0.233418 0.725922 -0.646957 0.000000
-0.038249 0.003193 0.187000 0.205722 0.850408 -0.484236 0.000000
0.021319 0.003517 0.206000 -0.081892 -0.225147 -0.970877 0.000000
0.025401 0.003415 0.200000 -0.434445 0.504418 -0.746204 0.000000
-0.043966 0.003632 0.187000 0.301240 0.740651 -0.600575 0.000000
-0.039569 0.003632 0.187000 0.208819 0.823380 -0.527675 0.000000
0.019287 0.003982 0.205000 -0.017731 -0.235437 -0.971728 0.000000
0.023872 0.003943 0.203000 -0.497966 0.486833 -0.717652 0.000000
0.028222 0.003885 0.200000 -0.357653 0.527063 -0.770901 0.000000
-0.044201 0.004094 0.188000 0.300674 0.568768 -0.765570 0.000000
-0.039780 0.004094 0.188000 0.216445 0.751869 -0.622772 0.000000
0.020251 0.004464 0.205000 -0.017731 -0.235437 -0.971728 0.000000
0.024827 0.004421 0.203000 -0.473970 0.514988 -0.714241 0.000000
0.029309 0.004377 0.201000 -0.417753 0.494949 -0.761911 0.000000
-0.042875 0.004536 0.188000 0.181820 0.586747 -0.789094 0.000000
0.016795 0.004922 0.204000 0.252918 -0.255438 -0.933158 0.000000
0.021697 0.004946 0.205000 -0.090547 -0.198678 -0.975873 0.000000
0.026130 0.004874 0.202000 -0.264714 0.568814 -0.778702 0.000000
0.030727 0.004850 0.201000 -0.530099 0.388782 -0.753554 0.000000
-0.042433 0.004978 0.188000 0.146757 0.546387 -0.824575 0.000000
0.017190 0.005375 0.203000 0.188196 -0.302915 -0.934251 0.000000
0.022180 0.005428 0.205000 -0.067036 -0.168935 -0.983345 0.000000
0.026736 0.005375 0.203000 -0.338972 0.390666 -0.855849 0.000000
0.031199 0.005322 0.201000 -0.530099 0.388782 -0.753554 0.000000
-0.042658 0.005449 0.189000 0.205820 0.490406 -0.846841 0.000000
0.017667 0.005853 0.203000 0.142314 -0.371481 -0.917468 0.000000
0.022551 0.005881 0.204000 -0.188891 0.031762 -0.981484 0.000000
0.027214 0.005853 0.203000 -0.342883 0.358539 -0.868263 0.000000
-0.046853 0.005862 0.188000 0.481376 0.284104 -0.829194 0.000000
-0.042884 0.005924 0.190000 0.264243 0.366649 -0.892045 0.000000
0.018714 0.006361 0.204000 -0.005846 -0.267724 -0.963478 0.000000
0.023510 0.006361 0.204000 -0.336116 0.078245 -0.938565 0.000000
0.028030 0.006299 0.202000 -0.445245 0.280750 -0.850257 0.000000
-0.045969 0.006304 0.188000 0.481376 0.284104 -0.829194 0.000000
-0.041313 0.006405 0.191000 0.088597 0.347298 -0.933560 0.000000
0.023031 0.006841 0.204000 -0.263233 0.053280 -0.963260 0.000000
0.027691 0.006807 0.203000 -0.349591 0.155992 -0.923825 0.000000
-0.046411 0.006746 0.188000 0.481376 0.284104 -0.829194 0.000000
-0.042661 0.006854 0.191000 0.334454 0.244657 -0.910101 0.000000
0.023031 0.007320 0.204000 -0.194271 -0.113101 -0.974406 0.000000
0.027691 0.007285 0.203000 -0.388287 0.057176 -0.919763 0.000000
-0.046853 0.007188 0.188000 0.393007 0.217397 -0.893468 0.000000
-0.043110 0.007303 0.191000 0.352953 0.196527 -0.914768 0.000000
0.023031 0.007800 0.204000 -0.194271 -0.113101 -0.974406 0.000000
0.027691 0.007762 0.203000 -0.388913 0.040222 -0.920396 0.000000
-0.046853 0.007630 0.188000 0.393007 0.217397 -0.893468 0.000000
-0.043110 0.007752 0.191000 0.408779 -0.057272 -0.910835 0.000000
0.022551 0.008280 0.204000 -0.194271 -0.113101 -0.974406 0.000000
0.027348 0.008280 0.204000 -0.358771 -0.007863 -0.933392 0.000000
-0.047737 0.008072 0.188000 0.285925 0.199135 -0.937333 0.000000
-0.044008 0.008201 0.191000 0.427297 0.058962 -0.902186 0.000000
-0.040758 0.008459 0.197000 0.291346 0.956413 -0.019808 0.000000
-0.003762 0.007643 0.178000 -0.096356 0.608550 0.787643 0.000000
0.025909 0.008759 0.204000 -0.323262 -0.014309 -0.946201 0.000000
0.030254 0.008631 0.201000 -0.611451 -0.031326 -0.790662 0.000000
-0.045325 0.008560 0.189000 0.373274 -0.140919 -0.916956 0.000000
-0.041313 0.008650 0.191000 0.687061 -0.096117 -0.720215 0.000000
-0.009306 0.008152 0.180000 0.049070 0.273043 0.960750 0.000000
-0.003762 0.008062 0.178000 -0.069658 0.606690 0.791881 0.000000
0.026388 0.009239 0.204000 -0.356584 -0.040747 -0.933374 0.000000
0.030727 0.009103 0.201000 -0.572799 -0.091864 -0.814532 0.000000
-0.045325 0.009004 0.189000 0.354739 -0.106507 -0.928879 0.000000
-0.041313 0.009099 0.191000 0.880937 0.006004 -0.473195 0.000000
-0.010576 0.008575 0.180000 0.022728 0.055119 0.998221 0.000000
0.023395 0.009671 0.203000 -0.248717 -0.039028 -0.967790 0.000000
0.028030 0.009624 0.202000 -0.497479 -0.132752 -0.857258 0.000000
-0.047295 0.009399 0.188000 0.087121 0.080809 -0.992915 0.000000
-0.043331 0.009499 0.190000 0.394882 -0.272367 -0.877431 0.000000
0.024350 0.010149 0.203000 -0.321029 -0.120573 -0.939363 0.000000
0.028980 0.010099 0.202000 -0.497479 -0.132752 -0.857258 0.000000
-0.047295 0.009841 0.188000 0.087121 0.080809 -0.992915 0.000000
-0.043331 0.009945 0.190000 0.193554 -0.277271 -0.941094 0.000000
0.025782 0.010626 0.203000 -0.382046 -0.179381 -0.906567 0.000000
0.030104 0.010469 0.200000 -0.601647 -0.211162 -0.770345 0.000000
-0.045769 0.010337 0.189000 0.191555 -0.020971 -0.981258 0.000000
-0.041325 0.010337 0.189000 0.174751 -0.204410 -0.963161 0.000000
0.028030 0.011048 0.202000 -0.491524 -0.114732 -0.863274 0.000000
-0.047991 0.010782 0.189000 0.096168 -0.271361 0.957661 0.000000
-0.043547 0.010782 0.189000 0.183785 -0.322778 -0.928460 0.000000
-0.039517 0.010896 0.191000 0.807340 -0.092070 -0.582859 0.000000
0.030104 0.011409 0.200000 -0.601647 -0.211162 -0.770345 0.000000
-0.045969 0.011167 0.188000 0.054959 -0.193518 0.979556 0.000000
-0.041769 0.011226 0.189000 0.193554 -0.277271 -0.941094 0.000000
0.027555 0.011998 0.202000 -0.584154 -0.143067 -0.798934 0.000000
-0.049139 0.011732 0.190000 0.260209 -0.277336 0.924865 0.000000
-0.044201 0.011609 0.188000 0.153494 -0.069670 -0.985690 0.000000
-0.039992 0.011671 0.189000 0.095577 -0.129610 -0.986948 0.000000
0.029163 0.012350 0.200000 -0.622041 -0.183663 -0.761139 0.000000
-0.047102 0.012115 0.189000 0.205723 -0.289348 0.934856 0.000000
-0.042433 0.012051 0.188000 0.111106 -0.111176 -0.987570 0.000000
0.027080 0.012948 0.202000 -0.631911 -0.193908 -0.750392 0.000000
-0.049846 0.012692 0.191000 0.281335 -0.252015 0.925926 0.000000
-0.044643 0.012493 0.188000 -0.005632 -0.141524 0.989919 0.000000
-0.040222 0.012493 0.188000 0.062191 -0.201631 -0.977485 0.000000
0.029163 0.013290 0.200000 -0.694552 -0.218032 -0.685609 0.000000
-0.047547 0.013004 0.189000 0.229689 -0.283386 0.931094 0.000000
-0.042875 0.012935 0.188000 0.107779 0.128492 -0.985836 0.000000
0.026736 0.013967 0.203000 -0.624431 -0.208280 -0.752798 0.000000
-0.051010 0.013662 0.192000 0.267934 -0.277148 0.922714 0.000000
-0.045769 0.013448 0.189000 0.142336 -0.277675 0.950072 0.000000
0.027418 0.014302 0.201000 -0.624431 -0.208280 -0.752798 0.000000
-0.049846 0.014040 0.191000 0.267934 -0.277148 0.922714 0.000000
-0.045118 0.013966 0.190000 0.128473 -0.264281 0.955851 0.000000
0.027418 0.014775 0.201000 -0.624431 -0.208280 -0.752798 0.000000
-0.048245 0.014413 0.190000 0.292074 -0.284943 0.912962 0.000000
-0.006118 0.014110 0.186000 -0.262814 -0.207528 0.942264 0.000000
-0.001772 0.014337 0.189000 -0.532751 -0.144297 0.833879 0.000000
-0.051462 0.015016 0.192000 0.243419 -0.290225 0.925482 0.000000
-0.046703 0.014938 0.191000 0.305533 -0.255580 0.917240 0.000000
-0.004831 0.014625 0.187000 -0.331967 -0.199448 0.921965 0.000000
0.027752 0.015642 0.200000 -0.651281 -0.165687 -0.740527 0.000000
-0.049397 0.015387 0.191000 0.280131 -0.281481 0.917766 0.000000
-0.008305 0.014984 0.186000 -0.143868 -0.271793 0.951541 0.000000
0.026518 0.016515 0.205000 -0.836660 -0.122173 -0.533923 0.000000
-0.050296 0.015836 0.191000 0.255472 -0.285939 0.923565 0.000000
-0.045804 0.015836 0.191000 0.302251 -0.273252 0.913224 0.000000
0.028406 0.016417 0.198000 -0.653580 -0.169892 -0.737543 0.000000
-0.047601 0.016285 0.191000 0.284488 -0.294022 0.912479 0.000000
0.026259 0.017309 0.203000 -0.799455 -0.303831 -0.518227 0.000000
-0.049397 0.016734 0.191000 0.267507 -0.280543 0.921811 0.000000
0.024460 0.018224 0.208000 -0.615458 -0.105167 -0.781122 0.000000
-0.051462 0.017274 0.192000 0.255472 -0.285939 0.923565 0.000000
-0.046703 0.017184 0.191000 0.281999 -0.276684 0.918653 0.000000
0.025304 0.018263 0.203000 -0.834318 -0.377089 -0.402141 0.000000
-0.049397 0.017633 0.191000 0.267507 -0.280543 0.921811 0.000000
-0.044906 0.017633 0.191000 0.247364 -0.319762 0.914638 0.000000
0.026000 0.018556 0.201000 -0.855836 -0.489770 -0.166342 0.000000
-0.048499 0.018082 0.191000 0.267507 -0.280543 0.921811 0.000000
0.012292 0.019786 0.209000 0.274160 -0.906551 -0.320938 0.000000
0.025055 0.019029 0.201000 -0.831706 -0.491249 -0.258728 0.000000
-0.048948 0.018531 0.191000 0.267507 -0.280543 0.921811 0.000000
0.010611 0.019889 0.205000 0.385087 -0.874402 -0.295178 0.000000
0.021526 0.020180 0.208000 -0.367481 -0.286558 -0.884784 0.000000
0.025528 0.019501 0.201000 -0.831706 -0.491249 -0.258728 0.000000
-0.048050 0.018980 0.191000 0.267507 -0.280543 0.921811 0.000000
0.010030 0.020173 0.203000 0.603039 -0.725128 -0.332465 0.000000
0.018502 0.020570 0.207000 -0.033823 -0.981664 -0.187593 0.000000
0.024230 0.020073 0.202000 -0.834318 -0.377089 -0.402141 0.000000
-0.048753 0.019531 0.192000 0.267507 -0.280543 0.921811 0.000000
0.008986 0.020446 0.201000 0.626571 -0.700761 -0.341091 0.000000
0.014190 0.021158 0.208000 0.190673 -0.934151 -0.301671 0.000000
0.023510 0.020752 0.204000 -0.695722 -0.507745 -0.508100 0.000000
-0.049204 0.019982 0.192000 0.267507 -0.280543 0.921811 0.000000
0.007960 0.020711 0.199000 0.597954 -0.698085 -0.393863 0.000000
0.012957 0.021231 0.204000 0.314286 -0.900705 -0.299926 0.000000
0.019576 0.021127 0.203000 -0.155684 -0.986140 0.057358 0.000000
0.024470 0.021231 0.204000 -0.765947 -0.448008 -0.461100 0.000000
-0.047645 0.020540 0.193000 0.281999 -0.276684 0.918653 0.000000
0.007920 0.021072 0.198000 0.477163 -0.819773 -0.316682 0.000000
0.012830 0.021498 0.202000 0.312863 -0.905834 -0.285625 0.000000
0.019955 0.021498 0.202000 -0.234366 -0.966670 0.103065 0.000000
-0.051276 0.020994 0.193000 0.267507 -0.280543 0.921811 0.000000
-0.049944 0.023822 0.219000 -0.610942 -0.597275 -0.519628 0.000000
0.005997 0.021320 0.196000 0.432106 -0.800473 -0.415364 0.000000
0.010768 0.021647 0.199000 0.405958 -0.869250 -0.282139 0.000000
0.015560 0.020559 0.189000 -0.481787 0.749934 0.453300 0.000000
0.021909 0.022517 0.207000 -0.134192 -0.923593 0.359121 0.000000
-0.048553 0.021448 0.193000 0.281999 -0.276684 0.918653 0.000000
-0.039686 0.023448 0.211000 -0.708976 -0.577513 -0.404763 0.000000
0.006458 0.021781 0.196000 0.432106 -0.800473 -0.415364 0.000000
0.011123 0.021892 0.197000 0.291471 -0.944578 -0.151055 0.000000
0.016004 0.021003 0.189000 -0.622817 0.500557 0.601284 0.000000
0.023482 0.023115 0.208000 -0.288095 -0.934306 0.209937 0.000000
-0.050742 0.024739 0.218000 -0.610942 -0.597275 -0.519628 0.000000
-0.039004 0.023831 0.210000 0.737111 0.559056 0.379636 0.000000
0.004998 0.021902 0.193000 0.410070 -0.787901 -0.459406 0.000000
0.009684 0.022242 0.196000 0.326562 -0.909308 -0.257907 0.000000
0.013782 0.021448 0.189000 0.396232 -0.761122 -0.513511 0.000000
0.019560 0.022469 0.198000 -0.227204 -0.973764 0.012741 0.000000
-0.048914 0.025367 0.219000 -0.610942 -0.597275 -0.519628 0.000000
-0.038326 0.024209 0.209000 0.763102 0.514570 0.391017 0.000000
0.002700 0.022124 0.191000 0.348075 -0.694158 -0.630071 0.000000
0.007229 0.022240 0.192000 0.195355 -0.926410 -0.321870 0.000000
0.011744 0.022240 0.192000 0.071461 -0.984495 -0.160194 0.000000
0.015835 0.021661 0.187000 -0.587190 0.511291 0.627526 0.000000
-0.049716 0.025764 0.218000 -0.610942 -0.597275 -0.519628 0.000000
-0.044590 0.025764 0.218000 -0.610942 -0.597275 -0.519628 0.000000
-0.036986 0.024464 0.207000 0.815642 0.348940 0.461486 0.000000
0.000904 0.022573 0.191000 0.257633 -0.576084 -0.775727 0.000000
0.005338 0.022337 0.189000 0.173334 -0.924326 -0.339966 0.000000
0.009834 0.022455 0.190000 -0.001775 -0.978945 -0.204114 0.000000
0.014001 0.021982 0.186000 -0.450584 0.677974 0.580797 0.000000
-0.050742 0.026277 0.218000 -0.610942 -0.597275 -0.519628 0.000000
-0.045616 0.026277 0.218000 -0.610942 -0.597275 -0.519628 0.000000
-0.039004 0.025312 0.210000 0.757882 0.486946 0.434163 0.000000
-0.003531 0.022660 0.188000 0.246943 -0.387481 -0.888188 0.000000
0.000899 0.022902 0.190000 0.138382 -0.688915 -0.711510 0.000000
0.005722 0.022540 0.187000 0.005801 -0.971936 -0.235173 0.000000
0.011814 0.022419 0.186000 0.344357 -0.725106 -0.596355 0.000000
0.016275 0.022540 0.187000 -0.650302 0.372298 0.662194 0.000000
-0.047666 0.026789 0.218000 -0.610942 -0.597275 -0.519628 0.000000
-0.041759 0.026298 0.214000 -0.610942 -0.597275 -0.519628 0.000000
-0.034362 0.024946 0.203000 0.809080 0.385306 0.443767 0.000000
-0.003531 0.023103 0.188000 0.168298 -0.464486 -0.869441 0.000000
0.000894 0.023225 0.189000 0.053789 -0.793607 -0.606049 0.000000
0.005225 0.022734 0.185000 -0.060391 -0.982625 -0.175500 0.000000
0.009575 0.022734 0.185000 0.273944 -0.869799 -0.410370 0.000000
0.013926 0.022734 0.185000 -0.588068 0.299970 0.751128 0.000000
-0.050579 0.026676 0.213000 -0.602628 -0.625593 -0.495452 0.000000
-0.046427 0.027176 0.217000 -0.610942 -0.597275 -0.519628 0.000000
-0.040182 0.026425 0.211000 -0.692566 -0.580389 -0.428370 0.000000
-0.032914 0.025047 0.200000 0.759849 0.347443 0.549466 0.000000
-0.006626 0.023545 0.188000 -0.030415 -0.251387 -0.967409 0.000000
-0.002205 0.023545 0.188000 0.061876 -0.619530 -0.782530 0.000000
0.002192 0.023294 0.186000 -0.236254 -0.868785 -0.435198 0.000000
0.006460 0.022918 0.183000 0.247250 -0.901591 -0.354966 0.000000
0.010763 0.022918 0.183000 -0.493552 0.479854 0.725359 0.000000
0.015231 0.023169 0.185000 -0.621381 0.259500 0.739287 0.000000
-0.046937 0.027687 0.217000 -0.610942 -0.597275 -0.519628 0.000000
-0.040182 0.026921 0.211000 -0.692566 -0.580389 -0.428370 0.000000
-0.033551 0.025645 0.201000 0.804360 0.314936 0.503805 0.000000
-0.027964 0.024880 0.195000 -0.506081 -0.167314 -0.846102 0.000000
-0.008394 0.023987 0.188000 -0.078696 -0.222050 -0.971854 0.000000
-0.003973 0.023987 0.188000 0.039606 -0.474940 -0.879126 0.000000
0.000443 0.023731 0.186000 -0.099662 -0.734369 -0.671394 0.000000
0.005112 0.023094 0.181000 0.200173 -0.888496 -0.412923 0.000000
0.009420 0.023221 0.182000 -0.481322 0.584711 0.653025 0.000000
0.013926 0.023604 0.185000 -0.588068 0.299970 0.751128 0.000000
-0.045406 0.028197 0.217000 -0.597617 -0.621451 -0.506609 0.000000
-0.036808 0.026768 0.206000 0.840136 0.268100 0.471480 0.000000
-0.030412 0.025468 0.196000 -0.601692 -0.260342 -0.755108 0.000000
-0.015025 0.024429 0.188000 0.054155 -0.036892 0.997851 0.000000
-0.010604 0.024429 0.188000 -0.048856 -0.088603 -0.994868 0.000000
-0.005271 0.024299 0.187000 -0.069822 -0.418033 -0.905745 0.000000
-0.000874 0.024299 0.187000 0.089538 -0.626329 -0.774400 0.000000
0.003814 0.023389 0.180000 0.367653 -0.679088 -0.635351 0.000000
0.008047 0.023389 0.180000 -0.503391 0.574336 0.645550 0.000000
0.012552 0.023909 0.184000 -0.607916 0.225693 0.761250 0.000000
0.017062 0.024169 0.186000 -0.637516 0.198423 0.744447 0.000000
-0.032585 0.026194 0.198000 -0.642407 -0.514648 -0.567847 0.000000
-0.027365 0.025665 0.194000 0.531720 0.118192 0.838633 0.000000
-0.016351 0.024871 0.188000 0.048353 0.019086 0.998648 0.000000
-0.011930 0.024871 0.188000 0.038074 -0.019235 0.999090 0.000000
-0.006151 0.024739 0.187000 -0.124428 -0.376638 -0.917966 0.000000
-0.001744 0.024606 0.186000 0.035629 -0.602469 -0.797346 0.000000
0.004214 0.023680 0.179000 -0.447333 0.471744 0.759836 0.000000
0.008470 0.023812 0.180000 -0.544296 0.421032 0.725585 0.000000
0.012985 0.024342 0.184000 -0.564289 0.135709 0.814347 0.000000
0.017594 0.024739 0.187000 -0.655647 0.319166 0.684295 0.000000
-0.033685 0.026794 0.199000 -0.629149 -0.543017 -0.556151 0.000000
-0.028277 0.026121 0.194000 -0.441712 -0.168499 -0.881192 0.000000
-0.023104 0.025448 0.189000 0.534536 0.001099 0.845145 0.000000
-0.016793 0.025313 0.188000 0.066478 -0.056042 0.996213 0.000000
-0.012372 0.025313 0.188000 0.038952 -0.004081 0.999233 0.000000
-0.006590 0.025178 0.187000 -0.124428 -0.376638 -0.917966 0.000000
-0.002170 0.024909 0.185000 -0.031081 -0.607215 -0.793929 0.000000
0.003772 0.023966 0.178000 -0.476304 0.293914 0.828703 0.000000
0.008002 0.024101 0.179000 -0.605862 0.318878 0.728868 0.000000
0.012484 0.024640 0.183000 -0.636044 0.135157 0.759724 0.000000
0.017154 0.025178 0.187000 -0.626752 0.191197 0.755397 0.000000
-0.032256 0.026851 0.196000 -0.512987 -0.595630 -0.618118 0.000000
-0.027365 0.026577 0.194000 -0.415013 -0.128800 -0.900652 0.000000
-0.022098 0.025755 0.188000 0.377428 -0.020544 0.925811 0.000000
-0.017677 0.025755 0.188000 0.088708 -0.070226 0.993579 0.000000
-0.008349 0.025618 0.187000 -0.092691 -0.297363 -0.950254 0.000000
-0.003931 0.025481 0.186000 -0.059165 -0.520892 -0.851570 0.000000
0.002098 0.024385 0.178000 -0.421372 0.266841 0.866742 0.000000
0.006319 0.024522 0.179000 -0.472395 0.368803 0.800517 0.000000
0.010645 0.024796 0.181000 -0.663152 0.173558 0.728085 0.000000
0.015313 0.025481 0.186000 -0.644718 0.200078 0.737772 0.000000
-0.035265 0.027869 0.200000 0.749272 0.484970 0.450995 0.000000
-0.029798 0.027172 0.195000 -0.261867 -0.243120 -0.933980 0.000000
-0.024696 0.026615 0.191000 0.634305 -0.098120 0.766831 0.000000
-0.019887 0.026197 0.188000 0.172549 -0.041070 0.984144 0.000000
-0.015385 0.026058 0.187000 0.045201 -0.060695 0.997132 0.000000
-0.005680 0.025918 0.186000 -0.135748 -0.389102 -0.911138 0.000000
0.000421 0.024664 0.177000 -0.387799 0.147171 0.909919 0.000000
0.004583 0.024664 0.177000 -0.476304 0.293914 0.828703 0.000000
0.008893 0.025082 0.180000 -0.594207 0.248031 0.765114 0.000000
0.013418 0.025640 0.184000 -0.591038 0.115207 0.798374 0.000000
-0.035378 0.028056 0.198000 -0.675037 -0.524967 -0.518396 0.000000
-0.030257 0.027631 0.195000 -0.207945 -0.270752 -0.939922 0.000000
-0.025277 0.027206 0.192000 0.588468 -0.053593 0.806742 0.000000
-0.020329 0.026639 0.188000 0.227326 -0.135898 0.964290 0.000000
-0.011867 0.026497 0.187000 0.098166 0.019425 0.994980 0.000000
-0.004806 0.026356 0.186000 -0.113323 -0.475693 -0.872281 0.000000
0.000419 0.024939 0.176000 -0.413843 0.150691 0.897790 0.000000
0.004583 0.025080 0.177000 -0.502477 0.238647 0.831002 0.000000
0.008893 0.025505 0.180000 -0.630665 0.188223 0.752884 0.000000
0.013491 0.026214 0.185000 -0.611003 0.053726 0.789803 0.000000
-0.033925 0.028089 0.195000 -0.463129 -0.505094 -0.728279 0.000000
-0.028733 0.027945 0.194000 -0.320201 -0.196309 -0.926787 0.000000
-0.023673 0.027369 0.190000 0.579145 -0.152607 0.800814 0.000000
-0.019003 0.027081 0.188000 0.101748 -0.080782 0.991525 0.000000
-0.007430 0.026793 0.186000 -0.148013 -0.412486 -0.898859 0.000000
-0.003023 0.026505 0.184000 -0.161914 -0.779779 -0.604755 0.000000
0.002488 0.025353 0.176000 -0.413843 0.150691 0.897790 0.000000
0.006702 0.025641 0.178000 -0.466150 0.199056 0.862021 0.000000
0.011132 0.026217 0.182000 -0.693491 0.094444 0.714249 0.000000
0.015835 0.026937 0.187000 -0.626752 0.191197 0.755397 0.000000
-0.031926 0.028402 0.194000 -0.262291 -0.381147 -0.886527 0.000000
-0.027224 0.028255 0.193000 -0.400744 -0.104888 -0.910166 0.000000
-0.022215 0.027670 0.189000 0.488704 -0.204716 0.848092 0.000000
-0.017677 0.027523 0.188000 0.101842 -0.081304 0.991473 0.000000
-0.005243 0.027230 0.186000 -0.147176 -0.418138 -0.896382 0.000000
0.000416 0.025620 0.175000 -0.413843 0.150691 0.897790 0.000000
0.004557 0.025766 0.176000 -0.517369 0.253461 0.817366 0.000000
0.008893 0.026352 0.180000 -0.630665 0.188223 0.752884 0.000000
0.013491 0.027084 0.185000 -0.615736 0.046717 0.786566 0.000000
-0.034663 0.028858 0.194000 -0.459549 -0.409779 -0.787969 0.000000
-0.030102 0.028858 0.194000 -0.091891 -0.254972 -0.962572 0.000000
-0.025277 0.028560 0.192000 0.557058 0.049127 0.829019 0.000000
-0.020438 0.028114 0.189000 0.288511 -0.127782 0.948912 0.000000
-0.015993 0.028114 0.189000 0.102404 -0.082444 0.991321 0.000000
-0.003931 0.027668 0.186000 -0.029134 -0.568024 -0.822496 0.000000
0.002474 0.026031 0.175000 -0.371025 0.028061 0.928199 0.000000
0.006702 0.026478 0.178000 -0.517632 0.143877 0.843420 0.000000
0.011193 0.027221 0.183000 -0.660298 0.129265 0.739795 0.000000
0.015835 0.027816 0.187000 -0.630415 0.167052 0.758070 0.000000
-0.033577 0.029163 0.193000 -0.345668 -0.312067 -0.884945 0.000000
-0.029189 0.029314 0.194000 -0.211994 -0.252824 -0.944001 0.000000
-0.024374 0.029012 0.192000 0.549347 0.030423 0.835040 0.000000
-0.019549 0.028558 0.189000 0.222708 -0.064006 0.972782 0.000000
-0.015105 0.028558 0.189000 0.106820 -0.054130 0.992804 0.000000
-0.001660 0.026745 0.177000 -0.237941 -0.844145 -0.480419 0.000000
0.004143 0.026594 0.176000 -0.434653 0.157641 0.886694 0.000000
0.008470 0.027198 0.180000 -0.608820 0.124596 0.783462 0.000000
0.012985 0.027803 0.184000 -0.630346 0.025744 0.775887 0.000000
0.017688 0.028407 0.188000 -0.626752 0.191197 0.755397 0.000000
-0.032216 0.029617 0.193000 -0.178917 -0.222368 -0.958406 0.000000
-0.027821 0.029770 0.194000 -0.243815 -0.243114 -0.938856 0.000000
-0.022899 0.029310 0.191000 0.501988 -0.087763 0.860410 0.000000
-0.018216 0.029003 0.189000 0.129749 -0.033600 0.990977 0.000000
-0.013699 0.028849 0.188000 0.072424 -0.037290 0.996677 0.000000
0.002902 0.027008 0.176000 -0.371025 0.028061 0.928199 0.000000
0.007160 0.027468 0.179000 -0.574088 0.002017 0.818791 0.000000
0.011623 0.028082 0.183000 -0.654823 0.107639 0.748078 0.000000
0.016275 0.028696 0.187000 -0.616506 0.139005 0.774982 0.000000
-0.035759 0.030382 0.195000 0.591016 0.339792 0.731602 0.000000
-0.028277 0.030226 0.194000 -0.243918 -0.226009 -0.943093 0.000000
-0.023593 0.030070 0.193000 -0.502929 -0.096456 -0.858929 0.000000
-0.018660 0.029447 0.189000 0.216257 -0.056936 0.974675 0.000000
-0.014141 0.029291 0.188000 0.085874 -0.040553 0.995480 0.000000
0.001239 0.027266 0.175000 -0.413843 0.150691 0.897790 0.000000
0.005416 0.027578 0.177000 -0.547359 0.070344 0.833936 0.000000
0.009848 0.028357 0.182000 -0.670487 -0.030396 0.741299 0.000000
0.015750 0.028980 0.186000 -0.600965 0.060494 0.796983 0.000000
-0.031014 0.030682 0.194000 -0.153602 -0.174096 -0.972675 0.000000
-0.026452 0.030682 0.194000 -0.396314 -0.237033 -0.886990 0.000000
-0.021552 0.030208 0.191000 0.509381 0.064537 0.858118 0.000000
-0.015993 0.029892 0.189000 0.060825 -0.028373 0.997745 0.000000
0.002902 0.027836 0.176000 -0.395171 0.027565 0.918194 0.000000
0.007160 0.028310 0.179000 -0.578040 -0.083754 0.811699 0.000000
0.011623 0.028943 0.183000 -0.659604 0.009192 0.751557 0.000000
0.016188 0.029417 0.186000 -0.600965 0.060494 0.796983 0.000000
-0.034663 0.031139 0.194000 -0.515599 -0.281316 -0.809332 0.000000
-0.028733 0.031139 0.194000 -0.243374 -0.278033 -0.929229 0.000000
-0.024047 0.030978 0.193000 -0.520881 -0.140878 -0.841924 0.000000
-0.019104 0.030336 0.189000 0.207075 -0.067962 0.975962 0.000000
-0.014583 0.030176 0.188000 0.068175 -0.010173 0.997622 0.000000
0.002074 0.028249 0.176000 -0.395171 0.027565 0.918194 0.000000
0.006319 0.028731 0.179000 -0.578459 -0.077658 0.812007 0.000000
0.010704 0.029212 0.182000 -0.668010 -0.026902 0.743666 0.000000
-0.039103 0.032246 0.198000 -0.670347 -0.504809 -0.543878 0.000000
-0.031926 0.031595 0.194000 -0.270210 -0.199888 -0.941823 0.000000
-0.027224 0.031432 0.193000 -0.308045 -0.336985 -0.889691 0.000000
-0.022001 0.031106 0.191000 -0.531499 -0.166194 -0.830595 0.000000
-0.017235 0.030618 0.188000 0.119429 -0.025908 0.992505 0.000000
-0.012814 0.030618 0.188000 0.148946 -0.020277 0.988637 0.000000
0.004191 0.028989 0.178000 -0.458466 -0.104387 0.882560 0.000000
0.008517 0.029478 0.181000 -0.618883 -0.137891 0.773285 0.000000
-0.039300 0.032877 0.199000 -0.670347 -0.504809 -0.543878 0.000000
-0.032839 0.032051 0.194000 -0.374517 -0.116482 -0.919875 0.000000
-0.027677 0.031886 0.193000 -0.312912 -0.326936 -0.891739 0.000000
-0.022450 0.031555 0.191000 -0.522562 -0.184064 -0.832496 0.000000
-0.016793 0.031060 0.188000 0.119429 -0.025908 0.992505 0.000000
-0.012372 0.031060 0.188000 0.148946 -0.020277 0.988637 0.000000
0.004191 0.029408 0.178000 -0.458466 -0.104387 0.882560 0.000000
-0.041172 0.033345 0.199000 -0.670347 -0.504809 -0.543878 0.000000
-0.035021 0.032842 0.196000 -0.556374 -0.283613 -0.781033 0.000000
-0.029493 0.032340 0.193000 -0.248744 -0.335856 -0.908475 0.000000
-0.024696 0.032004 0.191000 -0.542429 -0.217106 -0.811563 0.000000
-0.019003 0.031502 0.188000 0.191072 -0.001800 0.981574 0.000000
-0.013256 0.031502 0.188000 0.049902 -0.008509 0.998718 0.000000
0.003772 0.029826 0.178000 -0.401006 -0.134298 0.906178 0.000000
-0.036126 0.033473 0.197000 -0.568012 -0.319139 -0.758625 0.000000
-0.030854 0.032793 0.193000 -0.242580 -0.266297 -0.932867 0.000000
-0.025594 0.032454 0.191000 -0.485186 -0.272563 -0.830845 0.000000
-0.020772 0.031944 0.188000 0.439252 0.163909 0.883285 0.000000
-0.000413 0.030245 0.178000 -0.064685 0.192078 0.979245 0.000000
-0.036775 0.034108 0.198000 -0.581225 -0.393704 -0.712162 0.000000
-0.031308 0.033247 0.193000 -0.287097 -0.191161 -0.938634 0.000000
-0.025013 0.032730 0.190000 -0.508559 -0.272195 -0.816871 0.000000
-0.020221 0.032214 0.187000 0.239950 -0.033542 0.970206 0.000000
-0.037706 0.034574 0.198000 -0.581225 -0.393704 -0.712162 0.000000
-0.032383 0.033876 0.194000 0.301589 -0.070948 0.950794 0.000000
-0.025907 0.033177 0.190000 -0.502443 -0.307106 -0.808231 0.000000
-0.021101 0.032653 0.187000 0.441374 0.027303 0.896908 0.000000
-0.037516 0.034863 0.197000 -0.568012 -0.319139 -0.758625 0.000000
