-0.049578 -0.026915 0.213000 0.045071 0.219654 0.974536 1.000000
-0.044569 -0.026915 0.213000 -0.309030 0.005261 0.951038 1.000000
-0.040118 -0.027294 0.216000 -0.257536 0.144883 0.955345 1.000000
-0.035039 -0.027294 0.216000 -0.294003 -0.145773 0.944623 1.000000
-0.030376 -0.027673 0.219000 -0.601648 -0.442762 0.664817 1.000000
-0.050817 -0.026538 0.214000 0.289605 0.260012 0.921153 1.000000
-0.045571 -0.026414 0.213000 -0.207572 -0.061012 0.976315 1.000000
-0.040943 -0.026662 0.215000 -0.298104 0.138745 0.944396 1.000000
-0.036055 -0.026786 0.216000 -0.238146 -0.063551 0.969148 1.000000
-0.031263 -0.027034 0.218000 -0.564317 -0.413610 0.714474 1.000000
-0.055863 -0.026278 0.216000 0.416119 0.089469 0.904898 1.000000
-0.050079 -0.025913 0.213000 0.129554 0.182980 0.974543 1.000000
-0.045070 -0.025913 0.213000 -0.248050 0.034487 0.968133 1.000000
-0.040438 -0.026157 0.215000 -0.292269 0.126316 0.947957 1.000000
-0.035547 -0.026278 0.216000 -0.326633 -0.008419 0.945114 1.000000
-0.030891 -0.026643 0.219000 -0.635954 -0.367017 0.678868 1.000000
-0.058402 -0.025770 0.216000 0.239612 -0.146345 0.959776 1.000000
-0.053077 -0.025651 0.215000 0.418946 0.170029 0.891950 1.000000
-0.047351 -0.025293 0.212000 -0.075521 0.194827 0.977926 1.000000
-0.042566 -0.025413 0.213000 -0.356520 0.083654 0.930535 1.000000
-0.037910 -0.025651 0.215000 -0.219610 0.144988 0.964754 1.000000
-0.033160 -0.025890 0.217000 -0.550813 -0.182512 0.814429 1.000000
-0.028704 -0.026486 0.222000 -0.734618 -0.344058 0.584773 1.000000
-0.059183 -0.025380 0.217000 0.300232 -0.007652 0.953835 1.000000
-0.053333 -0.025029 0.214000 0.460117 0.215405 0.861332 1.000000
-0.047850 -0.024795 0.212000 -0.071855 0.208094 0.975466 1.000000
-0.043067 -0.024912 0.213000 -0.363394 0.020943 0.931400 1.000000
-0.038416 -0.025146 0.215000 -0.209183 0.107196 0.971983 1.000000
-0.033670 -0.025380 0.217000 -0.563271 -0.107098 0.819302 1.000000
-0.029226 -0.025964 0.222000 -0.769669 -0.259733 0.583222 1.000000
-0.024547 -0.026549 0.227000 -0.679937 -0.622977 0.386763 1.000000
-0.056615 -0.024640 0.215000 0.384851 0.110730 0.916313 1.000000
-0.051080 -0.024411 0.213000 0.298918 0.136472 0.944470 1.000000
-0.045856 -0.024296 0.212000 -0.236807 0.096705 0.966732 1.000000
-0.041063 -0.024411 0.213000 -0.323630 0.006617 0.946161 1.000000
-0.036393 -0.024640 0.215000 -0.239141 0.114584 0.964200 1.000000
-0.031921 -0.025098 0.219000 -0.682300 -0.212460 0.699519 1.000000
-0.027383 -0.025671 0.224000 -0.718753 -0.384605 0.579201 1.000000
-0.022905 -0.026588 0.232000 -0.694254 -0.641062 0.327187 1.000000
-0.057387 -0.024247 0.216000 0.377646 0.112192 0.919128 1.000000
-0.051339 -0.023798 0.212000 0.278333 0.049185 0.959224 1.000000
-0.046354 -0.023798 0.212000 -0.210837 0.087421 0.973604 1.000000
-0.041759 -0.024022 0.214000 -0.368339 -0.094868 0.924839 1.000000
-0.036899 -0.024135 0.215000 -0.253672 0.074819 0.964392 1.000000
-0.032288 -0.024471 0.218000 -0.667314 -0.148556 0.729811 1.000000
-0.027785 -0.025033 0.223000 -0.730601 -0.332506 0.596375 1.000000
-0.023451 -0.026043 0.232000 -0.730872 -0.601108 0.323256 1.000000
-0.060714 -0.023849 0.217000 0.155466 -0.321026 0.934223 1.000000
-0.054843 -0.023519 0.214000 0.459431 0.158332 0.873987 1.000000
-0.049112 -0.023189 0.211000 0.037513 0.140424 0.989381 1.000000
-0.044569 -0.023409 0.213000 -0.329518 -0.054284 0.942588 1.000000
-0.039747 -0.023519 0.214000 -0.207592 -0.090759 0.973996 1.000000
-0.035039 -0.023739 0.216000 -0.486135 -0.013076 0.873786 1.000000
-0.030654 -0.024288 0.221000 -0.769618 -0.241609 0.591028 1.000000
-0.026033 -0.024838 0.226000 -0.757360 -0.510767 0.406846 1.000000
-0.021635 -0.025937 0.236000 0.585269 0.753926 -0.298423 1.000000
-0.060714 -0.023339 0.217000 0.247059 -0.260557 0.933312 1.000000
-0.054843 -0.023016 0.214000 0.429017 0.152103 0.890398 1.000000
-0.049112 -0.022693 0.211000 -0.001503 0.040449 0.999180 1.000000
-0.044569 -0.022908 0.213000 -0.330873 -0.095792 0.938801 1.000000
-0.039747 -0.023016 0.214000 -0.213237 -0.116393 0.970043 1.000000
-0.034877 -0.023123 0.215000 -0.486375 -0.015761 0.873608 1.000000
-0.030654 -0.023769 0.221000 -0.769618 -0.241609 0.591028 1.000000
-0.026033 -0.024306 0.226000 -0.757360 -0.510767 0.406846 1.000000
-0.021727 -0.025490 0.237000 0.516994 0.742273 -0.426319 1.000000
-0.061224 -0.022828 0.217000 0.224893 -0.356439 0.906849 1.000000
-0.055346 -0.022513 0.214000 0.424670 0.150040 0.892829 1.000000
-0.049608 -0.022197 0.211000 0.045860 0.020400 0.998740 1.000000
-0.045070 -0.022407 0.213000 -0.368967 -0.134702 0.919630 1.000000
-0.040250 -0.022513 0.214000 -0.230350 -0.238321 0.943473 1.000000
-0.035382 -0.022618 0.215000 -0.409200 -0.044711 0.911349 1.000000
-0.031032 -0.023144 0.220000 -0.780808 -0.188419 0.595682 1.000000
-0.026447 -0.023670 0.225000 -0.779324 -0.484457 0.397436 1.000000
-0.022190 -0.024827 0.236000 -0.607938 -0.732819 0.305594 1.000000
-0.063044 -0.022421 0.218000 0.325657 -0.451559 0.830688 1.000000
-0.057387 -0.022215 0.216000 0.414541 0.080889 0.906429 1.000000
-0.051097 -0.021701 0.211000 0.259985 -0.046802 0.964478 1.000000
-0.046354 -0.021804 0.212000 -0.291930 -0.168539 0.941473 1.000000
-0.041954 -0.022112 0.215000 -0.384169 -0.271287 0.882506 1.000000
-0.036899 -0.022112 0.215000 -0.135654 -0.136348 0.981329 1.000000
-0.032288 -0.022421 0.218000 -0.720136 -0.083062 0.688843 1.000000
-0.027909 -0.023038 0.224000 -0.772907 -0.392441 0.498603 1.000000
-0.023552 -0.023964 0.233000 -0.707560 -0.649829 0.277635 1.000000
-0.065692 -0.022109 0.220000 0.496392 -0.581142 0.644878 1.000000
-0.059693 -0.021808 0.217000 0.456424 -0.158148 0.875595 1.000000
-0.053585 -0.021406 0.213000 0.427864 0.001663 0.903841 1.000000
-0.048348 -0.021305 0.212000 -0.187307 -0.191080 0.963537 1.000000
-0.043772 -0.021506 0.214000 -0.390820 -0.301164 0.869805 1.000000
-0.038921 -0.021607 0.215000 -0.052826 -0.308873 0.949635 1.000000
-0.034023 -0.021707 0.216000 -0.571770 -0.030393 0.819851 1.000000
-0.029882 -0.022411 0.223000 -0.801859 -0.322499 0.503008 1.000000
-0.025191 -0.022913 0.228000 -0.747395 -0.554868 0.365406 1.000000
-0.069830 -0.022083 0.225000 -0.090942 0.796412 -0.597878 1.000000
-0.062245 -0.021298 0.217000 0.314794 -0.389543 0.865541 1.000000
-0.056615 -0.021101 0.215000 0.411036 0.090507 0.907115 1.000000
-0.050840 -0.020807 0.212000 0.242366 -0.089170 0.966078 1.000000
-0.045856 -0.020807 0.212000 -0.323897 -0.195230 0.925730 1.000000
-0.041642 -0.021199 0.216000 -0.322451 -0.288878 0.901429 1.000000
-0.036393 -0.021101 0.215000 -0.162745 -0.222289 0.961302 1.000000
-0.031921 -0.021494 0.219000 -0.737346 -0.130187 0.662852 1.000000
-0.027627 -0.022181 0.226000 -0.782722 -0.479801 0.396405 1.000000
-0.023202 -0.023064 0.235000 -0.671526 -0.686855 0.277999 1.000000
-0.067333 -0.021266 0.222000 0.378919 -0.677348 0.630571 1.000000
-0.060714 -0.020787 0.217000 0.454930 -0.293261 0.840855 1.000000
-0.054843 -0.020500 0.214000 0.436654 0.016178 0.899484 1.000000
-0.049345 -0.020308 0.212000 -0.096097 -0.150370 0.983948 1.000000
-0.044779 -0.020500 0.214000 -0.415339 -0.339672 0.843870 1.000000
-0.040118 -0.020691 0.216000 -0.078732 -0.371007 0.925286 1.000000
-0.035039 -0.020691 0.216000 -0.318649 -0.168610 0.932756 1.000000
-0.030654 -0.021170 0.221000 -0.772877 -0.132881 0.620487 1.000000
-0.026378 -0.021937 0.229000 -0.735170 -0.590311 0.333255 1.000000
-0.074721 -0.021211 0.227000 0.407676 0.748477 -0.523051 1.000000
-0.068161 -0.020838 0.223000 -0.135214 0.771711 -0.621433 1.000000
-0.061224 -0.020277 0.217000 0.420209 -0.329394 0.845532 1.000000
-0.055346 -0.019997 0.214000 0.414448 0.037976 0.909280 1.000000
-0.049843 -0.019810 0.212000 0.049296 -0.289026 0.956051 1.000000
-0.045070 -0.019903 0.213000 -0.392356 -0.330703 0.858308 1.000000
-0.040626 -0.020184 0.216000 -0.195088 -0.355621 0.914043 1.000000
-0.035547 -0.020184 0.216000 -0.264110 -0.264887 0.927405 1.000000
-0.031032 -0.020557 0.220000 -0.754262 -0.126016 0.644367 1.000000
-0.027034 -0.021492 0.230000 -0.748039 -0.595540 0.292864 1.000000
-0.022378 -0.022239 0.238000 0.426843 0.615767 -0.662297 1.000000
-0.068161 -0.020313 0.223000 -0.136345 0.782159 -0.607978 1.000000
-0.061224 -0.019767 0.217000 0.462854 -0.288803 0.838069 1.000000
-0.055346 -0.019493 0.214000 0.423880 -0.009709 0.905666 1.000000
-0.050079 -0.019402 0.213000 0.049296 -0.289026 0.956051 1.000000
-0.045070 -0.019402 0.213000 -0.376942 -0.350448 0.857380 1.000000
-0.040626 -0.019676 0.216000 -0.172094 -0.378918 0.909288 1.000000
-0.035547 -0.019676 0.216000 -0.214528 -0.314338 0.924754 1.000000
-0.031032 -0.020040 0.220000 -0.747087 -0.145957 0.648504 1.000000
-0.027270 -0.021133 0.232000 -0.739547 -0.609286 0.286077 1.000000
-0.074514 -0.020233 0.228000 0.508114 0.648716 -0.566558 1.000000
-0.067333 -0.019700 0.222000 0.281195 -0.735112 0.616879 1.000000
-0.060994 -0.019345 0.218000 0.524943 -0.357202 0.772555 1.000000
-0.054843 -0.018990 0.214000 0.411060 -0.049017 0.910290 1.000000
-0.049578 -0.018902 0.213000 0.049296 -0.289026 0.956051 1.000000
-0.044779 -0.018990 0.214000 -0.383882 -0.362616 0.849202 1.000000
-0.040118 -0.019168 0.216000 -0.076998 -0.438306 0.895521 1.000000
-0.035039 -0.019168 0.216000 -0.321898 -0.335742 0.885245 1.000000
-0.029609 -0.020321 0.229000 -0.747154 -0.587062 0.311640 1.000000
-0.023956 -0.021031 0.237000 -0.722105 -0.582483 0.373199 1.000000
-0.070140 -0.019524 0.226000 -0.056494 0.839538 -0.540355 1.000000
-0.062818 -0.018919 0.219000 0.463971 -0.538306 0.703532 1.000000
-0.056879 -0.018660 0.216000 0.501281 -0.267764 0.822812 1.000000
-0.051080 -0.018401 0.213000 0.196377 -0.290832 0.936404 1.000000
-0.046072 -0.018401 0.213000 -0.362130 -0.363353 0.858392 1.000000
-0.041835 -0.018746 0.217000 -0.268557 -0.377157 0.886357 1.000000
-0.036563 -0.018660 0.216000 -0.020406 -0.373351 0.927466 1.000000
-0.028175 -0.020301 0.235000 -0.831888 -0.445379 0.331058 1.000000
-0.074187 -0.019076 0.227000 0.578449 0.637592 -0.508796 1.000000
-0.067939 -0.018824 0.224000 -0.086702 0.822958 -0.561447 1.000000
-0.061273 -0.018404 0.219000 0.497662 -0.475744 0.725259 1.000000
-0.050579 -0.017900 0.213000 0.156979 -0.361727 0.918973 1.000000
-0.040814 -0.018236 0.217000 -0.164557 -0.438073 0.883749 1.000000
-0.027185 -0.019833 0.236000 -0.839996 -0.410918 0.354335 1.000000
-0.073442 -0.018624 0.228000 0.423408 0.711005 -0.561424 1.000000
-0.066886 -0.018298 0.224000 -0.256494 0.795299 -0.549281 1.000000
-0.060519 -0.017971 0.220000 0.443026 -0.667281 0.598718 1.000000
-0.048075 -0.017399 0.213000 -0.115524 -0.274408 0.954649 1.000000
-0.026296 -0.019441 0.238000 -0.769413 -0.345752 0.537084 1.000000
-0.069917 -0.018009 0.227000 -0.049365 0.852037 -0.521149 1.000000
-0.063726 -0.017771 0.224000 0.420901 -0.755590 0.501922 1.000000
-0.057937 -0.017612 0.222000 0.418580 -0.712325 0.563368 1.000000
-0.070225 -0.017552 0.228000 -0.036523 0.800962 -0.597601 1.000000
-0.064295 -0.017398 0.226000 -0.332041 0.831060 -0.446193 1.000000
-0.059242 -0.017475 0.227000 0.529693 -0.689605 0.493832 1.000000
-0.071071 -0.017091 0.229000 0.089927 0.801760 -0.590842 1.000000
-0.065400 -0.017016 0.228000 -0.182568 0.883113 -0.432180 1.000000
-0.074086 -0.016624 0.230000 0.602429 0.626518 -0.494525 1.000000
-0.068137 -0.016624 0.230000 -0.025744 0.828605 -0.559242 1.000000
-0.063547 -0.016841 0.233000 -0.364989 0.532805 -0.763480 1.000000
-0.068976 -0.016153 0.231000 0.007250 0.782226 -0.622953 1.000000
-0.072002 -0.015678 0.232000 0.290125 0.634855 -0.716091 1.000000
-0.033703 -0.010924 0.224000 -0.575620 0.023410 0.817382 2.000000
-0.041378 -0.010211 0.220000 -0.294648 -0.264523 0.918265 2.000000
-0.036175 -0.010350 0.223000 -0.470754 -0.150495 0.869334 2.000000
-0.031486 -0.010536 0.227000 -0.695875 0.407185 0.591572 2.000000
-0.048541 -0.009782 0.222000 -0.289284 -0.469521 -0.834185 2.000000
-0.042930 -0.009694 0.220000 -0.148327 0.024841 0.988626 2.000000
-0.038100 -0.009782 0.222000 -0.408084 -0.102427 0.907180 2.000000
-0.033176 -0.009870 0.224000 -0.617850 0.242687 0.747906 2.000000
-0.029405 -0.010399 0.236000 -0.809988 0.292198 0.508468 2.000000
-0.052665 -0.009343 0.224000 -0.321748 -0.605770 -0.727682 2.000000
-0.045724 -0.009218 0.221000 -0.064447 -0.198329 -0.978014 2.000000
-0.040527 -0.009218 0.221000 -0.294361 -0.052378 0.954258 2.000000
-0.035650 -0.009302 0.223000 -0.432799 -0.030724 0.900967 2.000000
-0.031088 -0.009510 0.228000 -0.692984 0.435879 0.574267 2.000000
-0.026968 -0.009969 0.239000 -0.802245 0.236875 0.547990 2.000000
-0.054487 -0.008856 0.225000 -0.284726 -0.611414 -0.738312 2.000000
-0.048322 -0.008699 0.221000 -0.217272 -0.353587 -0.909818 2.000000
-0.042930 -0.008659 0.220000 -0.206400 0.004223 0.978459 2.000000
-0.038100 -0.008738 0.222000 -0.417022 -0.113961 0.901723 2.000000
-0.033176 -0.008817 0.224000 -0.583485 0.199628 0.787206 2.000000
-0.029155 -0.009210 0.234000 -0.778509 0.415721 0.470213 2.000000
-0.057386 -0.008364 0.226000 -0.345848 -0.586524 -0.732379 2.000000
-0.050629 -0.008216 0.222000 -0.240191 -0.547540 -0.801566 2.000000
-0.044999 -0.008142 0.220000 0.022163 -0.171254 -0.984978 2.000000
-0.040007 -0.008179 0.221000 -0.392433 -0.054674 0.918154 2.000000
-0.035126 -0.008253 0.223000 -0.424385 0.066100 0.903066 2.000000
-0.030686 -0.008475 0.229000 -0.674279 0.530783 0.513436 2.000000
-0.026296 -0.008808 0.238000 -0.788325 0.308274 0.532457 2.000000
-0.056352 -0.007763 0.224000 -0.316605 -0.585646 -0.746177 2.000000
-0.049361 -0.007659 0.221000 -0.199198 -0.396616 -0.896111 2.000000
-0.043965 -0.007625 0.220000 -0.179628 0.083344 0.980198 2.000000
-0.039144 -0.007694 0.222000 -0.421721 -0.085529 0.902683 2.000000
-0.034230 -0.007763 0.224000 -0.544399 0.142969 0.826553 2.000000
-0.029739 -0.007971 0.230000 -0.612106 0.632382 0.474784 2.000000
-0.025282 -0.008283 0.239000 -0.681803 0.505162 0.529109 2.000000
-0.059512 -0.007301 0.226000 -0.410902 -0.575558 -0.707031 2.000000
-0.053239 -0.007172 0.222000 -0.301580 -0.542816 -0.783837 2.000000
-0.047586 -0.007107 0.220000 -0.122179 -0.258466 -0.958263 2.000000
-0.042413 -0.007107 0.220000 -0.256584 0.071291 0.963889 2.000000
-0.037748 -0.007204 0.223000 -0.420042 -0.104267 0.901495 2.000000
-0.032796 -0.007269 0.225000 -0.619836 0.229954 0.750283 2.000000
-0.028483 -0.007527 0.233000 -0.608586 0.699569 0.374468 2.000000
-0.023794 -0.007786 0.241000 0.661826 -0.471437 -0.582867 2.000000
-0.059778 -0.006740 0.225000 -0.433894 -0.471052 -0.768015 2.000000
-0.053761 -0.006650 0.222000 -0.296583 -0.492396 -0.818282 2.000000
-0.048103 -0.006590 0.220000 -0.153456 -0.324660 -0.933299 2.000000
-0.042930 -0.006590 0.220000 -0.206624 0.076991 0.975387 2.000000
-0.038272 -0.006680 0.223000 -0.442567 -0.105626 0.890493 2.000000
-0.033325 -0.006740 0.225000 -0.602255 0.199060 0.773087 2.000000
-0.028906 -0.006949 0.232000 -0.604005 0.693557 0.392628 2.000000
-0.024158 -0.007159 0.239000 0.477182 -0.770332 -0.422949 2.000000
-0.062978 -0.006266 0.227000 0.478696 0.447860 0.755163 2.000000
-0.056117 -0.006100 0.221000 -0.283415 -0.483394 -0.828255 2.000000
-0.050920 -0.006100 0.221000 -0.198358 -0.437247 -0.877194 2.000000
-0.045517 -0.006073 0.220000 0.032070 -0.183286 -0.982536 2.000000
-0.040527 -0.006100 0.221000 -0.353006 -0.016876 0.935469 2.000000
-0.035810 -0.006183 0.224000 0.370580 -0.051657 -0.927363 2.000000
-0.030952 -0.006266 0.227000 -0.591570 0.621320 0.513816 2.000000
-0.026404 -0.006459 0.234000 -0.547346 0.784267 0.292126 2.000000
-0.021617 -0.006680 0.242000 0.482926 -0.742947 -0.463479 2.000000
-0.061344 -0.005631 0.223000 0.488235 0.378351 0.786433 2.000000
-0.055597 -0.005581 0.221000 -0.328158 -0.445102 -0.833185 2.000000
-0.050401 -0.005581 0.221000 -0.167044 -0.402181 -0.900193 2.000000
-0.044999 -0.005555 0.220000 0.125157 -0.207112 -0.970279 2.000000
-0.040188 -0.005606 0.222000 -0.427387 -0.003995 0.904060 2.000000
-0.035283 -0.005656 0.224000 -0.411279 0.081905 0.907822 2.000000
-0.030552 -0.005757 0.228000 -0.582763 0.660634 0.473233 2.000000
-0.025743 -0.005884 0.233000 0.463306 -0.845313 -0.266072 2.000000
-0.021047 -0.006111 0.242000 0.343000 -0.894437 -0.286939 2.000000
-0.061344 -0.005107 0.223000 0.488235 0.378351 0.786433 2.000000
-0.055597 -0.005061 0.221000 -0.301830 -0.360500 -0.882575 2.000000
-0.050172 -0.005038 0.220000 -0.158733 -0.348969 -0.923593 2.000000
-0.044999 -0.005038 0.220000 0.131014 -0.213833 -0.968045 2.000000
-0.040188 -0.005084 0.222000 -0.427387 -0.003995 0.904060 2.000000
-0.035283 -0.005130 0.224000 -0.445997 0.068401 0.892417 2.000000
-0.030552 -0.005221 0.228000 0.546465 -0.706120 -0.450300 2.000000
-0.025522 -0.005290 0.231000 0.434627 -0.837322 -0.331651 2.000000
-0.064826 -0.004644 0.226000 0.450461 0.439059 0.777375 2.000000
-0.058459 -0.004562 0.222000 0.388929 0.331504 0.859558 2.000000
-0.052759 -0.004521 0.220000 -0.236914 -0.304854 -0.922462 2.000000
-0.047370 -0.004500 0.219000 -0.066486 -0.300622 -0.951423 2.000000
-0.042606 -0.004541 0.221000 0.337938 -0.063653 -0.939013 2.000000
-0.037578 -0.004562 0.222000 0.319308 -0.244986 -0.915436 2.000000
-0.032650 -0.004603 0.224000 0.484043 -0.474353 -0.735318 2.000000
-0.027994 -0.004706 0.229000 0.475511 -0.785182 -0.396710 2.000000
-0.063199 -0.004076 0.224000 0.472519 0.355056 0.806636 2.000000
-0.057415 -0.004040 0.222000 -0.365544 -0.342486 -0.865495 2.000000
-0.051724 -0.004004 0.220000 -0.189166 -0.318666 -0.928799 2.000000
-0.046340 -0.003985 0.219000 0.036503 -0.295236 -0.954727 2.000000
-0.041566 -0.004022 0.221000 -0.374305 0.082079 0.923666 2.000000
-0.036699 -0.004058 0.223000 0.306335 -0.294710 -0.905155 2.000000
-0.031596 -0.004076 0.224000 0.367191 -0.691726 -0.621840 2.000000
-0.065647 -0.003597 0.227000 0.581928 0.509553 0.633810 2.000000
-0.058981 -0.003518 0.222000 0.399732 0.265516 0.877334 2.000000
-0.053276 -0.003486 0.220000 0.266403 0.243681 0.932550 2.000000
-0.047885 -0.003470 0.219000 -0.082268 -0.311382 -0.946717 2.000000
-0.042930 -0.003486 0.220000 0.309964 -0.147922 -0.939170 2.000000
-0.038100 -0.003518 0.222000 0.307903 -0.235647 -0.921773 2.000000
-0.032732 -0.003502 0.221000 0.243590 -0.817787 -0.521428 2.000000
-0.063199 -0.003023 0.224000 0.478809 0.358591 0.801345 2.000000
-0.057156 -0.002982 0.221000 0.317996 0.215413 0.923296 2.000000
-0.051724 -0.002969 0.220000 -0.264934 -0.278841 -0.923070 2.000000
-0.046340 -0.002955 0.219000 0.059724 -0.263772 -0.962734 2.000000
-0.041378 -0.002969 0.220000 0.252646 -0.246723 -0.935574 2.000000
-0.035876 -0.002942 0.218000 0.131931 -0.794267 -0.593072 2.000000
-0.064826 -0.002518 0.226000 -0.444911 -0.415429 -0.793394 2.000000
-0.058459 -0.002474 0.222000 0.382933 0.208311 0.899983 2.000000
-0.052519 -0.002440 0.219000 0.244539 0.247842 0.937430 2.000000
-0.047370 -0.002440 0.219000 -0.021636 -0.319511 -0.947336 2.000000
-0.042413 -0.002452 0.220000 0.309964 -0.147922 -0.939170 2.000000
-0.071579 -0.002075 0.236000 -0.313928 -0.020014 -0.949236 2.000000
-0.062672 -0.001969 0.224000 0.461617 0.351226 0.814586 2.000000
-0.056636 -0.001943 0.221000 0.346081 0.223365 0.911228 2.000000
-0.050974 -0.001925 0.219000 -0.234469 -0.316203 -0.919261 2.000000
-0.045825 -0.001925 0.219000 0.075914 -0.255144 -0.963918 2.000000
-0.040861 -0.001934 0.220000 0.235184 -0.289953 -0.927694 2.000000
-0.063199 -0.001443 0.224000 0.462974 0.387995 0.796941 2.000000
-0.057156 -0.001423 0.221000 0.373833 0.229104 0.898755 2.000000
-0.051489 -0.001411 0.219000 -0.255055 -0.318250 -0.913052 2.000000
-0.046128 -0.001404 0.218000 0.060201 -0.325711 -0.943551 2.000000
-0.064826 -0.000924 0.226000 -0.434242 -0.384158 -0.814774 2.000000
-0.058459 -0.000908 0.222000 0.399653 0.245064 0.883301 2.000000
-0.052759 -0.000900 0.220000 -0.245668 -0.265437 -0.932304 2.000000
-0.047153 -0.000891 0.218000 -0.075342 -0.425628 -0.901756 2.000000
-0.062146 -0.000389 0.224000 -0.406755 -0.350727 -0.843529 2.000000
-0.056117 -0.000384 0.221000 0.344144 0.189847 0.919523 2.000000
-0.050459 -0.000381 0.219000 -0.178981 -0.372190 -0.910736 2.000000
-0.061868 0.000137 0.223000 -0.397723 -0.378775 -0.835671 2.000000
-0.056117 0.000136 0.221000 -0.308518 -0.294426 -0.904505 2.000000
-0.050229 0.000134 0.218000 -0.176971 -0.461287 -0.869423 2.000000
-0.057156 0.000655 0.221000 -0.366265 -0.377866 -0.850334 2.000000
-0.051489 0.000649 0.219000 -0.257730 -0.425269 -0.867595 2.000000
-0.054311 0.001170 0.220000 -0.345567 -0.490263 -0.800141 2.000000
-0.053549 0.001679 0.219000 -0.268448 -0.521754 -0.809758 2.000000
-0.023167 -0.053421 0.219000 0.003731 0.897163 -0.441684 0.000000
-0.024712 -0.052906 0.219000 0.003731 0.897163 -0.441684 0.000000
-0.026649 -0.052152 0.218000 0.003731 0.897163 -0.441684 0.000000
-0.021819 -0.052870 0.221000 0.003731 0.897163 -0.441684 0.000000
-0.028700 -0.051639 0.218000 0.086812 0.898664 -0.429962 0.000000
-0.023790 -0.052113 0.220000 0.003731 0.897163 -0.441684 0.000000
-0.050509 -0.050892 0.217000 0.636478 -0.010017 -0.771230 0.000000
-0.045089 -0.052299 0.223000 0.278504 0.800468 -0.530741 0.000000
-0.027411 -0.051596 0.220000 0.003731 0.897163 -0.441684 0.000000
-0.022440 -0.052065 0.222000 0.003731 0.897163 -0.441684 0.000000
-0.052040 -0.050382 0.217000 0.688513 -0.040239 -0.724107 0.000000
-0.047497 -0.051543 0.222000 0.531669 0.517690 -0.670317 0.000000
-0.042086 -0.051311 0.221000 0.161671 0.916840 -0.365059 0.000000
-0.024528 -0.051543 0.222000 0.003731 0.897163 -0.441684 0.000000
-0.019221 -0.051311 0.221000 0.007038 0.891241 -0.453475 0.000000
-0.050509 -0.049872 0.217000 -0.688513 0.040239 0.724107 0.000000
-0.045089 -0.051251 0.223000 0.278504 0.800468 -0.530741 0.000000
-0.023484 -0.051021 0.222000 0.003731 0.897163 -0.441684 0.000000
-0.018182 -0.050791 0.221000 0.007587 0.892742 -0.450504 0.000000
-0.048914 -0.049816 0.219000 0.653319 0.224040 -0.723174 0.000000
-0.043842 -0.050499 0.222000 0.161671 0.916840 -0.365059 0.000000
-0.027138 -0.050499 0.222000 0.007357 0.900730 -0.434318 0.000000
-0.022017 -0.050726 0.223000 -0.024845 0.886633 -0.461807 0.000000
-0.053060 -0.048851 0.217000 0.688513 -0.040239 -0.724107 0.000000
-0.048621 -0.049527 0.220000 0.664962 0.201384 -0.719215 0.000000
-0.044040 -0.050202 0.223000 0.086254 0.975682 -0.201507 0.000000
-0.027260 -0.050202 0.223000 0.017331 0.897495 -0.440684 0.000000
-0.022017 -0.050202 0.223000 -0.024845 0.886633 -0.461807 0.000000
-0.053060 -0.048341 0.217000 -0.571485 0.374015 0.730423 0.000000
-0.048621 -0.049009 0.220000 0.664962 0.201384 -0.719215 0.000000
-0.044040 -0.049677 0.223000 -0.297302 0.761005 0.576614 0.000000
-0.038274 -0.049009 0.220000 0.141376 0.880448 0.452575 0.000000
-0.024222 -0.049900 0.224000 -0.023723 0.890935 -0.453510 0.000000
-0.018955 -0.049900 0.224000 -0.024845 0.886633 -0.461807 0.000000
-0.050229 -0.048051 0.218000 -0.555078 0.411546 0.722854 0.000000
-0.046344 -0.049374 0.224000 0.497253 0.540323 -0.678816 0.000000
-0.040710 -0.048933 0.222000 -0.284355 0.746826 0.601160 0.000000
-0.025389 -0.049594 0.225000 -0.010366 0.884943 -0.465585 0.000000
-0.019040 -0.049594 0.225000 -0.041265 0.877687 -0.477455 0.000000
-0.052792 -0.047538 0.218000 -0.571485 0.374015 0.730423 0.000000
-0.048322 -0.048193 0.221000 0.685389 0.059575 -0.725736 0.000000
-0.043711 -0.048847 0.224000 -0.297302 0.761005 0.576614 0.000000
-0.028159 -0.049283 0.226000 0.023303 0.891610 -0.452204 0.000000
-0.022313 -0.049283 0.226000 -0.041265 0.877687 -0.477455 0.000000
-0.054591 -0.046810 0.217000 -0.465428 0.673332 0.574458 0.000000
-0.050172 -0.047457 0.220000 0.688513 -0.040239 -0.724107 0.000000
-0.046022 -0.048536 0.225000 -0.551839 0.343768 0.759801 0.000000
-0.040369 -0.048104 0.223000 -0.284355 0.746826 0.601160 0.000000
-0.024547 -0.048967 0.227000 -0.041265 0.877687 -0.477455 0.000000
-0.019124 -0.048752 0.226000 -0.041265 0.877687 -0.477455 0.000000
-0.051489 -0.046727 0.219000 -0.555078 0.411546 0.722854 0.000000
-0.047398 -0.047793 0.224000 0.607297 0.311045 -0.731055 0.000000
-0.042319 -0.048007 0.225000 -0.297302 0.761005 0.576614 0.000000
-0.026263 -0.048647 0.228000 -0.010366 0.884943 -0.465585 0.000000
-0.020719 -0.048220 0.226000 -0.041265 0.877687 -0.477455 0.000000
-0.052279 -0.046001 0.218000 -0.464751 0.591023 0.659316 0.000000
-0.048019 -0.046845 0.222000 -0.630729 0.258904 0.731539 0.000000
-0.043570 -0.047689 0.226000 -0.297302 0.761005 0.576614 0.000000
-0.028408 -0.048111 0.228000 0.023303 0.891610 -0.452204 0.000000
-0.023047 -0.048111 0.228000 -0.041265 0.877687 -0.477455 0.000000
-0.051800 -0.045071 0.216000 -0.512962 0.706214 0.487988 0.000000
-0.046871 -0.046740 0.224000 -0.551839 0.343768 0.759801 0.000000
-0.042161 -0.047366 0.227000 -0.284355 0.746826 0.601160 0.000000
-0.026378 -0.047783 0.229000 -0.025312 0.891761 -0.451798 0.000000
-0.020810 -0.047366 0.227000 -0.041265 0.877687 -0.477455 0.000000
-0.051320 -0.044150 0.214000 -0.479693 0.693622 0.537386 0.000000
-0.047586 -0.045388 0.220000 -0.488890 0.574972 0.656044 0.000000
-0.043377 -0.046420 0.225000 -0.284355 0.746826 0.601160 0.000000
-0.024871 -0.047451 0.230000 -0.041265 0.877687 -0.477455 0.000000
-0.047447 -0.044259 0.217000 -0.488594 0.706062 0.512593 0.000000
-0.041975 -0.046094 0.226000 -0.284355 0.746826 0.601160 0.000000
-0.063449 -0.041531 0.206000 0.312664 -0.504954 0.804526 0.000000
-0.050859 -0.041934 0.208000 -0.112351 0.853417 0.508976 0.000000
-0.023249 -0.046370 0.230000 -0.041265 0.877687 -0.477455 0.000000
-0.063270 -0.041246 0.207000 0.327019 -0.544153 0.772629 0.000000
-0.055699 -0.041047 0.206000 0.269328 0.420113 0.866584 0.000000
-0.048668 -0.041246 0.207000 -0.553123 0.633545 0.540994 0.000000
-0.043565 -0.043438 0.218000 -0.127758 0.665148 0.735701 0.000000
-0.066999 -0.040956 0.208000 -0.385062 0.647467 -0.657658 0.000000
-0.061810 -0.040759 0.207000 0.318186 -0.501831 0.804316 0.000000
-0.056667 -0.040562 0.206000 0.320162 0.259011 0.911268 0.000000
-0.051572 -0.040365 0.205000 0.022748 0.594371 0.803869 0.000000
-0.046495 -0.040562 0.206000 -0.732046 0.338193 0.591383 0.000000
-0.043165 -0.042531 0.216000 0.241339 0.042209 0.969522 0.000000
-0.067813 -0.040661 0.209000 -0.367724 0.635862 -0.678571 0.000000
-0.062297 -0.040272 0.207000 0.308025 -0.527051 0.792047 0.000000
-0.057152 -0.040078 0.206000 0.361476 -0.024335 0.932064 0.000000
-0.051800 -0.039689 0.204000 0.054818 0.567230 0.821733 0.000000
-0.047234 -0.039883 0.205000 -0.728056 0.351282 0.588672 0.000000
-0.043568 -0.041440 0.213000 -0.321223 0.925403 0.201112 0.000000
-0.067644 -0.040362 0.210000 -0.367724 0.635862 -0.678571 0.000000
-0.061810 -0.039786 0.207000 0.348030 -0.422405 0.836929 0.000000
-0.056667 -0.039593 0.206000 0.340917 0.308077 0.888180 0.000000
-0.051320 -0.039209 0.204000 0.017973 0.559586 0.828577 0.000000
-0.046752 -0.039401 0.205000 -0.691231 0.339527 0.637903 0.000000
-0.042865 -0.040747 0.212000 0.222632 0.932147 -0.285547 0.000000
-0.067150 -0.039868 0.210000 -0.367724 0.635862 -0.678571 0.000000
-0.061323 -0.039299 0.207000 0.353473 -0.373247 0.857755 0.000000
-0.056183 -0.039109 0.206000 0.358931 0.217524 0.907663 0.000000
-0.050841 -0.038729 0.204000 -0.007817 0.578387 0.815725 0.000000
-0.046495 -0.039109 0.206000 -0.759857 0.338335 0.555109 0.000000
-0.042366 -0.040248 0.212000 0.159645 0.923986 -0.347511 0.000000
-0.066656 -0.039375 0.210000 -0.367724 0.635862 -0.678571 0.000000
-0.060836 -0.038812 0.207000 0.385654 -0.347035 0.854890 0.000000
-0.055428 -0.038437 0.205000 0.363593 0.327216 0.872198 0.000000
-0.050361 -0.038250 0.204000 -0.036463 0.548516 0.835345 0.000000
-0.046234 -0.038812 0.207000 -0.754469 0.283195 0.592095 0.000000
-0.041369 -0.039750 0.212000 0.055454 0.609539 -0.790815 0.000000
-0.068462 -0.039066 0.211000 -0.367724 0.635862 -0.678571 0.000000
-0.062899 -0.038696 0.209000 -0.386432 0.621216 -0.681733 0.000000
-0.057152 -0.038140 0.206000 0.454810 0.093832 0.885631 0.000000
-0.051546 -0.037585 0.203000 0.047452 0.428335 0.902373 0.000000
-0.047234 -0.037955 0.205000 -0.691696 0.332310 0.641192 0.000000
-0.043655 -0.039066 0.211000 0.731287 0.394148 -0.556657 0.000000
-0.039060 -0.039436 0.213000 -0.219012 0.506394 -0.834026 0.000000
-0.066973 -0.038570 0.211000 -0.367724 0.635862 -0.678571 0.000000
-0.061130 -0.038021 0.208000 0.414113 -0.522915 0.745030 0.000000
-0.055428 -0.037473 0.205000 0.419047 0.260318 0.869847 0.000000
-0.050114 -0.037107 0.203000 -0.249918 0.310114 0.917262 0.000000
-0.046458 -0.038021 0.208000 -0.740812 0.274338 0.613136 0.000000
-0.042366 -0.038753 0.212000 0.301407 0.741770 -0.599108 0.000000
-0.037557 -0.038935 0.213000 -0.060129 0.463641 -0.883981 0.000000
-0.066477 -0.038074 0.211000 -0.373433 0.624174 -0.686261 0.000000
-0.060641 -0.037532 0.208000 0.400670 -0.493162 0.772175 0.000000
-0.054678 -0.036811 0.204000 0.294811 0.326781 0.897943 0.000000
-0.049637 -0.036630 0.203000 -0.398650 0.256318 0.880556 0.000000
-0.046190 -0.037713 0.209000 -0.815102 0.132247 0.564021 0.000000
-0.041868 -0.038254 0.212000 0.091579 0.702626 -0.705642 0.000000
-0.037057 -0.038435 0.213000 -0.015806 0.367051 -0.930067 0.000000
-0.066973 -0.037578 0.211000 -0.373433 0.624174 -0.686261 0.000000
-0.061424 -0.037221 0.209000 0.436015 -0.538333 0.721171 0.000000
-0.055158 -0.036331 0.204000 0.321272 0.341006 0.883459 0.000000
-0.050114 -0.036153 0.203000 -0.237584 0.277493 0.930887 0.000000
-0.046135 -0.037578 0.211000 0.854003 0.181645 -0.487528 0.000000
-0.041564 -0.037934 0.213000 0.016625 0.668190 -0.743805 0.000000
-0.036556 -0.037934 0.213000 -0.044628 -0.185550 0.981621 0.000000
-0.066477 -0.037081 0.211000 -0.376269 0.622218 -0.686489 0.000000
-0.060933 -0.036730 0.209000 0.431491 -0.523747 0.734509 0.000000
-0.054410 -0.035675 0.203000 0.322310 0.326480 0.888553 0.000000
-0.049637 -0.035675 0.203000 -0.374842 0.218022 0.901088 0.000000
-0.045856 -0.037257 0.212000 0.867928 0.219933 -0.445344 0.000000
-0.041256 -0.037609 0.214000 -0.034672 0.582864 -0.811830 0.000000
-0.036055 -0.037433 0.213000 -0.007023 -0.131071 0.991348 0.000000
-0.029960 -0.037960 0.216000 -0.146870 0.390117 0.908976 0.000000
-0.061718 -0.036412 0.210000 0.486245 -0.549637 0.679312 0.000000
-0.054887 -0.035198 0.203000 0.326419 0.278215 0.903353 0.000000
-0.049637 -0.035198 0.203000 -0.462434 0.176468 0.868915 0.000000
-0.045856 -0.036759 0.212000 0.867928 0.219933 -0.445344 0.000000
-0.041256 -0.037105 0.214000 -0.061322 0.551762 -0.831744 0.000000
-0.036055 -0.036932 0.213000 0.022170 -0.096422 0.995094 0.000000
-0.031338 -0.037279 0.215000 -0.148809 0.421414 0.894576 0.000000
-0.065297 -0.036260 0.212000 -0.400258 0.623095 -0.671971 0.000000
-0.059174 -0.035576 0.208000 0.654530 -0.203949 0.728008 0.000000
-0.052456 -0.034379 0.201000 0.076900 0.149742 0.985730 0.000000
-0.047963 -0.034892 0.204000 -0.655223 0.132069 0.743802 0.000000
-0.043977 -0.036773 0.215000 0.381925 0.289113 -0.877808 0.000000
-0.038740 -0.036602 0.214000 -0.202219 0.404270 -0.892005 0.000000
-0.033708 -0.036602 0.214000 -0.146722 0.189546 0.970848 0.000000
-0.028944 -0.036944 0.216000 -0.049065 0.205280 0.977473 0.000000
-0.064603 -0.035930 0.213000 -0.436381 0.613526 -0.658146 0.000000
-0.057636 -0.034750 0.206000 0.592576 0.076807 0.801844 0.000000
-0.051038 -0.033906 0.201000 -0.112286 0.094834 0.989140 0.000000
-0.046721 -0.034918 0.207000 -0.903936 0.090356 0.418014 0.000000
-0.042150 -0.036436 0.216000 -0.007472 0.492732 -0.870149 0.000000
-0.036727 -0.036099 0.214000 0.104498 -0.165403 0.980674 0.000000
-0.031843 -0.036268 0.215000 -0.173853 0.339376 0.924445 0.000000
-0.026913 -0.036436 0.216000 0.103374 0.414599 0.904114 0.000000
-0.063101 -0.035429 0.213000 -0.438468 0.591853 -0.676355 0.000000
-0.055365 -0.033766 0.203000 0.445247 0.044432 0.894305 0.000000
-0.050342 -0.033600 0.202000 -0.243659 -0.032793 0.969306 0.000000
-0.046495 -0.034265 0.206000 -0.804170 0.031958 0.593539 0.000000
-0.042855 -0.036095 0.217000 -0.045938 0.275809 -0.960114 0.000000
-0.037231 -0.035596 0.214000 -0.189543 0.201288 -0.961019 0.000000
-0.032199 -0.035596 0.214000 -0.122762 0.312333 0.942007 0.000000
-0.027420 -0.035928 0.216000 0.103374 0.414599 0.904114 0.000000
-0.063601 -0.034929 0.213000 0.489471 -0.507829 0.708892 0.000000
-0.056117 -0.033453 0.204000 0.569634 0.029865 0.821355 0.000000
-0.050817 -0.033125 0.202000 -0.214133 -0.097879 0.971888 0.000000
-0.046752 -0.033617 0.205000 -0.751737 -0.001947 0.659460 0.000000
-0.043365 -0.035585 0.217000 0.219093 0.262550 -0.939716 0.000000
-0.037910 -0.035257 0.215000 -0.243974 0.212401 -0.946236 0.000000
-0.032702 -0.035093 0.214000 -0.062968 0.295555 0.953248 0.000000
-0.027799 -0.035257 0.215000 0.103374 0.414599 0.904114 0.000000
-0.065715 -0.034751 0.215000 0.360371 -0.269618 0.892995 0.000000
-0.058685 -0.033620 0.208000 0.686504 -0.152959 0.710856 0.000000
-0.051984 -0.032488 0.201000 -0.044175 -0.127880 0.990805 0.000000
-0.047727 -0.032811 0.203000 -0.579015 -0.094382 0.809835 0.000000
-0.044689 -0.034913 0.216000 -0.579796 -0.007911 0.814724 0.000000
-0.039610 -0.034913 0.216000 0.288281 -0.099282 0.952385 0.000000
-0.034052 -0.034428 0.213000 0.091540 -0.039407 0.995021 0.000000
-0.029179 -0.034589 0.214000 0.076322 0.318063 0.944992 0.000000
-0.024035 -0.034428 0.213000 -0.028738 0.450559 0.892284 0.000000
-0.061807 -0.033768 0.212000 0.509913 -0.268862 0.817130 0.000000
-0.053667 -0.032175 0.202000 0.085756 -0.136840 0.986874 0.000000
-0.049160 -0.032334 0.203000 -0.483264 -0.235918 0.843089 0.000000
-0.045479 -0.033131 0.208000 -0.937235 -0.007628 0.348615 0.000000
-0.041642 -0.034405 0.216000 0.156772 -0.061769 0.985701 0.000000
-0.036224 -0.034086 0.214000 0.186145 -0.112095 0.976107 0.000000
-0.031046 -0.033927 0.213000 0.032888 0.266684 0.963223 0.000000
-0.026038 -0.033927 0.213000 0.067683 0.413551 0.907962 0.000000
-0.061807 -0.033269 0.212000 0.494419 -0.239447 0.835592 0.000000
-0.054142 -0.031700 0.202000 0.176480 -0.154602 0.972087 0.000000
-0.049637 -0.031857 0.203000 -0.403593 -0.291464 0.867272 0.000000
-0.045527 -0.032328 0.206000 -0.847136 -0.063779 0.527535 0.000000
-0.042150 -0.033897 0.216000 -0.071543 0.120996 0.990071 0.000000
-0.036727 -0.033583 0.214000 0.231680 -0.169803 0.957858 0.000000
-0.031547 -0.033426 0.213000 0.064516 0.228095 0.971499 0.000000
-0.026539 -0.033426 0.213000 0.143545 0.325605 0.934546 0.000000
-0.064102 -0.032925 0.213000 0.393362 -0.253495 0.883746 0.000000
-0.056117 -0.031534 0.204000 0.639431 -0.365515 0.676407 0.000000
-0.051069 -0.031379 0.203000 -0.165215 -0.311669 0.935717 0.000000
-0.046524 -0.031534 0.204000 -0.613247 -0.226025 0.756862 0.000000
-0.043977 -0.033234 0.215000 -0.520268 0.128292 0.844312 0.000000
-0.038921 -0.033234 0.215000 0.178063 -0.058521 0.982277 0.000000
-0.033551 -0.032925 0.213000 0.151382 -0.121807 0.980942 0.000000
-0.028408 -0.032771 0.212000 0.152808 0.348996 0.924582 0.000000
-0.023423 -0.032771 0.212000 0.078513 0.230324 0.969942 0.000000
-0.052501 -0.030902 0.203000 -0.054336 -0.304484 0.950967 0.000000
-0.047963 -0.031054 0.204000 -0.568064 -0.312951 0.761160 0.000000
-0.044647 -0.032120 0.211000 -0.909095 0.040097 0.414654 0.000000
-0.040438 -0.032729 0.215000 0.163790 0.048675 0.985294 0.000000
-0.035053 -0.032424 0.213000 -0.217307 0.240283 -0.946066 0.000000
-0.029904 -0.032272 0.212000 0.172484 0.039072 0.984237 0.000000
-0.024919 -0.032272 0.212000 0.069534 0.126912 0.989474 0.000000
-0.107128 -0.042415 0.283000 0.849009 0.084650 0.521553 0.000000
-0.052024 -0.030425 0.203000 -0.054336 -0.304484 0.950967 0.000000
-0.047483 -0.030575 0.204000 -0.568064 -0.312951 0.761160 0.000000
-0.044360 -0.031774 0.212000 -0.678263 0.038587 0.733805 0.000000
-0.039932 -0.032223 0.215000 0.110864 -0.087009 0.990020 0.000000
-0.034552 -0.031924 0.213000 -0.225053 0.262317 -0.938372 0.000000
-0.029405 -0.031774 0.212000 0.166292 -0.009399 0.986032 0.000000
-0.024305 -0.031624 0.211000 0.056280 0.142273 0.988226 0.000000
-0.019527 -0.031924 0.213000 0.022122 0.952186 -0.304717 0.000000
-0.054887 -0.029947 0.203000 0.376984 -0.530344 0.759354 0.000000
-0.050361 -0.030095 0.204000 0.302698 0.646110 -0.700654 0.000000
-0.045527 -0.030390 0.206000 0.688027 0.500867 -0.525121 0.000000
-0.042460 -0.031718 0.215000 -0.460671 0.231799 0.856768 0.000000
-0.037231 -0.031570 0.214000 0.117982 -0.201095 0.972441 0.000000
-0.032048 -0.031423 0.213000 -0.113514 0.354458 -0.928156 0.000000
-0.026786 -0.031128 0.211000 0.146674 0.182176 0.972265 0.000000
-0.021429 -0.031275 0.212000 0.032196 0.939807 -0.340185 0.000000
-0.106463 -0.041084 0.283000 0.849009 0.084650 0.521553 0.000000
-0.054678 -0.029615 0.204000 0.437676 -0.675574 0.593329 0.000000
-0.050126 -0.029760 0.205000 0.321702 0.681495 -0.657322 0.000000
-0.044360 -0.030777 0.212000 -0.617008 -0.027780 0.786467 0.000000
-0.039932 -0.031212 0.215000 0.071931 -0.055967 0.995838 0.000000
-0.034715 -0.031067 0.214000 -0.132691 0.328841 -0.935017 0.000000
-0.029544 -0.030922 0.213000 -0.166711 0.299029 -0.939569 0.000000
-0.020122 -0.031067 0.214000 0.091031 0.936955 -0.337384 0.000000
-0.103646 -0.039847 0.279000 0.849009 0.084650 0.521553 0.000000
-0.052308 -0.029421 0.206000 0.055734 0.818132 -0.572322 0.000000
-0.046190 -0.029850 0.209000 0.601016 0.619208 -0.505333 0.000000
-0.041256 -0.030564 0.214000 -0.403338 -0.010085 0.914995 0.000000
-0.036393 -0.030707 0.215000 -0.118317 0.302053 -0.945920 0.000000
-0.031192 -0.030564 0.214000 -0.112663 0.554673 -0.824405 0.000000
-0.019383 -0.030992 0.217000 -0.017343 0.956635 -0.290772 0.000000
-0.105424 -0.039613 0.282000 0.849009 0.084650 0.521553 0.000000
-0.045357 -0.029780 0.212000 0.578903 0.383532 -0.719566 0.000000
-0.040943 -0.030201 0.215000 -0.238565 0.056592 0.969476 0.000000
-0.035888 -0.030201 0.215000 -0.076123 0.328313 -0.941497 0.000000
-0.030832 -0.030201 0.215000 0.135094 0.655053 -0.743408 0.000000
-0.018701 -0.031044 0.221000 0.410249 0.852727 -0.323346 0.000000
-0.107886 -0.039364 0.285000 0.849009 0.084650 0.521553 0.000000
-0.052578 -0.028867 0.209000 -0.161713 0.862664 -0.479228 0.000000
-0.045357 -0.029281 0.212000 -0.478382 -0.215427 0.851318 0.000000
-0.040943 -0.029696 0.215000 -0.262716 0.074293 0.962009 0.000000
-0.035888 -0.029696 0.215000 -0.054975 0.333213 -0.941247 0.000000
-0.030832 -0.029696 0.215000 0.129391 0.689615 -0.712523 0.000000
-0.018871 -0.030801 0.223000 0.424862 0.884608 -0.192252 0.000000
-0.013086 -0.032044 0.232000 -0.318619 0.831674 -0.454752 0.000000
-0.075344 -0.030005 0.221000 0.194443 0.943460 -0.268467 0.000000
-0.053081 -0.028647 0.211000 -0.429315 0.694778 -0.577037 0.000000
-0.045571 -0.028918 0.213000 -0.334687 -0.052994 0.940838 0.000000
-0.040943 -0.029190 0.215000 -0.238942 0.063491 0.968956 0.000000
-0.036055 -0.029326 0.216000 0.012801 0.264793 -0.964220 0.000000
-0.030976 -0.029326 0.216000 0.128422 0.657535 -0.742398 0.000000
-0.021819 -0.030005 0.221000 0.407905 0.872209 -0.269934 0.000000
-0.017300 -0.031227 0.230000 0.118087 0.960072 -0.253610 0.000000
-0.011995 -0.031498 0.232000 -0.377184 0.799821 -0.466925 0.000000
-0.074824 -0.029485 0.221000 0.194443 0.943460 -0.268467 0.000000
-0.057627 -0.028684 0.215000 -0.107731 0.417237 -0.902390 0.000000
-0.045070 -0.028418 0.213000 -0.387198 -0.109147 0.915513 0.000000
-0.040438 -0.028684 0.215000 -0.200970 0.049749 0.978333 0.000000
-0.035547 -0.028818 0.216000 -0.147432 -0.308467 0.939740 0.000000
-0.030609 -0.028951 0.217000 0.312915 0.728445 -0.609469 0.000000
-0.024222 -0.029885 0.224000 0.516282 0.777759 -0.358529 0.000000
-0.019124 -0.030152 0.226000 0.352678 0.905610 -0.235562 0.000000
-0.014177 -0.030953 0.232000 -0.204669 0.707501 -0.676427 0.000000
-0.105798 -0.037091 0.283000 0.849009 0.084650 0.521553 0.000000
-0.065668 -0.027524 0.210000 0.321701 0.275870 -0.905762 0.000000
-0.060524 -0.027655 0.211000 0.031655 0.568118 -0.822338 0.000000
-0.050079 -0.027917 0.213000 0.071665 0.033245 0.996875 0.000000
-0.044779 -0.028048 0.214000 -0.349144 0.012260 0.936989 0.000000
-0.039932 -0.028179 0.215000 -0.214367 0.073710 0.973968 0.000000
-0.035039 -0.028310 0.216000 -0.205341 -0.340168 0.917671 0.000000
-0.030237 -0.028572 0.218000 0.462599 0.591443 -0.660452 0.000000
-0.024331 -0.029490 0.225000 0.575453 0.738902 -0.350538 0.000000
-0.019294 -0.029883 0.228000 0.336745 0.900728 -0.274395 0.000000
-0.014177 -0.030407 0.232000 -0.204669 0.707501 -0.676427 0.000000
-0.105424 -0.036297 0.282000 0.848847 0.089058 0.521082 0.000000
-0.064681 -0.027030 0.210000 0.424582 0.472035 -0.772602 0.000000
-0.055863 -0.027802 0.216000 0.314191 -0.163774 0.935127 0.000000
-0.048576 -0.027416 0.213000 -0.062056 -0.088212 0.994167 0.000000
-0.043772 -0.027545 0.214000 -0.400852 0.027238 0.915738 0.000000
-0.039102 -0.027802 0.216000 -0.190858 0.039058 0.980840 0.000000
-0.034023 -0.027802 0.216000 -0.350549 -0.303196 0.886108 0.000000
-0.029346 -0.028188 0.219000 -0.557012 -0.555519 0.617362 0.000000
-0.024860 -0.028960 0.225000 0.576745 0.714403 -0.396223 0.000000
-0.019917 -0.029475 0.229000 0.364351 0.869711 -0.332943 0.000000
-0.014723 -0.029861 0.232000 -0.204669 0.707501 -0.676427 0.000000
-0.108264 -0.036139 0.286000 0.849177 0.085703 0.521107 0.000000
-0.064493 -0.026662 0.211000 0.420892 0.566053 -0.708826 0.000000
-0.053831 -0.027294 0.216000 0.412449 -0.003545 0.910974 0.000000
-0.028182 -0.028052 0.222000 -0.665674 -0.491040 0.561923 0.000000
-0.023376 -0.028558 0.226000 0.603068 0.743525 -0.288929 0.000000
-0.018541 -0.029316 0.232000 0.268711 0.891902 -0.363738 0.000000
-0.013030 -0.029190 0.231000 -0.408231 0.733773 -0.543070 0.000000
-0.104761 -0.034971 0.282000 0.848847 0.089058 0.521082 0.000000
-0.064603 -0.026414 0.213000 0.360124 0.699320 -0.617464 0.000000
-0.056371 -0.026786 0.216000 0.335679 -0.078807 0.938674 0.000000
-0.023907 -0.028026 0.226000 -0.617843 -0.723280 0.308440 0.000000
-0.019087 -0.028770 0.232000 0.402074 0.851457 -0.336686 0.000000
-0.013631 -0.028770 0.232000 -0.377184 0.799821 -0.466925 0.000000
-0.105798 -0.034430 0.283000 0.849177 0.085703 0.521107 0.000000
-0.068304 -0.025427 0.209000 0.341829 0.681078 -0.647523 0.000000
-0.064906 -0.026035 0.214000 0.249730 0.779510 -0.574455 0.000000
-0.060434 -0.026278 0.216000 -0.030091 0.489845 -0.871290 0.000000
-0.024439 -0.027495 0.226000 -0.653105 -0.666656 0.359198 0.000000
-0.019717 -0.028347 0.233000 0.410860 0.835043 -0.365921 0.000000
-0.014238 -0.028347 0.233000 -0.262541 0.700835 -0.663251 0.000000
-0.108264 -0.034122 0.286000 0.845239 0.100245 0.524902 0.000000
-0.068631 -0.025055 0.210000 0.228775 0.829321 -0.509792 0.000000
-0.065005 -0.025770 0.216000 0.052873 0.895162 -0.442594 0.000000
-0.060204 -0.025890 0.217000 -0.077109 0.342978 -0.936173 0.000000
-0.021360 -0.027799 0.233000 0.475125 0.812321 -0.338217 0.000000
-0.016018 -0.028037 0.235000 -0.099977 0.789883 -0.605054 0.000000
-0.010269 -0.027441 0.230000 -0.440607 0.274383 -0.854740 0.000000
-0.072116 -0.024912 0.213000 0.082275 0.991312 -0.102621 0.000000
-0.067422 -0.025029 0.214000 0.146813 0.929761 -0.337626 0.000000
-0.063265 -0.025380 0.217000 0.053485 0.576994 -0.814995 0.000000
-0.022360 -0.027134 0.232000 -0.654889 -0.679539 0.330678 0.000000
-0.017269 -0.027719 0.237000 0.128142 0.711890 -0.690502 0.000000
-0.011400 -0.027017 0.231000 -0.581147 0.564885 -0.585810 0.000000
-0.073461 -0.024525 0.214000 0.467007 0.799265 0.378259 0.000000
-0.068109 -0.024411 0.213000 0.143659 0.924881 -0.352076 0.000000
-0.064582 -0.024984 0.218000 -0.209120 0.718991 -0.662812 0.000000
-0.020526 -0.027047 0.236000 0.332404 0.742113 -0.582045 0.000000
-0.010810 -0.026359 0.230000 -0.440607 0.274383 -0.854740 0.000000
-0.073461 -0.024022 0.214000 0.409550 0.904883 0.116000 0.000000
-0.068429 -0.024022 0.214000 0.097281 0.943415 -0.317024 0.000000
-0.064878 -0.024584 0.219000 -0.334312 0.661584 -0.671224 0.000000
-0.011449 -0.026043 0.232000 -0.624105 0.523082 -0.580412 0.000000
-0.076884 -0.023959 0.218000 0.705204 0.323769 0.630762 0.000000
-0.070112 -0.023409 0.213000 0.112379 0.949555 -0.292773 0.000000
-0.067244 -0.024178 0.220000 -0.016116 0.920381 -0.390690 0.000000
-0.010314 -0.025387 0.231000 -0.668492 0.381744 -0.638271 0.000000
-0.079659 -0.023661 0.220000 0.476212 -0.010326 -0.879270 0.000000
-0.071951 -0.023016 0.214000 0.297106 0.928997 -0.220662 0.000000
-0.068589 -0.023769 0.221000 0.023386 0.921748 -0.387083 0.000000
-0.009770 -0.024844 0.231000 -0.668492 0.381744 -0.638271 0.000000
-0.079659 -0.023144 0.220000 0.450811 -0.029059 -0.892146 0.000000
-0.072287 -0.022618 0.215000 0.278874 0.938963 -0.201440 0.000000
-0.068377 -0.023354 0.222000 -0.108961 0.849364 -0.516439 0.000000
-0.006994 -0.024091 0.229000 -0.742511 0.379142 -0.552204 0.000000
-0.079142 -0.022627 0.220000 0.552776 -0.046780 -0.832016 0.000000
-0.072153 -0.023038 0.224000 0.117562 0.864367 -0.488925 0.000000
-0.009227 -0.023758 0.231000 -0.756820 0.385779 -0.527635 0.000000
-0.081872 -0.022009 0.219000 0.083239 0.026783 -0.996170 0.000000
-0.076555 -0.022109 0.220000 0.574932 0.181835 -0.797740 0.000000
-0.012357 -0.024019 0.239000 -0.450577 0.427633 -0.783652 0.000000
-0.005402 -0.023114 0.230000 -0.843215 0.465451 -0.268968 0.000000
-0.079142 -0.021592 0.220000 0.513340 -0.038466 -0.857323 0.000000
-0.074305 -0.021690 0.221000 0.373466 0.811153 -0.450060 0.000000
-0.009267 -0.022770 0.232000 -0.779051 0.444704 -0.441948 0.000000
-0.083036 -0.020883 0.218000 -0.008308 -0.052195 0.998602 0.000000
-0.078624 -0.021075 0.220000 0.513340 -0.038466 -0.857323 0.000000
-0.074721 -0.021745 0.227000 0.407676 0.748477 -0.523051 0.000000
-0.008106 -0.022033 0.230000 -0.823369 0.446755 -0.349962 0.000000
-0.081498 -0.020370 0.218000 -0.008308 -0.052195 0.998602 0.000000
-0.077423 -0.020651 0.221000 0.659727 0.019774 -0.751245 0.000000
-0.010537 -0.022052 0.236000 -0.686449 0.563030 -0.460200 0.000000
-0.004861 -0.021492 0.230000 -0.843215 0.465451 -0.268968 0.000000
-0.078782 -0.019949 0.219000 0.513340 -0.038466 -0.857323 0.000000
-0.074977 -0.020313 0.223000 0.782151 0.133644 -0.608588 0.000000
-0.007565 -0.020951 0.230000 -0.843215 0.465451 -0.268968 0.000000
-0.081498 -0.019345 0.218000 -0.008308 -0.052195 0.998602 0.000000
-0.077423 -0.019611 0.221000 0.681466 0.081229 -0.727328 0.000000
-0.011795 -0.021209 0.239000 -0.528759 0.569820 -0.629062 0.000000
-0.005942 -0.020410 0.230000 -0.833233 0.450485 -0.320603 0.000000
-0.078782 -0.018919 0.219000 0.502011 0.021555 -0.864592 0.000000
-0.074977 -0.019265 0.223000 0.807752 0.176244 -0.562561 0.000000
-0.011139 -0.020474 0.237000 -0.704687 0.580139 -0.408478 0.000000
-0.005402 -0.019869 0.230000 -0.833233 0.450485 -0.320603 0.000000
-0.078422 -0.018320 0.218000 0.480774 0.067054 -0.874277 0.000000
-0.074977 -0.018740 0.223000 0.812547 0.228185 -0.536376 0.000000
-0.035547 -0.018152 0.216000 -0.234344 -0.375815 0.896574 0.000000
-0.010537 -0.019833 0.236000 -0.793558 0.492629 -0.357185 0.000000
-0.082902 -0.017889 0.219000 -0.003009 -0.136824 0.990591 0.000000
-0.077752 -0.017889 0.219000 0.627518 0.078277 -0.774657 0.000000
-0.074592 -0.018379 0.225000 0.727305 0.507651 -0.461864 0.000000
-0.038263 -0.017726 0.217000 0.001273 -0.423441 0.905923 0.000000
-0.032650 -0.017726 0.217000 -0.589669 -0.359449 0.723248 0.000000
-0.007024 -0.018788 0.230000 -0.833233 0.450485 -0.320603 0.000000
-0.081872 -0.017374 0.219000 0.108442 0.292672 -0.950044 0.000000
-0.077072 -0.017453 0.220000 0.724988 0.203895 -0.657890 0.000000
-0.074187 -0.018009 0.227000 0.581936 0.609563 -0.538315 0.000000
-0.036732 -0.017215 0.217000 -0.150446 -0.355584 0.922456 0.000000
-0.008722 -0.018405 0.232000 -0.833233 0.450485 -0.320603 0.000000
-0.003309 -0.018643 0.235000 -0.836738 0.444212 -0.320228 0.000000
-0.078422 -0.016782 0.218000 0.373076 0.287818 -0.882029 0.000000
-0.075313 -0.017244 0.224000 0.860149 0.371972 -0.348970 0.000000
-0.037752 -0.016705 0.217000 0.006302 -0.442902 0.896548 0.000000
-0.009307 -0.017937 0.233000 -0.831842 0.460090 -0.310414 0.000000
-0.003323 -0.018168 0.236000 -0.831842 0.460090 -0.310414 0.000000
-0.078935 -0.016270 0.218000 0.323655 0.390754 -0.861718 0.000000
-0.075502 -0.016643 0.223000 0.847665 0.366967 -0.383144 0.000000
-0.037752 -0.016195 0.217000 0.004602 -0.431818 0.901949 0.000000
-0.006994 -0.017091 0.229000 -0.833233 0.450485 -0.320603 0.000000
-0.083797 -0.015902 0.220000 -0.030247 0.488063 -0.872284 0.000000
-0.078267 -0.015829 0.219000 0.371528 0.425419 -0.825218 0.000000
-0.075121 -0.016263 0.225000 0.786998 0.439437 -0.433047 0.000000
-0.037926 -0.015757 0.218000 -0.035505 -0.470228 0.881831 0.000000
-0.008141 -0.016697 0.231000 -0.833233 0.450485 -0.320603 0.000000
-0.085349 -0.015384 0.220000 0.002152 0.567741 -0.823204 0.000000
-0.079447 -0.015244 0.218000 0.231361 0.486178 -0.842676 0.000000
-0.076026 -0.015594 0.223000 0.818523 0.413478 -0.398817 0.000000
-0.038615 -0.015314 0.219000 -0.040910 -0.469009 0.882246 0.000000
-0.005917 -0.016014 0.229000 -0.956625 0.225821 -0.184047 0.000000
-0.083280 -0.014867 0.220000 0.056117 0.606807 -0.792866 0.000000
-0.078462 -0.014935 0.221000 0.461065 0.624658 -0.630254 0.000000
-0.075586 -0.015408 0.228000 0.781205 0.529932 -0.329987 0.000000
-0.005402 -0.015543 0.230000 -0.915565 0.181876 -0.358696 0.000000
-0.083139 -0.014415 0.221000 0.077399 0.627556 -0.774714 0.000000
-0.078295 -0.014480 0.222000 0.494451 0.647787 -0.579561 0.000000
-0.075379 -0.014937 0.229000 0.705561 0.598423 -0.379571 0.000000
-0.004433 -0.015393 0.236000 -0.897834 0.148041 -0.414702 0.000000
-0.083139 -0.013895 0.221000 0.091394 0.667998 -0.738530 0.000000
-0.078295 -0.013958 0.222000 0.492153 0.652323 -0.576420 0.000000
-0.075708 -0.014461 0.230000 0.697629 0.588883 -0.408081 0.000000
-0.085867 -0.013315 0.220000 0.128328 0.613067 -0.779539 0.000000
-0.081060 -0.013376 0.221000 0.178561 0.726674 -0.663371 0.000000
-0.076894 -0.013557 0.224000 0.727173 0.613164 -0.308625 0.000000
-0.006427 -0.013799 0.228000 -0.333029 -0.154292 -0.930207 0.000000
-0.083515 -0.012914 0.222000 0.193007 0.639630 -0.744058 0.000000
-0.078648 -0.012972 0.223000 0.464326 0.745802 -0.477683 0.000000
-0.076037 -0.013438 0.231000 0.682877 0.556679 -0.473062 0.000000
-0.084940 -0.012448 0.223000 0.294581 0.621417 -0.725991 0.000000
-0.079696 -0.012448 0.223000 0.325551 0.730342 -0.600514 0.000000
-0.076790 -0.012839 0.230000 0.750667 0.540319 -0.380202 0.000000
-0.086647 -0.011870 0.222000 0.335231 0.588021 -0.736106 0.000000
-0.081794 -0.011924 0.223000 0.255198 0.689722 -0.677612 0.000000
-0.077580 -0.012084 0.226000 0.701049 0.637098 -0.320367 0.000000
-0.085464 -0.011399 0.223000 0.320157 0.605407 -0.728685 0.000000
-0.080581 -0.011450 0.224000 0.293665 0.686831 -0.664849 0.000000
-0.077331 -0.011757 0.230000 0.757975 0.520244 -0.393471 0.000000
-0.083367 -0.010875 0.223000 0.294581 0.621417 -0.725991 0.000000
-0.079174 -0.011021 0.226000 0.632753 0.626015 -0.455773 0.000000
-0.052836 -0.011070 0.227000 -0.284500 -0.320142 -0.903642 0.000000
-0.043447 -0.010728 0.220000 -0.080810 -0.098224 0.991878 0.000000
-0.038448 -0.010777 0.221000 -0.395985 -0.297796 0.868627 0.000000
-0.085321 -0.010397 0.224000 0.364282 0.578767 -0.729608 0.000000
-0.080769 -0.010490 0.226000 0.410458 0.679334 -0.608301 0.000000
-0.077458 -0.010768 0.232000 0.747312 0.468995 -0.470710 0.000000
-0.046243 -0.010258 0.221000 -0.131855 -0.291583 -0.947414 0.000000
-0.085321 -0.009870 0.224000 0.397966 0.560024 -0.726633 0.000000
-0.080769 -0.009958 0.226000 0.427959 0.627366 -0.650586 0.000000
-0.077458 -0.010223 0.232000 0.730499 0.411607 -0.544933 0.000000
-0.085321 -0.009343 0.224000 0.513257 0.482564 -0.709718 0.000000
-0.081126 -0.009469 0.227000 0.497288 0.580114 -0.645115 0.000000
-0.077458 -0.009677 0.232000 0.730499 0.411607 -0.544933 0.000000
-0.082894 -0.008895 0.226000 0.490578 0.521353 -0.698229 0.000000
-0.078953 -0.009053 0.230000 0.725123 0.381069 -0.573570 0.000000
-0.084644 -0.008327 0.225000 0.573037 0.353625 -0.739309 0.000000
-0.080411 -0.008438 0.228000 0.690517 0.416003 -0.591716 0.000000
-0.085989 -0.007729 0.223000 0.625275 0.321703 -0.711012 0.000000
-0.082194 -0.007867 0.227000 0.538774 0.447165 -0.713979 0.000000
-0.078210 -0.008006 0.231000 0.762030 0.300513 -0.573586 0.000000
-0.083957 -0.007301 0.226000 0.629589 0.272104 -0.727720 0.000000
-0.079687 -0.007398 0.229000 0.711864 0.334041 -0.617792 0.000000
-0.086231 -0.006740 0.225000 0.717757 0.118289 -0.686172 0.000000
-0.082020 -0.006830 0.228000 0.620973 0.305927 -0.721666 0.000000
-0.078003 -0.006949 0.232000 0.757784 0.252638 -0.601612 0.000000
-0.083795 -0.006266 0.227000 0.647617 0.188619 -0.738252 0.000000
-0.079494 -0.006349 0.230000 0.713280 0.247085 -0.655881 0.000000
-0.014849 -0.006708 0.243000 -0.163017 -0.064634 -0.984504 0.000000
-0.083795 -0.005732 0.227000 0.684105 0.102895 -0.722090 0.000000
-0.079494 -0.005808 0.230000 0.726577 0.143476 -0.671937 0.000000
-0.018202 -0.006111 0.242000 0.299929 -0.925083 -0.232946 0.000000
-0.011301 -0.005783 0.229000 -0.663043 -0.466739 -0.585259 0.000000
-0.083628 -0.005221 0.228000 0.682778 -0.023283 -0.730254 0.000000
-0.079297 -0.005290 0.231000 0.732591 0.118214 -0.670325 0.000000
-0.020394 -0.005519 0.241000 0.204965 -0.965176 -0.162555 0.000000
-0.014177 -0.005313 0.232000 -0.433516 -0.806031 -0.402961 0.000000
-0.085551 -0.004644 0.226000 0.774329 -0.184602 -0.605257 0.000000
-0.081302 -0.004706 0.229000 0.680206 -0.059355 -0.730614 0.000000
-0.024871 -0.004726 0.230000 0.383146 -0.868713 -0.313904 0.000000
-0.020309 -0.004932 0.240000 0.253757 -0.946400 -0.199835 0.000000
-0.014116 -0.004747 0.231000 -0.298976 -0.814541 -0.497129 0.000000
-0.085020 -0.004113 0.226000 0.752246 -0.242403 -0.612671 0.000000
-0.080764 -0.004167 0.229000 0.680206 -0.059355 -0.730614 0.000000
-0.026263 -0.004149 0.228000 0.432099 -0.847107 -0.309356 0.000000
-0.021727 -0.004313 0.237000 0.253757 -0.946400 -0.199835 0.000000
-0.015814 -0.004222 0.232000 0.257225 -0.938057 -0.232129 0.000000
-0.086231 -0.003565 0.225000 0.741090 -0.249381 -0.623373 0.000000
-0.082020 -0.003613 0.228000 0.693349 -0.145438 -0.705772 0.000000
-0.030543 -0.003550 0.224000 0.383537 -0.766425 -0.515260 0.000000
-0.025389 -0.003565 0.225000 0.442250 -0.802305 -0.400900 0.000000
-0.021081 -0.003740 0.236000 0.243038 -0.945944 -0.214762 0.000000
-0.013933 -0.003613 0.228000 0.299051 -0.517676 -0.801611 0.000000
-0.084644 -0.003036 0.225000 0.710437 -0.309556 -0.632024 0.000000
-0.080576 -0.003104 0.230000 0.802427 0.010084 -0.596665 0.000000
-0.031406 -0.002955 0.219000 0.251479 -0.830147 -0.497609 0.000000
-0.026736 -0.003009 0.223000 0.421399 -0.827264 -0.371559 0.000000
-0.021685 -0.003036 0.225000 0.223345 -0.763213 -0.606320 0.000000
-0.015677 -0.003104 0.230000 -0.540842 0.751792 0.377225 0.000000
-0.085321 -0.002496 0.224000 0.730846 -0.312743 -0.606676 0.000000
-0.081302 -0.002552 0.229000 0.819872 -0.071104 -0.568115 0.000000
-0.033551 -0.002374 0.213000 -0.563043 0.757471 0.330485 0.000000
-0.026894 -0.002452 0.220000 0.268651 -0.846779 -0.459121 0.000000
-0.021819 -0.002463 0.221000 -0.583885 0.804363 -0.109902 0.000000
-0.084268 -0.001969 0.224000 0.719534 -0.342924 -0.603883 0.000000
-0.080764 -0.002013 0.229000 0.863174 -0.131599 -0.487455 0.000000
-0.026771 -0.001925 0.219000 -0.090883 -0.749358 -0.655899 0.000000
-0.016007 -0.001996 0.227000 -0.460989 0.607014 0.647320 0.000000
-0.083214 -0.001443 0.224000 0.734397 -0.365783 -0.571719 0.000000
-0.080035 -0.001481 0.230000 0.842030 -0.083745 -0.532890 0.000000
-0.031145 -0.001333 0.207000 -0.890020 -0.275216 0.363483 0.000000
-0.027037 -0.001398 0.217000 0.024126 -0.714638 -0.699079 0.000000
-0.021935 -0.001398 0.217000 0.195560 -0.753198 0.628052 0.000000
-0.084940 -0.000912 0.223000 0.730846 -0.312743 -0.606676 0.000000
-0.080769 -0.000924 0.226000 0.784507 -0.306272 -0.539208 0.000000
-0.070669 -0.000953 0.233000 -0.491487 -0.169084 -0.854313 0.000000
-0.031326 -0.000838 0.205000 -0.842022 -0.370035 0.392522 0.000000
-0.027799 -0.000879 0.215000 0.234182 -0.857408 -0.458269 0.000000
-0.022849 -0.000883 0.216000 0.173673 -0.927317 0.331543 0.000000
-0.014807 -0.000920 0.225000 -0.820518 0.225319 0.525340 0.000000
-0.081469 -0.000391 0.225000 0.802754 -0.316337 -0.505487 0.000000
-0.079226 -0.000407 0.234000 0.537626 0.123172 -0.834138 0.000000
-0.072073 -0.000407 0.234000 -0.361588 -0.035736 -0.931653 0.000000
-0.045103 -0.000379 0.218000 0.044917 -0.407988 -0.911882 0.000000
-0.030694 -0.000355 0.204000 -0.713402 -0.491885 0.499106 0.000000
-0.026282 -0.000374 0.215000 -0.054426 -0.971088 -0.232433 0.000000
-0.021227 -0.000374 0.215000 0.195560 -0.753198 0.628052 0.000000
-0.084559 0.000136 0.222000 0.754298 -0.370962 -0.541684 0.000000
-0.080769 0.000139 0.226000 0.818037 -0.350981 -0.455661 0.000000
-0.077792 0.000143 0.233000 0.360268 0.177848 -0.915738 0.000000
-0.071457 0.000142 0.232000 -0.461533 -0.298045 -0.835558 0.000000
-0.063726 0.000137 0.224000 0.456818 0.417587 0.785454 0.000000
-0.032914 0.000123 0.200000 -0.511582 -0.533260 0.673734 0.000000
-0.028907 0.000130 0.212000 -0.816208 0.281709 0.504426 0.000000
-0.024260 0.000132 0.215000 -0.016000 -0.809790 -0.586502 0.000000
-0.019115 0.000131 0.214000 0.113540 -0.746792 0.655295 0.000000
-0.082687 0.000664 0.224000 0.794812 -0.354501 -0.492548 0.000000
-0.079494 0.000682 0.230000 0.885640 -0.343094 -0.312936 0.000000
-0.074408 0.000685 0.231000 -0.107144 -0.280457 -0.953868 0.000000
-0.067782 0.000673 0.227000 0.553011 0.537643 0.636489 0.000000
-0.061344 0.000661 0.223000 -0.373869 -0.462394 -0.803998 0.000000
-0.045616 0.000646 0.218000 0.022487 -0.473120 -0.880711 0.000000
-0.031818 0.000599 0.202000 -0.668769 -0.462814 0.581852 0.000000
-0.027799 0.000637 0.215000 -0.079305 -0.916204 0.392786 0.000000
-0.022744 0.000637 0.215000 0.034701 -0.788089 0.614582 0.000000
-0.017688 0.000637 0.215000 0.095617 -0.784814 0.612310 0.000000
-0.081634 0.001191 0.224000 0.818037 -0.350981 -0.455661 0.000000
-0.079094 0.001233 0.232000 0.196778 0.346995 -0.916991 0.000000
-0.072687 0.001217 0.229000 -0.405506 -0.481748 -0.776842 0.000000
-0.065833 0.001191 0.224000 0.463481 0.468161 0.752337 0.000000
-0.060025 0.001180 0.222000 -0.329581 -0.510127 -0.794447 0.000000
-0.047666 0.001159 0.218000 -0.139482 -0.559731 -0.816851 0.000000
-0.032914 0.001063 0.200000 -0.533829 -0.506033 0.677464 0.000000
-0.029622 0.001116 0.210000 -0.912365 -0.116146 0.392557 0.000000
-0.025389 0.001148 0.216000 -0.088999 -0.761897 0.641554 0.000000
-0.020216 0.001143 0.215000 0.113540 -0.746792 0.655295 0.000000
-0.081634 0.001718 0.224000 0.737239 -0.517910 -0.433875 0.000000
-0.079094 0.001779 0.232000 0.166647 -0.586987 0.792260 0.000000
-0.072052 0.001741 0.227000 0.637363 0.344966 0.689033 0.000000
-0.065539 0.001710 0.223000 -0.462134 -0.508921 -0.726245 0.000000
-0.059754 0.001695 0.221000 -0.320022 -0.547774 -0.773001 0.000000
-0.051254 0.001672 0.218000 -0.219378 -0.615354 -0.757108 0.000000
-0.035265 0.001534 0.200000 -0.326661 -0.586356 0.741269 0.000000
-0.031174 0.001564 0.204000 -0.712318 -0.422945 0.560107 0.000000
-0.027799 0.001649 0.215000 -0.079305 -0.916204 0.392786 0.000000
-0.022849 0.001656 0.216000 0.098111 -0.703754 0.703637 0.000000
-0.017688 0.001649 0.215000 0.098085 -0.742682 0.662422 0.000000
-0.079840 0.002314 0.231000 0.869176 -0.430137 -0.243956 0.000000
-0.073120 0.002274 0.227000 0.539317 0.268142 0.798271 0.000000
-0.066587 0.002234 0.223000 -0.467345 -0.530976 -0.706862 0.000000
-0.060794 0.002214 0.221000 -0.352005 -0.585227 -0.730480 0.000000
-0.055094 0.002194 0.219000 -0.310806 -0.569312 -0.761107 0.000000
-0.040288 0.002044 0.204000 0.308308 -0.428625 0.849251 0.000000
-0.034024 0.002014 0.201000 -0.452459 -0.490753 0.744609 0.000000
-0.030318 0.002084 0.208000 -0.886700 -0.242531 0.393626 0.000000
-0.026527 0.002174 0.217000 -0.271444 -0.701598 0.658847 0.000000
-0.021326 0.002164 0.216000 0.064132 -0.767522 0.637806 0.000000
-0.080383 0.002858 0.231000 0.779509 -0.624848 -0.043929 0.000000
-0.073653 0.002808 0.227000 0.566522 -0.314207 0.761792 0.000000
-0.067112 0.002759 0.223000 0.530236 0.433612 0.728582 0.000000
-0.061036 0.002721 0.220000 -0.322535 -0.593519 -0.737364 0.000000
-0.055355 0.002697 0.218000 -0.253125 -0.768171 -0.588083 0.000000
-0.049768 0.002672 0.216000 -0.221656 -0.784606 -0.579018 0.000000
-0.030318 0.002573 0.208000 -0.835596 -0.332434 0.437341 0.000000
-0.026649 0.002697 0.218000 -0.271854 -0.648096 0.711383 0.000000
-0.021424 0.002684 0.217000 0.087323 -0.769598 0.632529 0.000000
-0.080531 0.003430 0.233000 0.620348 -0.567352 0.541553 0.000000
-0.073120 0.003342 0.227000 0.625917 0.061639 0.777450 0.000000
-0.066289 0.003268 0.222000 0.482916 0.482940 0.730453 0.000000
-0.059968 0.003209 0.218000 -0.392344 -0.674875 -0.624988 0.000000
-0.054339 0.003180 0.216000 -0.263202 -0.778023 -0.570442 0.000000
-0.048804 0.003150 0.214000 -0.212947 -0.822556 -0.527310 0.000000
-0.031479 0.003033 0.206000 -0.729126 -0.401742 0.554057 0.000000
-0.028058 0.003195 0.217000 -0.518742 -0.664181 0.538303 0.000000
-0.023167 0.003224 0.219000 -0.049351 -0.766648 0.640168 0.000000
-0.017853 0.003195 0.217000 0.205372 -0.733851 0.647522 0.000000
-0.077458 0.003961 0.232000 0.479159 -0.476249 0.737288 0.000000
-0.069520 0.003824 0.224000 0.632675 0.207624 0.746066 0.000000
-0.062818 0.003739 0.219000 0.475754 0.502065 0.722211 0.000000
-0.056615 0.003671 0.215000 -0.370442 -0.713654 -0.594535 0.000000
-0.051560 0.003671 0.215000 -0.248764 -0.776176 -0.579369 0.000000
-0.044715 0.003568 0.209000 0.487564 0.191011 0.851937 0.000000
-0.037043 0.003449 0.202000 -0.157990 -0.638248 0.753444 0.000000
-0.031964 0.003517 0.206000 -0.683062 -0.342382 0.645136 0.000000
-0.028568 0.003705 0.217000 -0.661534 -0.566497 0.491380 0.000000
-0.023790 0.003756 0.220000 -0.124029 -0.740855 0.660114 0.000000
-0.018448 0.003722 0.218000 0.257108 -0.714212 0.650997 0.000000
-0.076912 0.004506 0.232000 0.497550 -0.431414 0.752546 0.000000
-0.068993 0.004351 0.224000 0.658017 0.138231 0.740206 0.000000
-0.062019 0.004235 0.218000 0.518611 0.443139 0.731212 0.000000
-0.055588 0.004137 0.213000 -0.460005 -0.636376 -0.619210 0.000000
-0.050579 0.004137 0.213000 -0.283156 -0.746479 -0.602156 0.000000
-0.044224 0.004060 0.209000 0.494094 0.155294 0.855427 0.000000
-0.037993 0.003924 0.202000 0.014622 -0.582457 0.812730 0.000000
-0.033901 0.004001 0.206000 -0.515217 -0.384967 0.765736 0.000000
-0.029763 0.004099 0.211000 -0.919703 -0.141685 0.366158 0.000000
-0.025977 0.004293 0.221000 -0.330359 -0.638136 0.695446 0.000000
-0.020686 0.004273 0.220000 0.184452 -0.716964 0.672264 0.000000
-0.079564 0.005117 0.235000 0.435511 -0.418748 0.796857 0.000000
-0.071203 0.004921 0.226000 0.716355 -0.165107 0.677920 0.000000
-0.063848 0.004769 0.219000 0.512769 0.339972 0.788345 0.000000
-0.057090 0.004638 0.213000 0.527132 0.455188 0.717590 0.000000
-0.051593 0.004595 0.211000 -0.279946 -0.658984 -0.698119 0.000000
-0.042827 0.004508 0.207000 0.434845 -0.196884 0.878719 0.000000
-0.037226 0.004421 0.203000 -0.020986 -0.561697 0.827077 0.000000
-0.032932 0.004486 0.206000 -0.522963 -0.371059 0.767349 0.000000
-0.029179 0.004660 0.214000 -0.834223 -0.473411 0.282761 0.000000
-0.025050 0.004834 0.222000 -0.266692 -0.641167 0.719570 0.000000
-0.019651 0.004791 0.220000 0.175494 -0.731396 0.658985 0.000000
-0.076367 0.005598 0.232000 0.519354 -0.439803 0.732697 0.000000
-0.068466 0.005405 0.224000 0.667696 0.062530 0.741803 0.000000
-0.061224 0.005236 0.217000 0.659861 0.306581 0.685997 0.000000
-0.054828 0.005115 0.212000 0.502668 0.550049 0.666911 0.000000
-0.046681 0.005043 0.209000 0.429627 0.307793 0.848931 0.000000
-0.040967 0.004946 0.205000 0.396506 -0.343197 0.851468 0.000000
-0.036147 0.004946 0.205000 -0.174184 -0.240635 0.954859 0.000000
-0.031479 0.004970 0.206000 -0.713044 -0.346959 0.609252 0.000000
-0.028316 0.005284 0.219000 -0.681633 -0.461972 0.567414 0.000000
-0.023484 0.005356 0.222000 -0.158935 -0.618159 0.769818 0.000000
-0.017662 0.005332 0.221000 0.100344 -0.757964 0.644532 0.000000
-0.073225 0.006064 0.229000 0.606070 -0.408308 0.682615 0.000000
-0.065471 0.005852 0.221000 0.607440 0.276420 0.744720 0.000000
-0.058365 0.005666 0.214000 0.596712 0.200776 0.776932 0.000000
-0.052336 0.005561 0.210000 0.381745 0.346484 0.856866 0.000000
-0.046681 0.005534 0.209000 0.429627 0.307793 0.848931 0.000000
-0.040967 0.005428 0.205000 0.367703 -0.343205 0.864295 0.000000
-0.036147 0.005428 0.205000 -0.177599 -0.291611 0.939905 0.000000
-0.031479 0.005455 0.206000 -0.708735 -0.338123 0.619167 0.000000
-0.028055 0.005852 0.221000 -0.563103 -0.429726 0.705869 0.000000
-0.023066 0.005905 0.223000 -0.101233 -0.564208 0.819403 0.000000
-0.092203 0.007294 0.253000 0.736376 -0.402022 0.544177 0.000000
-0.072148 0.006602 0.229000 0.728431 -0.287154 0.622038 0.000000
-0.063848 0.006314 0.219000 0.549357 0.188566 0.814033 0.000000
-0.057090 0.006141 0.213000 0.614702 0.192730 0.764851 0.000000
-0.051104 0.006025 0.209000 0.407995 0.301518 0.861758 0.000000
-0.045969 0.005997 0.208000 0.426987 0.323187 0.844531 0.000000
-0.040485 0.005910 0.205000 0.381448 -0.368243 0.847876 0.000000
-0.035665 0.005910 0.205000 -0.239237 -0.295458 0.924916 0.000000
-0.031145 0.005968 0.207000 -0.683962 -0.259850 0.681670 0.000000
-0.027536 0.006371 0.221000 -0.563103 -0.429726 0.705869 0.000000
-0.022541 0.006429 0.223000 -0.092345 -0.548554 0.831000 0.000000
-0.016249 0.006429 0.223000 -0.171002 -0.603960 0.778454 0.000000
-0.072463 0.007172 0.230000 0.728431 -0.287154 0.622038 0.000000
-0.063848 0.006829 0.219000 0.639879 -0.046338 0.767078 0.000000
-0.057090 0.006642 0.213000 0.613021 0.196673 0.765196 0.000000
-0.051104 0.006517 0.209000 0.407995 0.301518 0.861758 0.000000
-0.045969 0.006486 0.208000 0.373301 0.005354 0.927695 0.000000
-0.040485 0.006392 0.205000 0.328660 -0.431313 0.840210 0.000000
-0.035665 0.006392 0.205000 -0.238541 -0.385322 0.891417 0.000000
-0.031145 0.006455 0.207000 -0.683962 -0.259850 0.681670 0.000000
-0.028055 0.006891 0.221000 -0.610668 -0.317260 0.725555 0.000000
-0.023066 0.006953 0.223000 -0.110803 -0.554484 0.824785 0.000000
-0.011943 0.007203 0.231000 -0.647106 -0.475804 0.595705 0.000000
-0.075052 0.007813 0.233000 0.552543 -0.420588 0.719584 0.000000
-0.065471 0.007411 0.221000 0.667019 -0.126777 0.734175 0.000000
-0.058365 0.007176 0.214000 0.610787 -0.141305 0.779084 0.000000
-0.052087 0.007008 0.209000 0.381745 0.346484 0.856866 0.000000
-0.046947 0.006975 0.208000 0.416664 0.129108 0.899846 0.000000
-0.041651 0.006908 0.206000 0.364241 -0.321661 0.873993 0.000000
-0.036629 0.006874 0.205000 -0.043291 -0.454258 0.889817 0.000000
-0.031964 0.006908 0.206000 -0.611150 -0.289446 0.736693 0.000000
-0.028963 0.007377 0.220000 -0.728153 -0.332634 0.599289 0.000000
-0.024114 0.007478 0.223000 -0.222007 -0.537444 0.813552 0.000000
-0.015268 0.007511 0.224000 -0.350963 -0.592285 0.725274 0.000000
-0.009210 0.008216 0.245000 0.155213 -0.964575 -0.213318 0.000000
-0.072002 0.008325 0.232000 0.716060 -0.268760 0.644225 0.000000
-0.062531 0.007823 0.218000 0.704031 -0.161548 0.691551 0.000000
-0.055825 0.007607 0.212000 0.603078 0.246717 0.758570 0.000000
-0.050121 0.007500 0.209000 0.414306 0.333991 0.846641 0.000000
-0.044990 0.007464 0.208000 0.350851 -0.168626 0.921124 0.000000
-0.039521 0.007356 0.205000 0.185498 -0.470801 0.862518 0.000000
-0.034701 0.007356 0.205000 -0.268810 -0.362417 0.892410 0.000000
-0.030755 0.007572 0.211000 -0.895674 -0.320065 0.308751 0.000000
-0.027138 0.007966 0.222000 -0.606177 -0.246286 0.756236 0.000000
-0.022116 0.008038 0.224000 -0.022448 -0.590539 0.806697 0.000000
-0.013810 0.008110 0.226000 -0.435357 -0.574720 0.692936 0.000000
-0.076249 0.008985 0.235000 0.570166 -0.371735 0.732614 0.000000
-0.068015 0.008641 0.226000 0.732979 -0.291173 0.614785 0.000000
-0.059926 0.008259 0.216000 0.622232 -0.275047 0.732923 0.000000
-0.053578 0.008068 0.211000 0.540958 0.014785 0.840920 0.000000
-0.048155 0.007991 0.209000 0.385834 0.281977 0.878419 0.000000
-0.042620 0.007877 0.206000 0.368745 -0.263538 0.891389 0.000000
-0.037593 0.007838 0.205000 0.075916 -0.519404 0.851150 0.000000
-0.032932 0.007877 0.206000 -0.376559 -0.359540 0.853776 0.000000
-0.028182 0.008488 0.222000 -0.606938 -0.132286 0.783662 0.000000
-0.023169 0.008565 0.224000 -0.125989 -0.596061 0.792993 0.000000
-0.015795 0.008565 0.224000 -0.166342 -0.767867 0.618636 0.000000
-0.010810 0.008794 0.230000 -0.528105 -0.678380 0.510789 0.000000
-0.074909 0.009579 0.236000 0.570166 -0.371735 0.732614 0.000000
-0.064951 0.008970 0.221000 0.669377 -0.274022 0.690541 0.000000
-0.058132 0.008726 0.215000 0.556290 -0.390201 0.733678 0.000000
-0.051842 0.008523 0.210000 0.481466 -0.097776 0.870994 0.000000
-0.046681 0.008483 0.209000 0.357778 -0.004008 0.933798 0.000000
-0.038557 0.008320 0.205000 0.072097 -0.495063 0.865861 0.000000
-0.033737 0.008320 0.205000 -0.266219 -0.380133 0.885791 0.000000
-0.029095 0.008970 0.221000 -0.700528 -0.115167 0.704271 0.000000
-0.024222 0.009092 0.224000 -0.402611 -0.432061 0.806987 0.000000
-0.017742 0.009010 0.222000 -0.051040 -0.707256 0.705113 0.000000
-0.012860 0.009254 0.228000 -0.478778 -0.678630 0.556986 0.000000
-0.006433 0.010106 0.249000 0.126575 -0.937386 -0.324478 0.000000
-0.075464 0.010133 0.236000 0.570166 -0.371735 0.732614 0.000000
-0.064951 0.009489 0.221000 0.659195 -0.311963 0.684209 0.000000
-0.058402 0.009275 0.216000 0.521632 -0.525509 0.672117 0.000000
-0.052089 0.009060 0.211000 0.468350 -0.116523 0.875826 0.000000
-0.046681 0.008974 0.209000 0.273256 -0.195126 0.941943 0.000000
-0.038745 0.008845 0.206000 0.078642 -0.484702 0.871137 0.000000
-0.033901 0.008845 0.206000 -0.227218 -0.377089 0.897873 0.000000
-0.029480 0.009446 0.220000 -0.789058 -0.107012 0.604927 0.000000
-0.024749 0.009618 0.224000 -0.490716 -0.309941 0.814331 0.000000
-0.019395 0.009575 0.223000 -0.051050 -0.628291 0.776302 0.000000
-0.014342 0.009704 0.226000 -0.397359 -0.617627 0.678707 0.000000
-0.009347 0.010048 0.234000 -0.493378 -0.690810 0.528545 0.000000
-0.078342 0.010779 0.238000 0.566745 -0.369532 0.736374 0.000000
-0.071217 0.010553 0.233000 0.717148 -0.217462 0.662124 0.000000
-0.060204 0.009828 0.217000 0.556010 -0.479885 0.678649 0.000000
-0.054085 0.009647 0.213000 0.582503 -0.346203 0.735414 0.000000
-0.048155 0.009466 0.209000 0.347623 -0.200116 0.916031 0.000000
-0.039714 0.009330 0.206000 0.178047 -0.454341 0.872854 0.000000
-0.034870 0.009330 0.206000 -0.151929 -0.465703 0.871802 0.000000
-0.031338 0.009737 0.215000 -0.880679 -0.318491 0.350667 0.000000
-0.027138 0.010054 0.222000 -0.655057 -0.162154 0.737974 0.000000
-0.022313 0.010236 0.226000 -0.079427 -0.324740 0.942462 0.000000
-0.016698 0.010054 0.222000 -0.102977 -0.637880 0.763220 0.000000
-0.011788 0.010326 0.228000 -0.483259 -0.694634 0.532864 0.000000
-0.005824 0.011232 0.248000 0.126575 -0.937386 -0.324478 0.000000
-0.077128 0.011243 0.236000 0.570166 -0.371735 0.732614 0.000000
-0.070063 0.011005 0.231000 0.732849 -0.211782 0.646592 0.000000
-0.059968 0.010386 0.218000 0.481829 -0.594384 0.643854 0.000000
-0.053836 0.010195 0.214000 0.446285 -0.567318 0.692084 0.000000
-0.047664 0.009957 0.209000 0.293216 -0.226571 0.928811 0.000000
-0.039420 0.009862 0.207000 0.081002 -0.531362 0.843263 0.000000
-0.034386 0.009814 0.206000 -0.149495 -0.481509 0.863597 0.000000
-0.030750 0.010386 0.218000 -0.836625 -0.134514 0.531003 0.000000
-0.026094 0.010576 0.222000 -0.657189 -0.161788 0.736158 0.000000
-0.020719 0.010767 0.226000 -0.102642 -0.446606 0.888824 0.000000
-0.015336 0.010719 0.225000 -0.513066 -0.431822 0.741818 0.000000
-0.010269 0.010957 0.230000 -0.519567 -0.689908 0.504061 0.000000
-0.005220 0.011767 0.247000 0.126575 -0.937386 -0.324478 0.000000
-0.076573 0.011798 0.236000 0.611536 -0.337109 0.715808 0.000000
-0.066359 0.011198 0.224000 0.595376 -0.470787 0.651066 0.000000
-0.059729 0.010948 0.219000 0.401240 -0.678497 0.615343 0.000000
-0.053831 0.010798 0.216000 0.372691 -0.621730 0.688878 0.000000
-0.045698 0.010448 0.209000 0.243518 -0.345369 0.906322 0.000000
-0.037960 0.010348 0.207000 0.043023 -0.582952 0.811366 0.000000
-0.033092 0.010348 0.207000 -0.355564 -0.549807 0.755835 0.000000
-0.029861 0.010948 0.219000 -0.780786 0.003762 0.624787 0.000000
-0.025276 0.011198 0.224000 -0.518577 -0.169713 0.838019 0.000000
-0.019569 0.011248 0.225000 -0.091432 -0.264200 0.960124 0.000000
-0.014405 0.011348 0.227000 -0.535544 -0.600681 0.593611 0.000000
-0.009307 0.011648 0.233000 -0.490663 -0.701507 0.516854 0.000000
-0.004042 0.012298 0.246000 0.126575 -0.937386 -0.324478 0.000000
0.002852 0.012098 0.242000 0.154194 -0.964373 -0.214961 0.000000
-0.073724 0.012249 0.234000 0.688993 -0.236618 0.685055 0.000000
-0.063392 0.011568 0.221000 0.452788 -0.597416 0.661874 0.000000
-0.057669 0.011463 0.219000 0.363002 -0.748760 0.554606 0.000000
-0.052279 0.011411 0.218000 0.384305 -0.627207 0.677437 0.000000
-0.037654 0.010888 0.208000 -0.034545 -0.659173 0.751197 0.000000
-0.032763 0.010888 0.208000 -0.378309 -0.609917 0.696336 0.000000
-0.028963 0.011516 0.220000 -0.734905 0.016153 0.677977 0.000000
-0.023583 0.011934 0.228000 -0.732193 0.019768 0.680811 0.000000
-0.011351 0.012039 0.230000 -0.517875 -0.688499 0.507715 0.000000
-0.005178 0.012824 0.245000 0.126575 -0.937386 -0.324478 0.000000
0.000578 0.012720 0.243000 0.154194 -0.964373 -0.214961 0.000000
-0.076573 0.012908 0.236000 0.625869 -0.328535 0.707357 0.000000
-0.068617 0.012471 0.228000 0.629049 -0.423132 0.652117 0.000000
-0.060794 0.012088 0.221000 0.353191 -0.713263 0.605402 0.000000
-0.055346 0.012033 0.220000 0.118050 -0.868980 0.480559 0.000000
-0.039121 0.011377 0.208000 0.058016 -0.635615 0.769823 0.000000
-0.034230 0.011377 0.208000 -0.280898 -0.637861 0.717098 0.000000
-0.029725 0.011924 0.218000 -0.762809 0.013079 0.646491 0.000000
-0.024547 0.012416 0.227000 -0.652686 -0.003984 0.757618 0.000000
-0.012486 0.012635 0.231000 -0.598629 -0.653670 0.462989 0.000000
-0.004009 0.013346 0.244000 0.126575 -0.937386 -0.324478 0.000000
0.001714 0.013236 0.242000 0.154194 -0.964373 -0.214961 0.000000
-0.075696 0.013406 0.235000 0.664858 -0.277327 0.693580 0.000000
-0.066656 0.012836 0.225000 0.481980 -0.553108 0.679534 0.000000
-0.060547 0.012664 0.222000 0.202380 -0.786023 0.584133 0.000000
-0.055327 0.012664 0.222000 -0.012946 -0.908647 0.417365 0.000000
-0.038143 0.011866 0.208000 0.028008 -0.655005 0.755105 0.000000
-0.033412 0.011923 0.209000 -0.441179 -0.683166 0.581932 0.000000
-0.027801 0.012493 0.219000 -0.707293 0.140257 0.692866 0.000000
-0.014723 0.013235 0.232000 -0.547121 -0.670985 0.500437 0.000000
-0.006793 0.013748 0.241000 0.126148 -0.929232 -0.347296 0.000000
-0.001136 0.013862 0.243000 0.154194 -0.964373 -0.214961 0.000000
0.004559 0.013805 0.242000 0.154194 -0.964373 -0.214961 0.000000
-0.071457 0.013780 0.232000 0.708084 -0.138185 0.692476 0.000000
-0.062393 0.013246 0.223000 0.156076 -0.770733 0.617747 0.000000
-0.057405 0.013305 0.224000 -0.109007 -0.892570 0.437534 0.000000
-0.053535 0.013662 0.230000 -0.121066 -0.893297 0.432856 0.000000
-0.036187 0.012355 0.208000 -0.044895 -0.608134 0.792564 0.000000
-0.017996 0.013780 0.232000 -0.433009 -0.687291 0.583211 0.000000
-0.011045 0.013959 0.235000 -0.442513 -0.706407 0.552423 0.000000
-0.003993 0.014434 0.243000 0.119035 -0.932860 -0.340005 0.000000
-0.072548 0.014326 0.232000 0.723029 -0.126568 0.679124 0.000000
-0.063726 0.013832 0.224000 0.215340 -0.761106 0.611839 0.000000
-0.058720 0.013894 0.225000 -0.079153 -0.885280 0.458273 0.000000
-0.054379 0.014141 0.229000 -0.121066 -0.893297 0.432856 0.000000
-0.037835 0.012906 0.209000 0.036310 -0.599910 0.799243 0.000000
-0.033236 0.013029 0.211000 -0.615084 -0.564507 0.550458 0.000000
-0.017123 0.014511 0.235000 -0.527165 -0.669772 0.522975 0.000000
-0.005683 0.014943 0.242000 0.119035 -0.932860 -0.340005 0.000000
0.002264 0.014820 0.240000 0.154194 -0.964373 -0.214961 0.000000
-0.076249 0.015064 0.235000 0.688993 -0.236618 0.685055 0.000000
-0.066952 0.014487 0.226000 0.459566 -0.634397 0.621562 0.000000
-0.061638 0.014487 0.226000 0.006505 -0.839869 0.542750 0.000000
-0.056822 0.014615 0.228000 -0.099224 -0.886690 0.451591 0.000000
-0.040979 0.013461 0.210000 0.301644 -0.626766 0.718454 0.000000
-0.036041 0.013461 0.210000 -0.167688 -0.678183 0.715506 0.000000
-0.029212 0.013974 0.218000 -0.614252 0.135903 0.777319 0.000000
-0.016018 0.015064 0.235000 -0.485698 -0.695335 0.529724 0.000000
-0.010626 0.015256 0.238000 -0.567361 -0.630466 0.529730 0.000000
-0.003976 0.015512 0.242000 0.119035 -0.932860 -0.340005 0.000000
0.001700 0.015384 0.240000 0.154194 -0.964373 -0.214961 0.000000
-0.076249 0.015616 0.235000 0.688993 -0.236618 0.685055 0.000000
-0.067782 0.015085 0.227000 0.499111 -0.573227 0.649845 0.000000
-0.061638 0.015018 0.226000 0.006505 -0.839869 0.542750 0.000000
-0.057071 0.015218 0.229000 -0.112052 -0.882105 0.457531 0.000000
-0.042166 0.014021 0.211000 0.330299 -0.648605 0.685721 0.000000
-0.037028 0.013955 0.210000 -0.135265 -0.685730 0.715177 0.000000
-0.032549 0.014154 0.213000 -0.660581 -0.493673 0.565614 0.000000
-0.019087 0.015417 0.232000 -0.522284 -0.671858 0.525191 0.000000
-0.013866 0.015683 0.236000 -0.538637 -0.662706 0.520279 0.000000
-0.008458 0.015949 0.240000 0.161383 -0.938088 -0.306507 0.000000
-0.002827 0.016015 0.241000 0.119035 -0.932860 -0.340005 0.000000
0.002817 0.015882 0.239000 0.154194 -0.964373 -0.214961 0.000000
-0.072548 0.015962 0.232000 0.680233 -0.110269 0.724654 0.000000
-0.064295 0.015550 0.226000 0.192263 -0.779099 0.596691 0.000000
-0.059503 0.015687 0.228000 -0.104623 -0.845598 0.523468 0.000000
-0.054854 0.015894 0.231000 -0.102387 -0.890689 0.442933 0.000000
-0.040182 0.014518 0.211000 0.192762 -0.682474 0.705033 0.000000
-0.035387 0.014586 0.212000 -0.181363 -0.766167 0.616519 0.000000
-0.030609 0.014930 0.217000 -0.683350 0.062338 0.727425 0.000000
-0.017450 0.015962 0.232000 -0.457507 -0.742835 0.488757 0.000000
-0.012253 0.016307 0.237000 -0.494228 -0.691220 0.527213 0.000000
-0.006765 0.016513 0.240000 0.126148 -0.929232 -0.347296 0.000000
0.000569 0.016444 0.239000 0.154194 -0.964373 -0.214961 0.000000
-0.074504 0.016579 0.233000 0.717642 -0.160030 0.677777 0.000000
-0.065889 0.016081 0.226000 0.325236 -0.725554 0.606459 0.000000
-0.061111 0.016223 0.228000 -0.071673 -0.846893 0.526911 0.000000
-0.056239 0.016366 0.230000 -0.102387 -0.890689 0.442933 0.000000
-0.044988 0.015298 0.215000 0.388042 -0.708795 0.589096 0.000000
-0.038197 0.015014 0.211000 -0.176812 -0.707803 0.683924 0.000000
-0.033866 0.015298 0.215000 -0.584516 -0.528585 0.615580 0.000000
-0.029346 0.015583 0.219000 -0.633603 0.115092 0.765049 0.000000
-0.019830 0.016223 0.228000 -0.819654 -0.112297 0.561745 0.000000
-0.014849 0.016650 0.234000 -0.588068 -0.656561 0.472339 0.000000
-0.069759 0.016907 0.230000 0.594673 -0.289694 0.749961 0.000000
-0.063255 0.016760 0.228000 0.059684 -0.885664 0.460475 0.000000
-0.058148 0.016833 0.229000 -0.104839 -0.876736 0.469407 0.000000
-0.053224 0.016980 0.231000 0.118068 -0.938068 0.325713 0.000000
-0.041063 0.015657 0.213000 0.135026 -0.815508 0.562774 0.000000
-0.035888 0.015804 0.215000 -0.186985 -0.859877 0.475025 0.000000
-0.031119 0.015951 0.217000 -0.694626 0.123637 0.708666 0.000000
-0.023169 0.016465 0.224000 -0.557316 0.293534 0.776683 0.000000
-0.017375 0.016980 0.231000 -0.542471 -0.715638 0.439986 0.000000
-0.067544 0.017296 0.228000 0.372478 -0.739694 0.560458 0.000000
-0.062456 0.017371 0.229000 -0.062467 -0.852122 0.519601 0.000000
-0.057071 0.017371 0.229000 -0.102387 -0.890689 0.442933 0.000000
-0.045406 0.016461 0.217000 0.332280 -0.770208 0.544399 0.000000
-0.039060 0.016158 0.213000 -0.034214 -0.842755 0.537209 0.000000
-0.034531 0.016385 0.216000 -0.544918 -0.473999 0.691657 0.000000
-0.029861 0.016613 0.219000 -0.635647 0.087642 0.766988 0.000000
-0.020098 0.017068 0.225000 -0.805962 0.052985 0.589591 0.000000
-0.015268 0.017599 0.232000 -0.598290 -0.673898 0.433487 0.000000
-0.043165 0.016893 0.216000 0.125198 -0.865040 0.485830 0.000000
-0.037557 0.016659 0.213000 -0.019672 -0.824950 0.564863 0.000000
-0.033160 0.016971 0.217000 -0.591690 -0.242326 0.768883 0.000000
-0.028446 0.017206 0.220000 0.561631 -0.332189 -0.757773 0.000000
-0.023696 0.017519 0.224000 0.551475 -0.318688 -0.770917 0.000000
-0.018593 0.017675 0.226000 -0.783986 -0.231267 0.576092 0.000000
-0.045103 0.017562 0.218000 0.291231 -0.818839 0.494658 0.000000
-0.039243 0.017240 0.214000 0.000989 -0.906467 0.422274 0.000000
-0.034531 0.017401 0.216000 -0.211697 -0.940908 0.264342 0.000000
-0.029725 0.017562 0.218000 -0.588179 0.226706 0.776305 0.000000
-0.025050 0.017885 0.222000 0.577297 -0.528324 -0.622577 0.000000
-0.020009 0.018046 0.224000 -0.752607 -0.041839 0.657139 0.000000
-0.045825 0.018158 0.219000 0.323829 -0.834243 0.446288 0.000000
-0.039932 0.017826 0.215000 0.024182 -0.915441 0.401725 0.000000
-0.034715 0.017743 0.214000 -0.180748 -0.919183 0.349905 0.000000
-0.030099 0.017992 0.217000 -0.601669 0.309161 0.736487 0.000000
-0.024712 0.018158 0.219000 0.519285 -0.657392 -0.546058 0.000000
-0.019830 0.018407 0.222000 -0.633371 0.230728 0.738651 0.000000
-0.045310 0.018673 0.219000 0.313107 -0.832471 0.457117 0.000000
-0.037880 0.018076 0.212000 0.126256 -0.922326 0.365205 0.000000
-0.030468 0.018417 0.216000 -0.581211 0.290635 0.760082 0.000000
-0.021300 0.018843 0.221000 0.479525 -0.442591 -0.757739 0.000000
-0.043565 0.019100 0.218000 0.207155 -0.866058 0.455007 0.000000
-0.036852 0.018312 0.209000 0.349949 -0.815260 0.461395 0.000000
-0.019651 0.019275 0.220000 0.339680 -0.583982 -0.737281 0.000000
-0.037522 0.018893 0.210000 0.367599 -0.894362 0.254925 0.000000
-0.032429 0.018803 0.209000 0.709627 -0.696931 -0.103522 0.000000
-0.023644 0.019253 0.214000 0.346011 -0.885570 -0.309907 0.000000
-0.034219 0.018925 0.205000 -0.914509 0.004337 -0.404542 0.000000
-0.036147 0.019407 0.205000 0.896421 -0.222984 0.383025 0.000000
-0.023202 0.019881 0.210000 0.340649 -0.900465 -0.270408 0.000000
-0.033243 0.019598 0.202000 0.811064 0.007966 0.584903 0.000000
-0.024938 0.020180 0.208000 0.410778 -0.865363 -0.287068 0.000000
-0.033243 0.020073 0.202000 0.811064 0.007966 0.584903 0.000000
-0.023092 0.020769 0.209000 0.328491 -0.907286 -0.262536 0.000000
-0.029622 0.020345 0.200000 -0.429186 0.523870 0.735772 0.000000
-0.032133 0.020919 0.201000 0.344067 -0.650763 -0.676849 0.000000
-0.033243 0.021498 0.202000 0.869847 -0.411761 0.271698 0.000000
-0.031033 0.021756 0.200000 0.409028 -0.588818 -0.697130 0.000000
